Gene	D1_P_M	D2_P_M	D3_P_M	D4_P_M	D5_P_M	D6_P_M	D7_P_M	D8_P_M	D9_P_M	D10_P_M	D12_M_MPP	D13_M_MPP	D20_M_MPP	D47_M_MPP	D61_M_MPP
a103_gac-miR-ENSGACG00000022167-5p	323.417983459767	226.475359732989	131.387830255251	132.744631821859	19.0755846286436	97.8947575957805	261.944467549325	178.838636326354	162.004433543782	153.931009857236	0	23.6995032614913	64.9912477297443	70.5546323439373	160.940232850807
a109_gac-miR-ENSGACG00000022167-3p	118.152699839791	77.4133956905491	39.649581911348	14.0656563519851	39.0182412858618	43.0736933421434	31.888891701657	37.384347706639	72.8109813679919	40.4562269496581	0	3.94991721024856	6.84118397155203	0	166.131853265349
a10_gac-miR-99a-5p	22525.1113186097	40718.6225864662	12399.4349392959	17684.9255520553	14624.9039059696	38119.4354497362	13614.2789786288	13087.5528606512	18122.6532624932	15777.9285103667	10492.1483357009	12030.131183347	12893.0663423862	18278.5886013438	8537.61977171459
a57_gac-miR-99a-3p	12.0155287972669	33.7654172692821	0	7.03282817599255	0	0	0	0	5.46082360259939	6.90716069872212	0	3.94991721024856	0	0	0
a165_gac-miR-92a-3p	400055.028716868	523801.271004847	607399.719727766	556319.565412583	744076.127177328	356979.107258469	348974.947448094	440717.002399136	500408.031647798	1835796.02461603	1436051.78477444	1071908.12461167	974090.5312694	465836.960050846	904691.773438118
a44_gac-miR-92a-2-5p	306.395984330306	205.886690666354	524.77387823843	247.907193203737	275.728905086757	238.080050472938	547.805603874893	465.788764669205	283.962827335168	576.25454972196	1125.39881895487	58.5904386186869	192.408299199901	247.64675952722	406.244297437925
a181_gac-miR-9-5p	79.1022312486737	118.59073382382	86.2961488658751	102.855112073891	152.604677029149	64.218960982832	129.833344785318	122.256920878468	98.294824846789	111.501308422229	0	79.6566637400125	137.678827427485	27.5163066141355	166.131853265349
a46_gac-miR-9-1/3/5/6-3p	10.0129406643891	15.6473884906429	43.5367958242253	29.0104162259693	35.549953171563	12.5305289722599	43.2777815951059	133.371186412874	27.304118012997	24.6684310668647	0	3.94991721024856	28.2198838826521	23.9885749969387	0
a167_gac-miR-8159-5p	1712.21285361053	765.074942516172	1748.46881801219	173.183393833817	0	316.395856549563	60.3611164352793	211.171045153718	382.257652181957	77.9522421712925	0	11.1914320957042	63.2809517368563	9.17210220471184	259.581020727108
a125_gac-miR-737-5p	1102.42476714924	1199.08408644085	3150.97559777831	2281.27363958758	2791.97193201056	1991.57094852856	2444.05577113414	3795.01648611179	1772.9473963106	2584.26483856475	5759.75439102132	1472.66079988767	4249.23039433025	2032.67895782883	462.054216894253
a97_gac-miR-734-5p	0	0	0	0	0	0	18.2222238295183	34.3531843790737	0	0	0	0	0.855147996444004	0	0
a177_gac-miR-730-5p	74.0957609164791	127.64974821314	81.6314921704224	120.437182513872	91.909635028919	139.402134816391	71.7500063287282	35.3635721549288	63.7096086969929	53.2838111044278	0	65.1736339691012	116.300127516384	291.390631580461	302.411889147081
a168_gac-miR-727b-5p	3.00388219931672	14.0002949653121	0.777442782575452	9.67013874198975	0	10.1810547899612	84.277785211522	39.4051232583492	49.1474124233945	4.93368621337294	77.6137116520603	0	0	0	0
a124_gac-miR-727b-3p	60.0776439863344	21.4122158293008	60.6405370408852	66.8118676719292	0	82.2315963804556	164.000014465664	99.0180020338007	85.5529031073905	61.1777090458245	0	25.0161423315742	22.2338479075441	31.7495845547718	0
a232_gac-miR-725-3p	4406.69518639763	530.364115156528	1928.05810078712	127.470010689865	974.588960117972	8321.05439564134	269.916690474739	1465.06227498991	327.649416155963	821.952123147932	386.026092164195	4213.24502426513	1384.48460624284	399.339219066685	0
a223_gac-miR-724-5p	246.318340343971	416.714661908701	258.888446597625	808.775240239143	157.807109200597	964.067572803246	1953.19461672649	3761.67368950857	163.824708077982	281.220114162258	0	104.014486536545	188.132559217681	203.902887473979	658.03788754322
a248_gac-miR-722-3p	1068.38076889031	408.479194282047	410.489789199839	297.136990435685	215.900935115102	260.008476174393	350.777808718227	312.209822739229	282.142552800969	115.448257392927	0	44.765728382817	92.3559836159524	171.447756595768	123.300984845376
a217_gac-miR-7147-5p	6.00776439863344	0	4.66465669545271	0	66.7645462002525	10.1810547899612	0	0	18.202745341998	0	0	40.157491637527	24.7992918968761	35.2773161719686	0
a156_gac-miR-7133-3p	1021.31994776769	284.947179882234	9749.90993627874	1796.0084954441	3804.71206138582	409.591665780746	559.194493768342	872.975038338814	868.270952813303	1258.0899844101	2295.7318920241	1396.95405335791	879.092140344436	294.918363197658	129.790510363554
a99_gac-miR-7132b-5p	481.622445957114	177.062553973065	1751.57858914249	421.090587037554	1340.4933561765	202.837937738457	424.805593025645	430.425192514276	557.004007465138	335.49066250936	0	1658.30690876935	566.10797364593	267.402056583522	423.117063785187
a98_gac-miR-7132a-5p_gac-miR-7132b-5p	177.229049759687	117.767187061155	810.095379443621	233.841536851752	451.744526887423	126.871605844132	243.722243719807	137.412737516295	298.525023608767	132.222790518395	0	661.611132716633	271.937062869193	167.214478655131	314.093035079801
a100_gac-miR-7132a-5p	177.229049759687	50.2363525225904	264.330546075654	87.9103521999069	28.6133769429654	93.9789672919493	76.3055622861078	111.142655344062	140.161139133384	89.7930890833876	0	335.742962871127	125.706755477269	166.508932331692	0
a202_gac-miR-7-5p	159.205756563786	95.5314244691883	283.76661564004	303.290715089679	1900.62188663576	191.090566826964	471.500041588785	547.630174513469	240.276238514373	562.440228324515	0	331.793045660879	457.504178097542	598.303282276588	454.26678627244
a105_gac-miR-551a-3p	344.445158854984	2759.70520169181	1164.60928829803	2200.39611556367	101.447427343241	1094.07181089044	1007.91675557023	3041.26720532388	273.04118012997	251.61799688202	12922.682990068	3363.35450452665	2016.43897561496	9914.33693697006	6280.56279649239
a224_gac-miR-499a-5p	325.420571592645	1185.08379147553	331.968068159718	1027.67201721691	176.015621800666	2356.52260484563	2742.4446863425	6326.03786462884	232.995140377574	490.40840960927	273.690456878318	156.680049339859	1513.61195370589	2490.57852174099	1782.0237072916
a182_gac-miR-489-3p	48.0621151890675	103.766892095842	57.5307659105834	109.887940249884	207.230214829355	556.825381204799	185.638905263217	106.090716464786	192.949100625178	132.222790518395	0	18.4329469811599	18.8132559217681	96.659846311194	0
a75_gac-miR-460-5p	394.509862176929	205.886690666354	130.610387472676	123.953596601869	49.4231056287583	129.22108002643	244.861132709152	93.9660631545251	282.142552800969	0	631.122023697017	48.0573260580241	49.5985837937522	43.0383257298017	0
a47_gac-miR-458-3p	141.182463367886	148.238417279775	198.24790955674	428.123415213546	463.883535287469	42.2905352813772	244.861132709152	131.350410861164	87.3731776415903	149.984060886537	0	365.367341947991	352.320974534929	299.151641138294	201.175291063509
a60_gac-miR-456-3p	428.553860435852	496.598697887246	714.46991718684	631.196328795331	821.984283088823	397.844294869252	692.444505521695	504.183500151699	455.068633549949	862.40835009759	1262.24404739403	457.532076853791	709.772837048523	379.583922010382	791.72211321768
a164_gac-miR-455-5p	792.023606553176	1241.08497133678	559.758803454325	671.635090807288	168.211973543493	751.048580274828	780.138957701251	708.281830874431	648.017734175128	338.450874237384	171.567152072975	457.532076853791	608.865373468131	435.322081562093	559.397099666918
a102_gac-miR-455-3p	1035.33806469783	1802.7438634746	702.030832665633	1277.33741746465	785.567257888685	1375.22555470552	1288.08344694907	838.62185395974	1478.06292177024	420.350065379375	2005.70170637693	721.518210405403	573.804305613926	1148.6294145593	325.774181012521
a155_gac-miR-454b-3p	208.269165819293	235.534374122309	212.241879643098	298.016093957684	696.25883894549	332.059017764887	129.833344785318	245.524229532791	271.22090559577	328.583501810638	0	580.637829906538	931.25616812752	431.794349944896	0
a1_gac-miR-451-5p	89686.9108249993	185832.503448689	89555.966453214	63834.3440429184	260978.275736644	113556.352494984	56556.088321878	74245.3145453851	166735.327058167	324231.0038332	115550.476921149	155681.378605202	114478.662283959	251971.05294358	79974.3166758148
a134_gac-miR-429a-3p	2063.66707093059	182.003834549057	913.495269526156	82.6357310679125	65.8974741716778	747.915948031763	251.694466645221	497.110785720713	211.151845967176	176.625966438751	0	525.338988963058	300.156946751845	20.4608433797418	105.130313394479
a17_gac-miR-425-5p	24166.232293503	16347.4032389085	36849.2330085113	29159.8638247091	28739.9694591373	33830.0787509194	18830.3905498284	24145.2366796095	42006.4754257287	33359.6127003425	26909.4908162077	67309.2225407756	51803.1553285848	12035.2091852288	45487.6801671148
a247_gac-miR-375a-3p	24126.1805308455	3762.78515861829	20593.6818676411	2393.79889040346	2851.79990198221	25911.5675985119	10500.5564817599	20951.4009201315	7253.79401878619	13466.9898880228	13271.9446925023	18912.8619222051	13704.6017910116	2804.54663567151	10754.4416887241
a116_gac-miR-365-2b-5p	177.229049759687	308.830035999531	123.613402429497	152.964012827838	117.054723857586	479.292733188941	479.4722645142	428.404416962566	247.557336651172	202.281134748291	1834.13455430395	40.8158111725684	56.4397677653042	194.730785269267	0
a136_gac-miR-365-2b-3p	4274.52436962769	7308.15397189291	1554.8855651509	3579.70954158021	7437.74386111384	12987.8932797474	2229.9446411373	2986.7062654277	4514.2808448155	5071.82942734738	1403.17420802541	1113.21833375505	1079.19677151233	5068.64478758845	654.144172232313
a205_gac-miR-34a-5p	0	23.0593093546317	4.66465669545271	12.307449307987	0	23.4947418229873	0	0	3.64054906839959	30.5888545229122	0	19.0912665162014	5.13088797866402	25.3996676438174	0
a174_gac-miR-338-3p	269.348103872066	177.062553973065	187.363710600684	186.369946663803	184.686342086413	265.490582599757	223.222241911599	161.662044136817	91.0137267099899	78.9389794139671	0	193.545943302179	243.717178986541	749.995741816053	397.158961712476
a3_gac-miR-338-1b-5p	4.00517626575563	17.2944820159737	0	4.39551760999534	0	35.242112734481	0	0	5.46082360259939	14.8010586401188	0	5.26655628033141	0	22.5774823500599	0
a4_gac-miR-338-1a-5p	19.0245872623392	28.0005899306242	22.5458406946881	29.0104162259693	43.3536014287354	61.8694868005333	19.3611128188632	25.2596943963777	10.9216472051988	25.6551683095393	187.90688084183	7.89983442049711	22.2338479075441	7.7610095578331	171.323473679891
a122_gac-miR-33-5p	8.01035253151126	6.58837410132333	10.1067561734809	18.4611739619804	0	7.04842254689619	0	0	5.46082360259939	52.2970738617532	0	7.24151488545569	16.2478119324361	0	0
a43_gac-miR-31a-5p	2085.69554039224	439.773971263332	1176.27093003666	870.312486779078	1734.14405714942	1475.4697864836	1050.05564817599	2037.95214389975	1567.25637394603	1044.95473999239	1176.46047135755	829.482614152197	1131.36079929542	609.592023451618	284.241217696184
a214_gac-miR-30e-5p	5881.60134626214	3377.36527369087	7784.534581928	3547.18271126624	9899.36135023744	1891.32671675048	3495.25030829947	4484.10094924497	2138.82257768476	3759.46889459018	2191.56612112265	5466.685418984	4229.56199041204	9098.01984075071	5000.82836430774
a95_gac-miR-30e-3p	4535.86212096825	4200.91203635629	7810.96763653556	7599.84994768195	13911.3036264526	5735.0664789912	6321.9727798535	8341.76147745978	5542.73595663838	5737.87706615273	4342.28292032316	7683.24729346848	6297.30984581364	10430.7968457277	13182.8221376262
a212_gac-miR-30c-2-5p	18524.9415231862	15139.2601380783	24362.7244775669	21946.8194267067	81490.8975335653	23978.7335045409	23429.2242888031	21402.0338681629	24227.8540501993	21718.0867112677	14889.5778406189	31106.2563502424	20450.8643349583	26095.3363187286	36498.3894193351
a211_gac-miR-30c-1-5p_gac-miR-30c-2-5p	137.17728710213	193.533489226373	244.117033728692	216.259466411771	808.111130631628	238.863208533704	230.055575847668	158.630880809252	227.534316774975	403.575532253907	191.991813034044	329.818087055754	161.622971327917	348.53988377905	27.2560071763464
a213_gac-miR-30c-1-5p	5551.1743043373	5390.11356164515	7966.45619305065	5034.62587048867	2549.19176400964	6136.82656416429	4063.55591398258	6974.70681672782	2439.16787582773	1334.06875209604	8398.62058719136	7980.80772330721	5859.47407163431	11516.6326375009	7547.31817764067
a210_gac-miR-30bb-5p	1453.87898446929	1144.73000010493	1398.61956585324	836.027449421114	3058.16304478299	1525.59190237264	961.222307007089	744.655790805215	1159.51487828527	945.294278482256	349.261702434271	1016.44536210396	548.149865720606	1529.62442921656	1096.72981257203
a89_gac-miR-30bb-3p	101.13070071033	53.5305395732521	70.7472932143661	99.3386979858948	95.3779231432179	83.0147544412219	66.0555613820037	103.059553137221	65.5298832311927	93.7400380540859	0	87.5564981605096	73.5427276941843	88.1932904299216	0
a208_gac-miR-30a-5p	31219.3476974987	28617.4264558606	24360.3921492192	29425.3530883528	33371.8682357834	29167.938815178	21744.807473562	23040.8828405999	23266.7490961418	33970.4030535581	30410.2777049349	37484.0560057238	31826.8981316529	31827.9001966735	51400.9358192783
a110_gac-miR-301c-5p	0	13.1767482026467	15.548855651509	29.8895197479683	12.1390084000459	7.83158060766244	0	0	3.64054906839959	0	0	19.7495860512428	12.8272199466601	0	0
a111_gac-miR-301b-5p	22.028469461656	5.76482733865791	13.9939700863581	21.9775880499767	0	10.9642128507274	0	109.121879792352	3.64054906839959	47.3633876483802	0	9.21647349057996	41.0471038293122	0	0
a143_gac-miR-29b-2b-3p	29.0375279267283	0	9.32931339090542	0	0	0	0	0	3.64054906839959	0	0	5.92487581537283	1.71029599288801	17.6386580859843	0
a145_gac-miR-29b-1a/2a-3p	194.251048889148	12.3532014399812	97.1803478219315	75.6029028919199	104.048643428965	29.7600063091173	51.2500045205202	0	100.115099380989	22.6949565815155	0	117.180877237374	19.6684039182121	110.065226456542	0
a107_gac-miR-29b-1a-5p	12.0155287972669	9.882561151985	0	0	62.429186057379	0.783158060766244	0	34.3531843790737	7.28109813679919	9.86737242674588	0	0	9.40662796088404	36.6884088188474	0
a146_gac-miR-29a-3p	461.596564628336	316.24195686352	285.321501205191	228.566915719758	689.322262716893	153.498979910184	165.138903455009	581.983358892543	222.073493172375	599.93624354615	95.9959065170219	429.22433684701	269.371618879861	902.393747678958	258.283115623473
a33_gac-miR-29a-3b-5p	48.0621151890675	36.2360575572783	27.2104973901408	167.908772701822	305.209354058297	33.6757966129485	1.13888898934489	27.2804699480879	101.935373915189	158.864696070609	0	39.4991721024856	118.865571505716	18.3442044094237	197.281575752602
a228_gac-miR-27e-3p	3548.58617145949	3230.77394993643	2885.0901661375	2631.15684134321	1989.93030557895	4896.30419591056	4012.30590946206	3541.40915437216	3074.44368826346	1840.26495758811	537.168583276101	1534.54283618156	2035.25223153673	3694.94609585199	1329.05482612279
a59_gac-miR-27c-1-5p	1117.44417814582	820.252575614755	621.176783277786	1116.46147293882	476.889615716089	709.541203054217	1296.05566987449	264.721597274038	617.073067093731	474.620613726477	1158.07827649258	872.273383929889	814.100892614691	671.680099914283	961.747681793936
a231_gac-miR-27c-1-3p	7610.83619900213	6390.72287828363	10018.1276962673	6242.51410971539	7905.09568451561	4870.45997990527	7087.30618069326	3970.82395911058	5644.67133055357	4094.95955709954	8398.62058719136	15904.9999666009	12156.783917448	8161.05432322322	4716.58714661156
a36_gac-miR-27b-5p	643.832084720217	760.133661940179	427.593530416498	451.859210307521	216.768007143677	406.459033537681	950.972306102985	235.42035177424	482.372751562946	344.371297693431	1484.87285186968	210.003931678215	274.502506858525	327.373494075869	234.920823758033
a230_gac-miR-27b-3p	13347.2499056306	14478.7756344207	9340.97503264405	6946.67603083664	5407.06117019188	7377.34893241802	10506.2509267066	7368.75804931131	6977.11228958782	5408.30682709942	10291.9866582824	8183.57014009997	8935.44141484339	7830.15309753016	4880.12318966964
a42_gac-miR-27a-5p	183.23681415832	88.943050367865	230.123063642334	175.820704399814	76.3023385145743	202.837937738457	167.416681433699	228.347637343255	132.880040996585	65.1246580165228	2.04246609610685	188.279387021848	137.678827427485	47.271603670438	188.196240027154
a227_gac-miR-27a-3p_gac-miR-27b-3p_gac-miR-27e-3p	117.151405773352	61.7660071999062	135.275044168129	95.8222838978985	9.53779231432178	103.376864021144	13.6666678721387	58.6024909995963	94.6542757783894	78.9389794139671	0	64.5153144340597	59.8603597510802	87.4877441064822	0
a229_gac-miR-27a-3p	794.026194686053	227.298906495655	909.608055613279	225.929605153761	397.118989087216	383.74744977546	392.916701323988	235.42035177424	223.893767706575	171.692280225378	1143.78101381984	813.682945311203	525.060869816618	730.240444759751	442.58564033972
a74_gac-miR-26b-3p	325.420571592645	315.418410100854	328.080854246841	204.831120625783	895.685405517673	485.557997675071	268.777801485395	287.960516118706	424.123966468553	1418.92815496606	1021.23304805342	189.596026091931	389.092338382022	385.933838921337	533.438997594208
a73_gac-miR-26a-1b-3p	216.279518350804	122.708467637147	178.811839992354	173.183393833817	378.043404458573	140.185292877158	87.6944521795567	220.264535136414	289.423650937768	312.795705927845	0	333.109684730962	300.156946751845	128.409430865966	241.410349276211
a226_gac-miR-26-5p	100846.333195461	122327.165486033	112401.900061976	146274.035025425	254763.970507849	126187.125699022	119123.232729518	99275.6509166437	130213.338803982	309019.462500129	130131.642381256	171616.002950879	234579.922644537	183185.225232505	141986.924622417
a197_gac-miR-24-6-5p	147.190227766519	72.4721151145566	109.619432343139	98.4595944638957	13.0060804286206	110.42528656804	85.4166742008669	222.285310688124	63.7096086969929	0.986737242674589	51.0616524026712	99.4062497912553	74.3978756906283	168.62557130201	0
a196_gac-miR-24-4a-5p	5.00647033219454	0	0	0	45.9548175144595	0	0	0	0	0	0	0	5.13088797866402	0	0
a206_gac-miR-24-3p	5584.21700852978	4422.44611551329	5194.87267316917	3160.37716158665	2785.90242781054	3596.26181503859	3628.50032005283	2342.07886443214	3713.36004976759	1752.44534299007	2879.87719551066	4236.28620799158	4236.40317438359	2999.98296726421	1266.75538114829
a198_gac-miR-24-3-5p	20.0258813287781	6.58837410132333	32.652596868169	13.186552829986	0	9.39789672919493	18.2222238295183	0	3.64054906839959	0	0	2.6332781401657	7.69633196799603	0	0
a199_gac-miR-24-2-5p	817.055958214148	508.128352564562	425.261202068772	490.53976527548	228.907015543723	566.223277933994	389.500034355953	411.227824773029	500.575496904944	383.840787400415	1006.93578538068	772.867134138634	432.704886200666	325.96240142899	859.213178606728
a119_gac-miR-23b-2-5p	780.008077755909	561.658892137814	241.784705380965	333.180234837647	97.1120672003673	233.381102108341	528.44449105603	297.054006101402	449.60780994735	211.161769932362	1803.49756286235	94.7980130459653	134.258235441709	129.820523512845	221.941772721678
a50_gac-miR-23b-2-3p	13467.4051936033	14081.0025480533	8622.61790154434	6031.52926443561	3662.51224869957	6932.51515390279	6888.00060755791	4246.65982191902	6305.4309864681	3050.99155434983	7334.4957511197	3787.97060462836	4139.77145078542	3596.16961057048	1239.49937397194
a49_gac-miR-23a-3p_gac-miR-23b-2-3p	81.1048193815515	47.7657122345941	132.165273037827	30.7686232699674	58.0938259145054	28.1936901875848	13.6666678721387	45.4674499134799	78.2718049705913	57.2307600751261	528.998718891674	98.7479302562139	59.0052117546362	107.948587486224	0
a51_gac-miR-23a-3p	95703.6868702307	84041.3000364804	129302.728712384	76191.9022516593	59502.8179609393	94987.6748742162	69018.9505322792	51821.7786358327	81100.5115967377	57752.744076501	121349.038167996	105281.093321965	102584.408801419	42260.1081350481	37791.1029025561
a114_gac-miR-23a-3-5p	455.588800229703	241.299201460967	479.682196849054	278.675816473705	68.4986902574019	296.816905030406	189.055572231252	202.077555171022	240.276238514373	200.307660262941	669.928879523047	267.277731226819	339.493754588269	230.008101441235	275.155881970735
a112_gac-miR-23a-2-5p	389.503391844735	210.827971242347	295.428257378672	285.708644649697	181.218053972114	285.852692179679	113.888898934489	190.963289636616	285.783101869368	156.89122158526	0	287.027317278062	270.226766876305	261.052139672568	201.175291063509
a118_gac-miR-23a-1-5p	173.223873493931	107.061079146504	129.8329446901	95.8222838978985	0	137.052660634093	191.333350209942	75.7790831891331	70.9907068337921	58.2174973178007	0	49.3739651281069	68.4118397155203	62.7936227861042	0
a79_gac-miR-22b-5p	1710.21026547765	4106.20415864977	2001.13772234921	1752.05331934414	2569.13442066686	2442.66999152991	1753.88904359113	2799.78452689451	2694.0063106157	7500.18978156955	5063.27345224888	1347.5800882298	2343.10551025657	1516.92459539465	1473.12229262634
a14_gac-miR-22b-3p	78.1009371822348	129.29684173847	93.2931339090542	115.162561381878	248.849672200941	54.0379061928708	43.2777815951059	0	114.677295654587	188.466813350846	287.987719551066	163.263244690274	160.767823331473	95.2487536643153	150.556992021723
a45_gac-miR-22a-5p	2705.49656751793	6694.61163370717	2312.11483537939	2580.16883706727	2499.76865838088	5700.60752431749	2751.55579825726	3277.69794487397	3249.19004354664	2946.39740662632	3933.78970110179	1439.7448231356	1888.16677614836	2275.38689309198	467.245837308795
a13_gac-miR-22a-3p	191869.971599156	179602.372189125	177150.44476599	191836.212363593	62690.1747379799	210177.695083958	273184.16298517	216384.64607713	212631.729163481	110188.947889471	102544.05282114	86673.0333444841	93155.5469926275	66198.5893430226	117167.085325595
a219_gac-miR-223-5p	953.23195124984	485.892589972596	1685.49595262358	1203.49272161673	2302.94330789442	906.89703436731	1026.13897939975	1066.96949130299	1436.19660748364	1291.63905066104	859.878226460984	2329.13451497657	2732.19784863859	566.553697721816	1316.07577508644
a173_gac-miR-223-3p	41058.0631943274	21853.6368940895	68421.1844089004	36149.6159281237	64372.2944734149	32999.1480484465	12289.7510840207	18617.4051579062	38762.7462057847	38487.6861505223	34817.9195403335	69684.439423205	62537.8281279464	23312.6616190837	28927.7089498289
a201_gac-miR-222c-5p	93.1203481788184	80.7075827412108	55.9758803454325	117.799871947875	265.324040743861	98.6779156565467	179.944460316493	148.527003050701	103.755648449388	64.1379207738483	383.983626068088	95.4563325810068	72.6875796977403	238.474657322508	164.833948161714
a200_gac-miR-222a-5p	215.278224284365	92.2372374185266	139.939700863581	159.117737481831	246.248456115217	89.2800189273518	364.444476590366	183.89057520563	98.294824846789	15.7877958827934	363.558965107019	211.320570748298	106.038351559056	691.435396970585	140.173751192638
a39_gac-miR-222-3p	11547.9244682399	7790.75237481484	8351.2903704255	5916.36670305373	7149.00887559847	9663.38731179468	6654.52836474221	6358.3702734562	7677.91798525474	3384.50874237384	7297.73136138977	6035.47349725979	4061.09783511257	7975.49564015867	5588.77937625464
a25_gac-miR-221a-5p	95.1229363116962	60.9424604372408	47.4240097371026	15.8238633959832	0	21.1452676406886	52.388893509865	36.3739599307839	12.7419217393986	14.8010586401188	0	29.6243790768642	18.8132559217681	0	0
a40_gac-miR-221-3p	12132.6802030402	7238.15249706634	6531.29681641637	4074.64482446568	5080.17501541921	6344.36345026734	3559.02809170279	3975.87589798985	4579.81072804669	2668.13750419209	8165.77945223518	3949.91721024856	2986.17680358246	4665.77783690457	2146.73504141319
a77_gac-miR-21a-3p	43.055644856873	73.2956618772221	160.153213210543	30.7686232699674	49.4231056287583	7.04842254689619	45.5555595737957	19.1973677412471	58.2487850943935	31.5755917655868	328.837041473203	113.230960027125	53.8743237759722	131.231616159723	0
a238_gac-miR-218b-5p	1.00129406643891	4.9412805759925	0.777442782575452	0	43.3536014287354	12.5305289722599	0	0	10.9216472051988	0	0	3.94991721024856	0	0	0
a237_gac-miR-218a-2-5p_gac-miR-218b-5p	24.0310575945338	23.8828561172971	0	4.39551760999534	19.0755846286436	14.0968450937924	0	12.1246533102613	3.64054906839959	0	0	17.1163079110771	0.855147996444004	14.1109264687875	0
a239_gac-miR-218a-2-5p	588.760911066077	605.306870559081	324.193640333963	555.593425903411	357.23367577278	490.256946039669	1058.02787110141	1010.38777585511	416.842868331753	583.161710420682	0	350.225992642039	482.303469994418	567.259244045256	572.376150703274
a15_gac-miR-2188-5p	13261.1386159169	24400.043484251	8763.33504519049	9101.35876325636	31690.615572377	12587.6995106958	5164.86156667909	5141.86339132665	19134.7259035083	40689.0969389293	23653.7998590134	17140.6657338736	16434.2341956609	31380.583827613	10514.3292445515
a108_gac-miR-2188-3p	18859.3737413768	55243.5168395961	24535.3167752987	48938.8139661662	93726.150928783	45297.8622347195	53412.7547112861	56952.5277616249	94535.9579336665	164318.392810871	58698.4331360147	34718.4556390147	66656.2208788207	48787.8227195092	107719.634076232
a5_gac-miR-2184-5p	158.204462497347	186.94511512505	87.0735916484506	98.4595944638957	209.831430915079	110.42528656804	466.944485631406	206.119106274442	212.972120501376	74.9920304432687	0	197.495860512428	181.291375246129	385.228292597897	399.754771919747
a142_gac-miR-217a-5p	158.204462497347	126.826201450474	342.852267115774	110.767043771883	21.6768007143677	68.1347512866632	59.2222274459344	78.8102465166985	91.0137267099899	34.5358034936106	337.00690585763	6.58319535041426	17.1029599288801	14.1109264687875	70.0868755963192
a135_gac-miR-216b-5p	34.0439982589228	29.647683455955	63.750308171187	14.9447598739842	0	10.9642128507274	0	0	0	0	0	0	0	18.3442044094237	0
a58_gac-miR-214a-3p	5848.55864206966	14753.0167063883	2679.84527153758	4941.44089715676	5441.74405133487	13288.6259750816	4593.13929402795	3344.38353808041	6856.97417033064	5567.17152317003	9119.61111911708	2678.70218808356	2579.98150527156	13110.4617821504	3397.91556131785
a27_gac-miR-212b-5p	10.0129406643891	4.11773381332708	11.6616417386318	16.7029669179823	0	10.1810547899612	0	0	0	0	0	0	0	0	0
a26_gac-miR-212a-5p	12.0155287972669	44.4715251839325	20.9909551295372	58.8999359739376	18.2085126000689	58.7368545574683	42.138892605761	0	14.5621962735984	40.4562269496581	0	45.4240479178584	57.2949157617482	7.05546323439373	0
a38_gac-miR-210-5p	4050.23449874538	2893.11977724361	3772.92982383867	3539.27077956825	3033.8850279829	3142.03013979417	1621.77792082713	1740.89813779835	2903.33788204868	2765.82449121687	1047.78510730281	2799.17466299614	2573.14032130001	2724.81990112286	1526.3364018754
a94_gac-miR-210-3p	523.676796747548	252.828856138283	620.39934049521	341.971270057638	1271.9946659191	195.006357130795	302.944471165741	218.243759584703	245.737062116973	475.607350969152	302.284982223814	996.037456517677	456.649030101098	1095.71344030135	186.898334923518
a52_gac-miR-21-5p	196037.357503675	174685.798016012	230413.827243017	232082.450704232	391565.392744195	235017.902455342	241905.715781802	230105.712073242	303073.889669732	228267.846771369	219007.512087249	258020.441925066	236975.192182576	224003.902228766	208360.493717235
a56_gac-miR-20b-5p	0	0	0	0	0	0	0	0	0	0	416.663083605797	7.89983442049711	0	0	0
a126_gac-miR-20a-5p	178.230343826125	316.24195686352	391.053719635452	331.422027793649	1268.5263778048	202.837937738457	208.416685050115	139.433513068005	185.668002488379	393.708159827161	0	723.493169010527	374.554822442474	714.718425644084	92.1512623581234
a203_gac-miR-206-1-3p	8256.67087185523	59803.4952644745	7730.11358714772	89014.5062235377	8485.16687163209	93698.5967061949	35672.2809242607	57086.9093358136	17188.8524264487	10743.5950982409	8833.66586566212	1598.39983108058	20958.8222448461	56097.9881766645	6633.59298468125
a240_gac-miR-205-1a-3p	491.635386621503	88.1195036051996	373.949978418792	69.4491782379264	122.257156029034	1042.38337887987	252.833355634566	405.165498117899	80.0920795047911	74.0052932005941	0	168.529800970605	131.692791452377	19.0497507328631	0
a178_gac-miR-205-1-5p	31273.4175770864	13373.5758789237	20260.1589139163	3210.4860623406	3963.38624261499	91663.9520643242	5910.83385469999	14735.4953230709	9434.48291075755	12085.5577482784	9356.53718626548	26692.8821873247	15106.1893571833	4145.79019652975	3043.58746802535
a101_gac-miR-204-2b-3p	94.1216422452573	78.2369424532146	46.6465669545271	54.5044183639423	60.6950420002295	82.2315963804556	192.472239199287	235.42035177424	196.589649693578	26.6419055522139	0	3.94991721024856	0	0	0
a233_gac-miR-204-1/2b-5p	58840.0445202159	20457.7251313716	11342.1127549933	21368.3693092314	20577.353382135	56215.8687598618	37083.364382059	37759.2015714813	74412.8229580877	27854.605623461	1783.07290190128	1604.32470689596	2331.9885863028	7268.53822407242	1981.90109325147
a234_gac-miR-202-5p	67.0867024514068	84.8253165545379	50.5337808674044	26.3731056599721	0	0	9.11111191475914	118.215369775048	0	217.082193388409	1039.61524291839	18.4329469811599	25.6544398933201	0	0
a67_gac-miR-200b-5p	101.13070071033	23.8828561172971	61.4179798234607	16.7029669179823	0	140.185292877158	0	36.3739599307839	7.28109813679919	56.2440228324515	0	73.0734683895983	61.5706557439683	0	0
a133_gac-miR-200b-3p	59522.9270735273	9399.96274906306	35300.566985621	4214.42228446354	7567.80466540005	55742.8412911589	10303.5286866032	28466.6651969418	11709.8260785073	14902.6925761143	8088.16574058312	26029.954415538	16860.09789789	1924.02482401917	3626.3468595577
a128_gac-miR-200a-3p	10703.8335702319	861.429913748026	6490.86979172245	399.112998987577	724.005143859881	4601.83676506245	2179.83352560612	3329.22772144258	1357.92480251305	915.692161202018	714.863133637397	4901.84725791846	2449.14386181563	304.09046540237	554.205479252376
a221_gac-miR-19c-3p	22.028469461656	0	7.77442782575452	27.2522091819711	0	11.7473709114937	0	0	3.64054906839959	47.3633876483802	0	5.26655628033141	4.27573998222002	0	0
a220_gac-miR-19b-3p	382.494333379663	610.248151135073	394.163490765754	443.068175087531	1307.54461909066	234.947418229873	259.666689570635	288.970903894561	369.515730442559	1339.00243830942	1035.53031072617	798.54159600525	696.945617101863	596.18664330627	0
a157_gac-miR-19b-2-5p	110.14234730828	88.1195036051996	69.1924076492152	100.217801507894	211.565574972229	111.208444628807	63.777783403314	167.724370791948	92.8340012441897	218.068930631084	0	61.882036293894	104.328055566168	70.5546323439373	219.345962514407
a106_gac-miR-19a-1-5p	0	0	0	0	0	0	0	0	1.8202745341998	10.8541096694205	0	0	0	33.8662235250899	0
a222_gac-miR-19a-1-3p	48.0621151890675	196.004129514369	131.387830255251	103.73421559589	333.822731001262	39.1579030383122	35.3055586696917	35.3635721549288	131.059766462385	315.755917655868	0	163.263244690274	159.912675335029	155.925737480101	0
a72_gac-miR-199-5p	7893.2011257379	12330.1421306266	4530.15909406716	5922.52042770773	4862.53993624696	10580.465400952	8302.50073232426	3769.75679171541	7332.06582375678	4238.03645728736	7644.95059772794	8778.69099977741	5652.52825649486	15030.9588745524	7139.77597509911
a20_gac-miR-199-3p	34980.2082110432	77607.7527265382	26172.6112754026	49383.6403482977	27709.0208171619	73385.0429260401	64831.255718458	54345.7272999187	55942.4972595624	44011.4412350147	23719.1587740888	19658.7379554071	36063.3013060365	33955.1223618432	17289.393885529
a153_gac-miR-196d-5p	163.210932829542	93.060784181192	55.9758803454325	149.447598739842	93.6437790860684	227.115837622211	437.333371908439	208.139881826152	260.299258390571	170.705542982704	0	8.55815395553854	59.8603597510802	43.0383257298017	0
a69_gac-miR-196d-3p	492.636680687942	525.422834580536	115.061531821167	430.760725779544	129.193732257631	809.00227677153	337.111140846088	502.162724599989	538.80126212314	329.570239053313	0	29.6243790768642	106.038351559056	138.287079394117	154.450707332629
a154_gac-miR-196a-5p	989.27853764164	905.077892169293	482.791967979356	736.68875143522	632.962580859537	2399.59629818777	706.111173393833	1279.15092423257	1144.95268201167	709.464077483029	0	113.889279562167	584.921229567698	152.398005862904	155.748612436265
a216_gac-miR-194b-5p	38.0491745246785	17.2944820159737	8.55187060832997	0	0	10.9642128507274	15.9444458508285	0	3.64054906839959	0	0	0	0	25.3996676438174	0
a215_gac-miR-194a-5p	6574.49684023786	3441.60192117878	3326.67766664036	1175.36140891275	443.94087863025	1064.31180458133	731.166731159421	982.096918131166	1869.42194662319	367.066254274947	0	230.411837264499	301.867242744733	860.060968272595	498.395559796048
a71_gac-miR-194a-3p	132.170816769936	14.8238417279775	27.2104973901408	14.0656563519851	0	33.6757966129485	0	0	34.5852161497961	0	0	0	0	0	0
a207_gac-miR-193a-2-5p	569.736323803738	1946.04100017838	222.348635816579	746.358890177209	678.917398373996	2221.81941839383	685.611171585625	853.777670597567	1168.61625095627	1169.28363256939	2175.22639235379	148.780214919362	131.692791452377	1130.99075647331	1.29790510363554
a195_gac-miR-190b-5p	0	12.3532014399812	65.3051937363379	5.27462113199441	0	0	0	0	0	0	0	0	0	0	0
a131_gac-miR-18c-5p	114.147523574035	39.53024460794	419.041659808169	224.171398109762	636.430868973835	129.22108002643	152.611124572216	28.290857723943	145.621962735984	269.379267250163	0	146.805256314238	152.216343367033	15.5220191156662	446.479355650626
a130_gac-miR-18a/b-5p	191.247166689831	55.1776330985829	279.101958944587	76.482006413919	104.048643428965	105.726338203443	14.8055568614836	23.2389188446675	94.6542757783894	119.395206363625	0	170.504759575729	151.361195370589	213.074989678691	231.027108447126
a32_gac-miR-18a-3p	86.111289713746	138.35585612779	171.814854949175	82.6357310679125	215.033863086528	143.317925120223	72.8888953180731	94.9764509303802	200.230198761978	538.758534500325	0	131.005587473244	216.352443100333	105.831948515906	0
a76_gac-miR-184-5p	58.0750558534566	7.41192086398875	45.0916813893762	0	37.2840972287124	100.244231778079	3.41666696803468	0	23.6635689445974	5.92042345604753	0	5.26655628033141	8.55147996444004	0	0
a204_gac-miR-184-3p	21171.3617407843	2668.29151103595	10517.2459626807	837.785656465112	2615.08923818132	31927.7878213182	4823.19486987562	11336.5508450943	4321.33174419032	3820.64660363601	4867.19670702262	9213.18189290476	7149.89239826831	731.651537406629	809.892784668578
a159_gac-miR-183-5p	856.106426805266	230.593093546317	658.494036841408	340.21306301364	452.611598915997	1040.03390469757	387.222256377263	614.315767719906	407.741495660755	411.469430195303	328.837041473203	787.350163909545	658.463957261883	149.575820569147	441.287735236084
a243_gac-miR-182b-5p	6.00776439863344	8.23546762665416	0	8.79103521999069	0	32.109480491416	21.638890797553	81.8414098442638	27.304118012997	75.9787676859433	0	19.7495860512428	26.5095878897641	26.8107602906962	0
a241_gac-miR-182a-5p_gac-miR-182b-5p	47.0608211226286	14.0002949653121	90.1833627787524	9.67013874198975	0	79.8821221981569	10.250000904104	64.664817654727	9.10137267099899	24.6684310668647	0	25.6744618666156	31.6404758684281	16.2275654391056	0
a242_gac-miR-182a-5p	601.777733929783	101.296251807846	283.76661564004	138.019252953854	177.749765857815	613.995919640735	189.055572231252	567.837930030571	169.285531680581	161.824907798633	0	149.438534454404	220.628183082553	42.3327794063624	378.988290261578
a87_gac-miR-181b-3-3p	56.0724677205788	0	10.1067561734809	3.51641408799627	0	2.34947418229873	31.888891701657	0	0	0	0	5.92487581537283	8.55147996444004	0	0
a8_gac-miR-181b-2/3-5p_gac-miR-181c-5p	3367.35194543404	1966.62966924501	2186.94654738475	2029.85003229585	1641.36735009192	2361.22155321023	2038.61129092736	2328.94382334603	2146.10367582156	1174.21731878276	2214.03324817983	1398.92901196303	1828.30641639728	1979.76298357088	1387.46055578639
a88_gac-miR-181b-2-3p	2.00258813287781	0	0	2.63731056599721	0	0	22.7777797868978	0	5.46082360259939	0	0	0	3.42059198577601	55.7381595517104	0
a7_gac-miR-181b-1-5p	1564.02133177757	1017.08025189179	1075.20336830185	1242.17327658468	1099.44733223273	1199.01499103312	1374.63901013928	683.022136478054	1370.66672425245	651.246580165228	153.184957208014	1041.46150443554	828.638408554239	682.263294765873	441.287735236084
a6_gac-miR-181a-5p	13659.6536543596	10580.1052599626	12060.469886093	13184.794622942	12713.8771549909	11772.4319694382	12329.6121986478	7521.32660346543	9962.36252567549	7331.45771307219	8813.24120470106	20974.0603864198	16966.9913974455	21403.4532678568	15007.6767133378
a23_gac-miR-181a-3-3p	482.623740023553	482.598402921934	289.986157900643	427.244311691547	173.414405714942	523.932742652617	530.72226903472	522.370480117091	458.709182618349	495.342095822643	1319.43309808502	453.582159643542	619.127149425459	383.111653627579	940.981200135768
a21_gac-miR-181a-2-3p_gac-miR-181a-3-3p	56.0724677205788	67.5308345385641	93.2931339090542	50.1089007539469	39.0182412858618	91.6294931096505	15.9444458508285	90.9348998269598	56.4285105601937	71.0450814725704	0	57.2737995486041	64.1360997333003	33.8662235250899	1.29790510363554
a22_gac-miR-181a-2-3p	1832.3681415832	2326.5196045298	1376.85116794112	1563.04606211434	348.562955487033	2325.19628241498	2063.66684869294	1391.30396735248	2020.50473296177	1046.92821447774	968.128929554647	879.514898815345	735.427276941843	1606.52897847145	3727.58345764128
a24_gac-miR-181a-1-3p	362.468452050884	287.41782017023	514.667122064949	243.511675593742	583.539475230778	388.446398140057	340.527807814123	197.025616291746	369.515730442559	124.328892576998	0	329.818087055754	102.61775957328	281.51298305231	275.155881970735
a2_gac-miR-17a-5p	134.173404902814	84.8253165545379	302.425242421851	123.07449307987	875.742748860455	113.557918811105	0	39.4051232583492	112.857021120387	60.1909718031499	208.331541802899	462.798633134122	187.277411221237	268.107602906962	0
a31_gac-miR-17a-1-3p	14.0181169301447	0	6.21954226060361	0	0	0	0	0	0	16.774533125468	0	4.60823674528998	5.98603597510802	26.8107602906962	0
a115_gac-miR-1788-5p	11.014234730828	0	0	0	0	14.0968450937924	0	42.4362865859146	0	0	0	15.7996688409942	0	0	0
a150_gac-miR-16c-5p	77684.3988505962	131098.762055182	137707.662634807	248450.479180333	478951.51300004	155590.01193243	165105.875674318	165926.890938702	245176.417560439	516327.036762604	158668.978676061	227537.614174508	370292.764828197	191398.489983663	232075.815770864
a149_gac-miR-16a-5p_gac-miR-16c-5p	4594.93847088815	7058.61930280528	8530.87965320043	11823.0632673655	21349.914559595	7715.67321466903	7438.08398941149	7752.70540413625	10826.9929294204	22351.5720210648	7783.8382922632	13129.5248068662	15364.4440521094	9687.85656714603	10523.414580277
a151_gac-miR-16a-5p	5024.49362539044	4559.15487811575	8844.96653736092	8032.36888050549	34993.2929292181	4906.48525070052	4227.55592844824	4196.14043312627	7665.17606351535	14656.0082654457	2820.64567872356	9211.20693429963	14365.6311922628	9043.69277384588	8921.79968239071
a152_gac-miR-15c-5p	31080.1678222637	53820.4280337103	64080.7213537816	71700.562357766	118031.046961761	45539.0749174356	45481.5317894883	47333.6361354843	64281.1749007316	148659.859506868	129768.083416149	106745.854287432	112879.535530608	81310.6860447705	114850.324715605
a147_gac-miR-15b-1-5p	82.1061134479904	145.767776991779	64.5277509537625	63.2954535839329	378.043404458573	60.3031706790008	11.3888898934489	122.256920878468	116.497570188787	143.076900187815	249.180863725036	635.278351314976	163.333267320805	484.00477787941	0
a148_gac-miR-15a-2-5p	24428.57133891	25079.4695634499	37665.5479302155	38637.4788953811	75817.645250601	21300.3329367203	17202.9181840546	16911.8705922628	30808.1464913316	72207.457944441	29421.7241144192	49626.7598295629	64656.0297151382	36931.1167541105	21415.4342099864
a225_gac-miR-155-5p	1670.1585028201	243.769841748963	2455.94175015585	1953.36802588193	5401.85873802043	635.92434534219	2120.61129816019	2093.52347157179	2138.82257768476	991.670928887961	537.168583276101	1476.61071709792	623.402889407679	723.184981525357	1701.5535908662
a235_gac-miR-153c-3p	0	7.41192086398875	0	0	0	0	0	0	0	0	0	0	0.855147996444004	31.7495845547718	0
a16_gac-miR-152a-5p	745.964079496986	1078.8462590917	822.534463964828	836.906552943113	1131.52899728999	1104.2528656804	896.30563461443	529.443194548077	780.897775171713	939.373855026208	318.624710992669	734.684601106231	534.467497777502	916.504674147745	1052.60103904842
a169_gac-miR-152a-3p	2714.50821411588	2625.46707937735	3000.15169795867	1643.04448261626	1483.56024089132	836.412808898348	2121.75018714953	1972.27693846917	1135.85130934067	1706.06869258436	794.519311385564	1484.51055151842	1317.78306252021	1126.75747853268	225.835488032584
a29_gac-miR-150-5p	11196.4702509199	25069.5870022979	8698.02985145415	2523.02710813733	1474.88952060558	3824.16081072157	1887.13905534449	8458.96645945897	3036.21792304526	6374.32258767784	10573.8469795452	5181.63306031106	2292.65177846637	11507.4605352962	5849.65830208539
a78_gac-miR-150-3p	32.041410126045	85.6488633172033	27.9879401727163	7.03282817599255	0	0	0	130.340023085309	7.28109813679919	33.549066250936	0	4.60823674528998	5.13088797866402	104.420855869027	0
a170_gac-miR-148a-3p	2989.86408238658	2601.58422326005	2749.81512196937	1283.49114211864	1268.5263778048	1159.85708799481	1889.41683332318	1990.46391843456	1317.87876276065	1332.09527761069	510.616524026712	689.260553188373	884.2230283231	1449.89769466791	245.304064587117
a183_gac-miR-146a-5p	88792.7552236694	25497.0077721213	47540.6261544889	42161.8049150753	20299.0232609625	23118.8259538195	54287.421455103	48085.3646407205	27234.9475806974	13178.8626131618	22013.6995838396	48141.5909585094	40687.9416708057	42874.6389827638	49273.6693544197
a53_gac-miR-146a-3p	987.275949508762	381.302151114088	641.390295624748	479.111419489492	365.904396058527	535.680113564111	602.472275363448	335.448741583896	460.529457152549	366.079517032272	2261.00996839028	524.680669428016	704.641949069859	736.590361670705	420.521253577915
a121_gac-miR-145-5p	2579.33351514662	8546.76830294169	2877.31573831175	2549.4002137973	2793.70607606771	3445.89546737147	1200.38899476952	1535.78941929977	1953.15457519638	2112.60443656629	3662.14171031958	3435.11133384616	4469.00342941636	4017.38076566379	1557.48612436265
a113_gac-miR-145-3p	2288.95823587934	3750.43195717831	2387.52678528921	3138.39957353668	1095.97904411843	2634.54371641764	2286.88909060454	3445.42231566592	2191.61053917656	1285.71862720499	285.945253454959	2661.58588017249	4579.31752095764	1456.9531579023	3730.17926784855
a48_gac-miR-144-5p	6907.92776436202	6388.25223799563	7252.76371864639	10972.9701615924	104082.459238079	7006.13201161482	13509.5011916091	12237.8167411571	13965.1462263808	19676.527356174	3406.83344830622	7529.20052226879	9672.57898777812	40085.614366208	22604.3152849166
a80_gac-miR-144-3p	562.727265338666	827.664496478743	869.181030919355	374.498100371603	4299.81018970198	331.275859704121	809.750071424218	584.004134444253	686.243499393323	1402.15362184059	1027.36044634175	763.650660648054	692.669877119643	4519.02420162918	1204.45593617378
a120_gac-miR-143-5p	31.0401160596061	49.412805759925	62.9728653886116	14.0656563519851	132.66202037193	22.7115837622211	0	0	20.0230198761978	15.7877958827934	0	39.4991721024856	70.1221357084083	28.2218529375749	0
a55_gac-miR-143-3p	35012.2496211693	75172.5249493365	44493.8278895757	54125.5247459607	39895.7181787795	38518.8460607269	60213.0608666645	56498.863650266	31976.7627422878	20048.5272966623	19329.8991335552	35911.3306365098	58882.9255911448	85883.3317669811	145456.224964435
a66_gac-miR-142-5p	1121.44935441158	274.241071967584	2965.16677274277	1046.13319117889	5424.40261076337	254.526369749029	695.861172489729	714.344157529562	578.847301875535	820.965385905258	831.283701115488	2077.65645259074	752.530236870723	2171.67158354639	1596.42327747172
a218_gac-miR-142-3p	240.310575945338	238.828561172971	1210.47841246998	464.166659615508	2332.42375686596	108.858970446508	96.8055640943158	359.698048204419	354.95353416896	443.04502196089	1205.05499670304	832.115892292362	578.93519359259	894.632738121124	176.515094094434
a65_gac-miR-140-5p	110.14234730828	1014.60961160379	179.589282774929	143.293874085848	1079.50467557551	165.246350821677	181.083349305838	311.199434963374	151.082786338583	158.864696070609	132.760296246945	254.769660061032	292.460614783849	460.016202882471	0
a139_gac-miR-140-3p	3113.02325255856	23399.4341676125	3445.6264123744	4095.74330899366	14009.2827656816	3442.76283512841	5203.58379231681	3131.19171737498	4769.11927960347	8883.59539579932	7066.9326925297	10409.348488075	5779.94530796502	10197.9665589927	7564.19094398794
a180_gac-miR-139-5p	1561.01744957826	964.373259081203	964.806493176136	763.940960617191	673.714966202548	780.808586583945	998.80564365547	718.385708632982	698.985421132722	418.376590894026	2410.10999340608	1226.44929378218	1493.94354978767	1533.8577071572	780.04096728496
a54_gac-miR-1388-3p	799.032665018248	266.005604340929	2216.48937312261	3954.20764195181	3407.5930722986	241.995840776769	1060.30564908009	565.817154478861	962.925228591693	622.631200127665	292.072651743279	1373.25455009641	961.18634800306	1127.46302485612	1967.62413711148
a160_gac-miR-135c-5p	295.381749599478	122.708467637147	48.201452519678	103.73421559589	39.8853133144366	79.0989641373906	240.305576751772	92.95567537867	123.778668325586	11.8408469120951	0	21.0662251213256	15.3926639359921	54.3270669048317	0
a162_gac-miR-135b-5p	5.00647033219454	25.5299496426279	15.548855651509	14.9447598739842	0	52.4715900713383	35.3055586696917	0	3.64054906839959	80.9124538993163	0	5.92487581537283	17.1029599288801	21.1663897031812	0
a161_gac-miR-135a-1-5p	0	72.4721151145566	0	26.3731056599721	0	23.4947418229873	0	0	10.9216472051988	6.90716069872212	0	1.97495860512428	9.40662796088404	0	0
a246_gac-miR-133b-3p	5.00647033219454	102.119798570512	5.44209947802816	50.1089007539469	58.9608979430801	86.1473866842868	33.0277806910019	1.01038777585511	9.10137267099899	4.93368621337294	0	5.92487581537283	10.261775957328	96.659846311194	0
a41_gac-miR-133a-5p	30.0388219931672	276.71171225558	62.1954226060361	208.347534713779	0	138.618976755625	31.888891701657	74.768695413278	10.9216472051988	65.1246580165228	0	11.1914320957042	59.0052117546362	120.648421308133	0
a245_gac-miR-133a-3p_gac-miR-133b-3p	23.0297635280949	127.64974821314	2.33232834772636	75.6029028919199	0	66.5684351651307	0	46.477837689335	12.7419217393986	0	0	25.6744618666156	15.3926639359921	201.786248503661	0
a236_gac-miR-133a-3p	2070.67612939566	22841.0694625253	1659.84034079859	20829.4788502459	1474.88952060558	19658.0504832935	2742.4446863425	4612.42019677857	1501.72649071483	2360.27548447762	1509.38244502296	1667.52338225993	8097.39637832827	22087.1276552696	389.371531090662
a64_gac-miR-130c-3p	58.0750558534566	0	47.4240097371026	19.3402774839795	199.426566572183	27.4105321268185	17.0833348401734	0	30.9446670813965	29.6021172802377	0	63.8569948990183	63.2809517368563	83.9600124892853	0
a104_gac-miR-130c-2-5p	120.155287972669	95.5314244691883	184.253939470382	209.226638235778	347.695883458458	328.926385521822	107.05556499842	373.84347706639	222.073493172375	168.732068497355	0	146.805256314238	267.661322886973	90.3099294002397	167.429758368985
a30_gac-miR-130b-5p	6077.85498328417	8459.47234609916	7702.125646975	6472.83923247914	5008.20803704751	12219.6152221357	7139.69507420313	10051.3375942066	11050.886697127	10690.3112871365	13719.2447675497	6850.47308164108	8123.90596621803	4126.74044579689	8806.28612816715
a62_gac-miR-130b-3p	49.0634092555064	41.1773381332708	78.5217210401206	42.1969690559553	73.7011224288502	21.9284257014548	0	132.360798637019	20.0230198761978	65.1246580165228	0	125.739031192912	150.506047374145	83.254466165846	0
a70_gac-miR-1306-5p	139.179875235008	383.772791402084	154.711113732515	106.371526161887	98.8462112575167	133.920028391028	104.77778701973	474.882254651901	189.308551556779	623.61793737034	2557.16755232578	101.38120839638	179.581079253241	186.969775711434	168.72766347262
a96_gac-miR-129-1a/2-5p	0	13.1767482026467	12.4390845212072	61.5372465399348	22.5438727429424	12.5305289722599	10.250000904104	0	29.1243925471968	44.4031759203565	0	7.24151488545569	5.98603597510802	23.9885749969387	0
a117_gac-miR-128-2-5p	5.00647033219454	0	17.8811839992354	2.63731056599721	0	7.83158060766244	0	84.8725731718291	3.64054906839959	0	0	4.60823674528998	11.972071950216	0	0
a166_gac-miR-128-2-3p	19779.5629884342	26063.6079448351	28191.630181751	31463.9941558687	38041.9181816867	21578.3540482923	32879.725122387	34059.1615362999	32879.6189112509	77692.7302764691	40957.5726252307	23712.6696521922	45403.2277231979	18744.2491748138	39455.0172454168
a68_gac-miR-126b-5p	2888.73338167625	3258.77453986705	3838.23501757501	1514.6953684044	1459.28222409123	2683.09951618515	1093.3334297711	2234.9777601915	1596.38076649322	1704.09521809901	5453.38447660529	3856.43583627267	3361.58677402138	3150.96988048024	1409.5249425482
a179_gac-miR-126b-3p	84102.6938164696	85183.5593962973	135406.431998384	78605.0414195467	76017.0718171732	100018.682256579	111286.537593836	121459.724923318	70450.0852971347	46058.9210135644	133134.067542533	112179.623729664	70759.2209657591	153632.711928923	95137.7420015888
a175_gac-miR-125b-2/3-5p	86933.3521422924	221128.070603003	55703.7753715311	76480.248206875	57253.6331188165	194717.371806372	57486.5606261728	81863.6383753326	115014.046443414	86920.6969699618	67544.3537982535	32761.2716613366	45175.7583561438	73791.6788758771	35471.7464823593
a28_gac-miR-125b-2-3p	490.634092555065	588.012388543107	118.171302951469	302.41161156768	123.124228057609	571.705384359358	993.111198708746	925.51520268328	458.709182618349	269.379267250163	0	27.6494204717399	113.734683527052	146.75363527539	237.516633965304
a176_gac-miR-125a-5p	46705.3617290428	81207.4756261487	37464.1902495284	41373.2490558422	24630.0480436931	100319.414951913	59568.4496986952	64464.7608751076	68981.1237480355	36146.1586736555	89059.6916546431	66005.7498613935	43748.5163500788	83990.3509811932	84862.2272961062
a61_gac-miR-125a-1-3p_gac-miR-125a-2-3p	51.0659973883843	125.179107925143	45.0916813893762	58.0208324519385	97.1120672003673	104.943180142677	9.11111191475914	132.360798637019	69.1704322995923	51.3103366190786	0	28.3077400067813	35.9162158506482	52.2104279345136	0
a129_gac-miR-124-3p	42.0543507904341	15.6473884906429	74.6345071272434	13.186552829986	85.8401308288961	15.6631612153249	0	0	10.9216472051988	2.96021172802377	0	0	10.261775957328	0	0
a123_gac-miR-122-5p	617201.667729208	398552.161604878	362805.336130573	146141.290393603	5580.47557590682	117029.658494482	199328.350915143	178467.824012615	361129.7256635	87763.3705752059	10175.5660908043	4523.97184480468	27416.0447659948	22180.965316287	98220.2666227232
a11_gac-miR-122-3p	2839.66997242074	1755.80169800267	1858.86569313791	529.220320243439	0	552.126432840202	476.055597546165	282.90857723943	1241.42723232426	185.506601622823	0	100.064569326297	108.603795548388	334.428957310263	536.034807801479
a141_gac-miR-10c-5p	3636.70004930611	7054.50156899196	7115.15634613053	6151.96644694948	1501.76875349139	4642.56098422229	4874.44487439614	6554.38550197209	2324.49058017314	1747.5116567767	7171.09846343115	6905.11360304952	4033.73309922636	6276.54009331666	11346.2864159819
a140_gac-miR-10b-5p	31842.1526068237	48681.4962346781	29521.0573399551	50442.9600923066	23518.4617030604	74347.5441827218	62914.5055493905	67688.9082678613	52305.5887402312	33743.4534877429	30304.0694679373	24635.6336403202	55683.8169364477	19864.6567364355	33471.674717657
a132_gac-miR-10545-5p	19.0245872623392	9.882561151985	0	13.186552829986	32.9487370858389	17.2294773368574	19.3611128188632	0	10.9216472051988	0	0	11.1914320957042	3.42059198577601	10.5831948515906	85.6617368399457
a90_gac-miR-10545-3p	142.183757434325	35.4125107946129	20.2135123469617	17.5820704399814	0	42.2905352813772	133.250011753352	23.2389188446675	45.5068633549949	48.3501248910548	0	20.4079055862842	2.56544398933201	16.2275654391056	0
a37_gac-miR-103-3p	2241.89741475671	2801.70608658775	3339.89419394414	2610.93746033723	5166.01514624811	1752.70773999485	2057.97240374622	2014.71322505509	2204.35246091595	3940.04180999963	2836.98540749241	2959.80462954625	3497.55530545597	2361.46354455158	2359.59147840941
a172_gac-miR-101b-5p	707.914904972307	886.136316627988	695.033847622454	699.766403511259	1734.14405714942	517.667478166487	422.527815046955	350.604558221723	759.054480761315	2186.60972976689	1711.58658853754	960.488201625441	1194.64175103227	1564.90174538853	51.9162041454217
a19_gac-miR-101b-3p	170.219991294614	185.298021599719	239.452377033239	48.3506937099488	237.57773582947	15.6631612153249	39.8611146270712	39.4051232583492	87.3731776415903	107.55435945153	0	77.6817051348883	62.4258037404123	261.757685996007	0
a138_gac-miR-101a-3p	9048.6944784084	12858.8591522578	15527.8646963795	8756.75018263272	11940.4489055023	4745.15469018267	8576.97297875638	9493.6035419346	7548.67849332656	28220.6851404932	15769.880728041	13033.4101547502	12438.9827562745	10733.4762184832	7856.21959230593
a9_gac-miR-100-2-5p	68779.890717755	141812.281890697	48754.2143380892	104303.874678145	45901.9261207165	134041.417890446	89018.9800741648	103625.3702917	78539.3853271186	71393.3997192345	50767.5372848319	60739.1935810621	75999.5678879679	56338.5794729573	83576.0033384034
a18_gac-miR-1-3p	13733.7494152761	66421.5170492538	12938.2027876207	139974.37918678	10229.7157931244	87669.8459544164	57717.7550910098	96392.0042043532	13861.3905779315	12817.7167823429	1772.86057142075	5406.77834129523	50022.7371999884	91219.378611153	30609.7939641406
a194_gac-let-7j-5p	7585.80384734116	4675.27497165157	10714.7164294549	14676.6332997745	25932.3902306124	7299.03312634139	12493.6122131135	10409.0148668593	11475.0106635955	12700.2950504646	4691.54462275743	10604.8693899823	13464.3052040108	10775.8089978895	16241.9844668952
a92_gac-let-7j-3p	158.204462497347	148.238417279775	209.132108512797	152.084909305839	608.684564059445	175.427405611639	176.527793348458	134.381574188729	134.700315530785	302.928333501099	296.157583935493	379.192052183861	246.282622975873	179.208766153601	403.648487230653
a192_gac-let-7i-5p	1617.08991729883	1421.44171236051	1612.41633106149	2508.08234826334	1498.30046537709	2065.18780624058	3984.97257371778	2964.47773435889	1681.93366960061	855.501189398868	1488.95778406189	2554.27979596073	2526.96232949203	2519.505921002	3852.18234759029
a184_gac-let-7h-1-5p	20483.4727171407	17300.2468433124	29900.4494178519	38458.1417768933	36602.5786142527	29094.321957466	44533.9761503533	39584.9722824514	35225.9527858345	36992.7792278703	27832.685491648	18070.8712368871	32036.4093907817	23087.5923419066	53687.8446118842
a82_gac-let-7h-1-3p	1841.37978818115	1923.80523758641	2171.39769173324	883.499039609064	1708.13189629217	1607.8234987531	669.666725734797	1476.17654052431	1248.70833046106	2451.05531080368	5275.68992624399	1249.49047750863	1372.51253429263	755.640112403568	260.878925830744
a191_gac-let-7g-5p	58082.0649119217	55458.4625446518	75381.6296412984	124114.472546395	151779.224457945	86494.3257052063	126012.372226066	123582.54964039	117083.698588799	172506.338450585	72981.3985460899	73459.2436371326	131821.063651843	100568.572943048	178042.728401413
a84_gac-let-7g-1-3p	2.00258813287781	18.9415755413046	5.44209947802816	0	0	7.83158060766244	1.13888898934489	0	9.10137267099899	21.7082193388409	0	6.58319535041426	0	0	0
a186_gac-let-7f-5p	15483.0101493448	10487.0444757814	20818.3628318054	30743.1292678294	40602.3818820678	19944.6863335339	30101.9748773748	32617.3381801546	22866.2886986178	23190.2986773382	10067.3153877107	15935.2826652128	21224.7732717402	20011.4103717109	40524.4910508125
a185_gac-let-7e-5p	115429.179979077	89781.4209722584	173526.783956406	240761.839776929	306040.8761337	151902.903782342	286891.830860925	272636.975110087	211042.629495124	242837.022159459	119282.062478736	196183.82967909	293403.843023927	144832.432636664	462023.067171766
a83_gac-let-7e-1-3p	103.133288843207	87.2959568425341	158.598327645392	109.008836727885	376.309260401423	205.970569981522	132.111122764007	253.607331739632	242.096513048573	371.99994048832	392.153490452515	238.311671684996	330.942274623829	117.826236014375	0
a193_gac-let-7d-5p	47666.6040328242	62855.5595669126	41846.6352149063	50733.9433580883	28497.1892911363	96360.5509547394	143719.8182324	148060.203898256	85307.1660452735	47281.4884572383	79976.8449252559	22833.1547533768	30182.4485344911	59903.7050452965	77230.5452867293
a91_gac-let-7c-2/d-3p	426.551272302974	461.186187092633	135.275044168129	178.458014965811	69.3657622859766	586.585387513917	248.277799677187	176.817860774644	220.253218638175	173.665754710728	0	61.2237167588526	76.1081716835163	62.7936227861042	219.345962514407
a189_gac-let-7c-2-5p	34651.7837572513	55353.0485590306	21816.5993646323	42263.7809236272	22253.4036133699	79278.3073333061	77889.7568702865	85189.8349334476	64878.2249479492	31769.9790023937	21012.8911967473	7263.23943011205	13846.5563584213	36899.3671695557	31212.0219322275
a190_gac-let-7b-5p	130566.743675501	214090.039969264	104911.238851862	101845.022127114	57705.3776457039	275270.660462606	428574.176691387	446878.347056301	258357.02546258	134868.233066005	371816.655533579	41808.5570314109	65977.2333696442	173701.977099156	327636.674836238
a81_gac-let-7b-1-3p	6235.05815171507	9404.90402963906	4397.21637824676	1999.08140902588	1112.45341266135	5699.82436625672	2315.36131533817	4086.00816555806	3119.95055161845	3327.27798229871	9003.19055163899	1887.40210696377	1728.25410081333	3134.74231504113	363.413429017952
a187_gac-let-7a-5p_gac-let-7c-2-5p	1172.51535179996	1397.55885624321	1006.78840343521	2122.15590210575	1216.50205609031	1271.84869068438	1353.00011934173	1824.76032319433	2278.98371681815	2329.6866299547	2348.83601052288	1073.06084211752	1565.77598148897	2101.82249752589	1589.93375195354
a188_gac-let-7a-5p	583682.347561099	623747.729668685	722411.495210848	1106834.41026941	1028281.52841543	970588.146817186	1177741.0483274	1389998.54634608	1164162.03917108	1258787.60764067	933572.445674615	527539.092849166	841488.717496803	833569.820466417	1728126.89995803
a85_gac-let-7a-5-3p	462.597858694775	383.772791402084	859.074274745874	480.869626533491	1459.28222409123	547.427484475605	225.500019890289	434.466743617697	538.80126212314	595.989294575451	649.504218561978	1059.8944514167	980.854751921272	351.362069072808	171.323473679891
a158_gac-let-7a-3/7-3p	485.62762222287	884.489223102657	387.94394850515	399.992102509576	652.03816548818	954.669676074051	240.305576751772	296.043618325547	467.810555289348	561.453491081841	367.643897299233	265.961092156736	390.80263437491	531.981927873287	720.337332517725
a267_REV_gac-let-7b-5p_gac-let-7c-2-5p	12.0155287972669	0	0.777442782575452	0	0	7.04842254689619	11.3888898934489	0	21.8432944103976	5.92042345604753	0	2.6332781401657	0	0	0
a257_REV_gac-let-7f-3p	28.0362338602894	31.2947769812858	19.4360695643863	10.5492422639888	15.6072965143447	54.0379061928708	47.8333375524855	0	18.202745341998	22.6949565815155	0	19.7495860512428	30.7853278719841	0	0
a266_REV_gac-let-7i-1-3p	0	0	6.21954226060361	0	0	3.91579030383122	0	0	0	0	0	9.87479302562139	9.40662796088404	36.6884088188474	0
a253_REV_gac-miR-103a-5p	0	0	5.44209947802816	11.4283457859879	30.3475210001148	0	0	0	0	24.6684310668647	0	11.8497516307457	0.855147996444004	0	0
a252_REV_gac-miR-10c-3p	0	3.29418705066167	0	0	0	0	0	0	7.28109813679919	0	0	0	0	57.8547985220286	0
a260_REV_gac-miR-132-3p	30.0388219931672	18.1180287786392	19.4360695643863	26.3731056599721	24.2780168000918	10.9642128507274	12.5277788827938	0	12.7419217393986	57.2307600751261	0	31.5993376819884	47.8882878008642	23.9885749969387	0
a250_REV_gac-miR-181b-2/3-5p	68.0879965178457	64.2366474879025	32.652596868169	28.1313127039702	122.257156029034	20.3621095799223	83.1388962221771	90.9348998269598	47.3271378891947	0	0	38.1825330324027	39.3368078364242	38.8050477891655	227.13339313622
a268_REV_gac-miR-190a-5p	38.0491745246785	23.0593093546317	10.1067561734809	19.3402774839795	128.326660229057	29.7600063091173	21.638890797553	31.3220210515084	1.8202745341998	30.5888545229122	0	13.8247102358699	11.972071950216	43.7438720532411	0
a261_REV_gac-miR-191-5p	38862.2253066269	23455.4353474737	55220.9834035518	51679.8587477593	38785.8659822038	38824.2777044258	28385.6691704321	40721.6585302884	64031.7972895463	53695.2805346231	37364.8747621787	82198.4354648075	90020.5744376638	17594.2086676076	43504.4811687597
a269_REV_gac-miR-27b-3p_gac-miR-27c-1-3p	52.0672914548232	41.1773381332708	32.652596868169	22.8566915719758	27.7463049143906	54.8210642536371	0	207.129494050297	12.7419217393986	74.0052932005941	0	72.4151488545569	92.3559836159524	24.694121320378	133.684225674461
a255_REV_gac-miR-460-3p	25.0323516609727	7.41192086398875	24.100726259839	0	23.4109447715171	0	27.3333357442774	0	9.10137267099899	0	0	0	0	0	0
a256_REV_gac-miR-730-3p	10.0129406643891	9.05901438931958	0	0	42.4865294001607	0	0	0	0	0	0	1.97495860512428	3.42059198577601	0	0
a254_REV_gac-miR-7bb-3p	0	0	0	5.27462113199441	57.2267538859307	0	0	0	0	2.96021172802377	0	0	0	0	0
