Gene	D1_P_M	D2_P_M	D3_P_M	D4_P_M	D5_P_M	D6_P_M	D7_P_M	D8_P_M	D9_P_M	D10_P_M	D12_M_MPP	D13_M_MPP	D20_M_MPP	D47_M_MPP	D61_M_MPP
a103_gac-miR-ENSGACG00000022167-5p	323	275	169	151	22	125	230	177	89	156	0	36	76	100	124
a109_gac-miR-ENSGACG00000022167-3p	118	94	51	16	45	55	28	37	40	41	0	6	8	0	128
a10_gac-miR-99a-5p	22496	49443	15949	20117	16867	48674	11954	12953	9956	15990	5137	18274	15077	25907	6578
a57_gac-miR-99a-3p	12	41	0	8	0	0	0	0	3	7	0	6	0	0	0
a165_gac-miR-92a-3p	399538	636031	781279	632826	858148	455820	306417	436186	274908	1860471	703097	1628249	1139090	660250	697040
a44_gac-miR-92a-2-5p	306	250	675	282	318	304	481	461	156	584	551	89	225	351	313
a181_gac-miR-9-5p	79	144	111	117	176	82	114	121	54	113	0	121	161	39	128
a46_gac-miR-9-1/3/5/6-3p	10	19	56	33	41	16	38	132	15	25	0	6	33	34	0
a167_gac-miR-8159-5p	1710	929	2249	197	0	404	53	209	210	79	0	17	74	13	200
a125_gac-miR-737-5p	1101	1456	4053	2595	3220	2543	2146	3756	974	2619	2820	2237	4969	2881	356
a97_gac-miR-734-5p	0	0	0	0	0	0	16	34	0	0	0	0	1	0	0
a177_gac-miR-730-5p	74	155	105	137	106	178	63	35	35	54	0	99	136	413	233
a168_gac-miR-727b-5p	3	17	1	11	0	13	74	39	27	5	38	0	0	0	0
a124_gac-miR-727b-3p	60	26	78	76	0	105	144	98	47	62	0	38	26	45	0
a232_gac-miR-725-3p	4401	644	2480	145	1124	10625	237	1450	180	833	189	6400	1619	566	0
a223_gac-miR-724-5p	246	506	333	920	182	1231	1715	3723	90	285	0	158	220	289	507
a248_gac-miR-722-3p	1067	496	528	338	249	332	308	309	155	117	0	68	108	243	95
a217_gac-miR-7147-5p	6	0	6	0	77	13	0	0	10	0	0	61	29	50	0
a156_gac-miR-7133-3p	1020	346	12541	2043	4388	523	491	864	477	1275	1124	2122	1028	418	100
a99_gac-miR-7132b-5p	481	215	2253	479	1546	259	373	426	306	340	0	2519	662	379	326
a98_gac-miR-7132a-5p_gac-miR-7132b-5p	177	143	1042	266	521	162	214	136	164	134	0	1005	318	237	242
a100_gac-miR-7132a-5p	177	61	340	100	33	120	67	110	77	91	0	510	147	236	0
a202_gac-miR-7-5p	159	116	365	345	2192	244	414	542	132	570	0	504	535	848	350
a105_gac-miR-551a-3p	344	3351	1498	2503	117	1397	885	3010	150	255	6327	5109	2358	14052	4839
a224_gac-miR-499a-5p	325	1439	427	1169	203	3009	2408	6261	128	497	134	238	1770	3530	1373
a182_gac-miR-489-3p	48	126	74	125	239	711	163	105	106	134	0	28	22	137	0
a75_gac-miR-460-5p	394	250	168	141	57	165	215	93	155	0	309	73	58	61	0
a47_gac-miR-458-3p	141	180	255	487	535	54	215	130	48	152	0	555	412	424	155
a60_gac-miR-456-3p	428	603	919	718	948	508	608	499	250	874	618	695	830	538	610
a164_gac-miR-455-5p	791	1507	720	764	194	959	685	701	356	343	84	695	712	617	431
a102_gac-miR-455-3p	1034	2189	903	1453	906	1756	1131	830	812	426	982	1096	671	1628	251
a155_gac-miR-454b-3p	208	286	273	339	803	424	114	243	149	333	0	882	1089	612	0
a1_gac-miR-451-5p	89571	225649	115193	72613	300988	144998	49659	73482	91599	328589	56574	236483	133870	357129	61618
a134_gac-miR-429a-3p	2061	221	1175	94	76	955	221	492	116	179	0	798	351	29	81
a17_gac-miR-425-5p	24135	19850	47398	33170	33146	43197	16534	23897	23077	33808	13175	102244	60578	17058	35047
a247_gac-miR-375a-3p	24095	4569	26489	2723	3289	33086	9220	20736	3985	13648	6498	28729	16026	3975	8286
a116_gac-miR-365-2b-5p	177	375	159	174	135	612	421	424	136	205	898	62	66	276	0
a136_gac-miR-365-2b-3p	4269	8874	2000	4072	8578	16584	1958	2956	2480	5140	687	1691	1262	7184	504
a205_gac-miR-34a-5p	0	28	6	14	0	30	0	0	2	31	0	29	6	36	0
a174_gac-miR-338-3p	269	215	241	212	213	339	196	160	50	80	0	294	285	1063	306
a3_gac-miR-338-1b-5p	4	21	0	5	0	45	0	0	3	15	0	8	0	32	0
a4_gac-miR-338-1a-5p	19	34	29	33	50	79	17	25	6	26	92	12	26	11	132
a122_gac-miR-33-5p	8	8	13	21	0	9	0	0	3	53	0	11	19	0	0
a43_gac-miR-31a-5p	2083	534	1513	990	2000	1884	922	2017	861	1059	576	1260	1323	864	219
a214_gac-miR-30e-5p	5874	4101	10013	4035	11417	2415	3069	4438	1175	3810	1073	8304	4946	12895	3853
a95_gac-miR-30e-3p	4530	5101	10047	8645	16044	7323	5551	8256	3045	5815	2126	11671	7364	14784	10157
a212_gac-miR-30c-2-5p	18501	18383	31337	24965	93984	30618	20572	21182	13310	22010	7290	47251	23915	36986	28121
a211_gac-miR-30c-1-5p_gac-miR-30c-2-5p	137	235	314	246	932	305	202	157	125	409	94	501	189	494	21
a213_gac-miR-30c-1-5p	5544	6545	10247	5727	2940	7836	3568	6903	1340	1352	4112	12123	6852	16323	5815
a210_gac-miR-30bb-5p	1452	1390	1799	951	3527	1948	844	737	637	958	171	1544	641	2168	845
a89_gac-miR-30bb-3p	101	65	91	113	110	106	58	102	36	95	0	133	86	125	0
a208_gac-miR-30a-5p	31179	34749	31334	33472	38488	37244	19093	22804	12782	34427	14889	56939	37218	45111	39603
a110_gac-miR-301c-5p	0	16	20	34	14	10	0	0	2	0	0	30	15	0	0
a111_gac-miR-301b-5p	22	7	18	25	0	14	0	108	2	48	0	14	48	0	0
a143_gac-miR-29b-2b-3p	29	0	12	0	0	0	0	0	2	0	0	9	2	25	0
a145_gac-miR-29b-1a/2a-3p	194	15	125	86	120	38	45	0	55	23	0	178	23	156	0
a107_gac-miR-29b-1a-5p	12	12	0	0	72	1	0	34	4	10	0	0	11	52	0
a146_gac-miR-29a-3p	461	384	367	260	795	196	145	576	122	608	47	652	315	1279	199
a33_gac-miR-29a-3b-5p	48	44	35	191	352	43	1	27	56	161	0	60	139	26	152
a228_gac-miR-27e-3p	3544	3923	3711	2993	2295	6252	3523	3505	1689	1865	263	2331	2380	5237	1024
a59_gac-miR-27c-1-5p	1116	996	799	1270	550	906	1138	262	339	481	567	1325	952	952	741
a231_gac-miR-27c-1-3p	7601	7760	12886	7101	9117	6219	6223	3930	3101	4150	4112	24160	14216	11567	3634
a36_gac-miR-27b-5p	643	923	550	514	250	519	835	233	265	349	727	319	321	464	181
a230_gac-miR-27b-3p	13330	17581	12015	7902	6236	9420	9225	7293	3833	5481	5039	12431	10449	11098	3760
a42_gac-miR-27a-5p	183	108	296	200	88	259	147	226	73	66	1	286	161	67	145
a227_gac-miR-27a-3p_gac-miR-27b-3p_gac-miR-27e-3p	117	75	174	109	11	132	12	58	52	80	0	98	70	124	0
a229_gac-miR-27a-3p	793	276	1170	257	458	490	345	233	123	174	560	1236	614	1035	341
a74_gac-miR-26b-3p	325	383	422	233	1033	620	236	285	233	1438	500	288	455	547	411
a73_gac-miR-26a-1b-3p	216	149	230	197	436	179	77	218	159	317	0	506	351	182	186
a226_gac-miR-26-5p	100716	148537	144579	166390	293821	161126	104596	98255	71535	313173	63713	260688	274315	259636	109397
a197_gac-miR-24-6-5p	147	88	141	112	15	141	75	220	35	1	25	151	87	239	0
a196_gac-miR-24-4a-5p	5	0	0	0	53	0	0	0	0	0	0	0	6	0	0
a206_gac-miR-24-3p	5577	5370	6682	3595	3213	4592	3186	2318	2040	1776	1410	6435	4954	4252	976
a198_gac-miR-24-3-5p	20	8	42	15	0	12	16	0	2	0	0	4	9	0	0
a199_gac-miR-24-2-5p	816	617	547	558	264	723	342	407	275	389	493	1174	506	462	662
a119_gac-miR-23b-2-5p	779	682	311	379	112	298	464	294	247	214	883	144	157	184	171
a50_gac-miR-23b-2-3p	13450	17098	11091	6861	4224	8852	6048	4203	3464	3092	3591	5754	4841	5097	955
a49_gac-miR-23a-3p_gac-miR-23b-2-3p	81	58	170	35	67	36	12	45	43	58	259	150	69	153	0
a51_gac-miR-23a-3p	95580	102048	166318	86670	68625	121288	60602	51289	44554	58529	59413	159924	119961	59897	29117
a114_gac-miR-23a-3-5p	455	293	617	317	79	379	166	200	132	203	328	406	397	326	212
a112_gac-miR-23a-2-5p	389	256	380	325	209	365	100	189	157	159	0	436	316	370	155
a118_gac-miR-23a-1-5p	173	130	167	109	0	175	168	75	39	59	0	75	80	89	0
a79_gac-miR-22b-5p	1708	4986	2574	1993	2963	3119	1540	2771	1480	7601	2479	2047	2740	2150	1135
a14_gac-miR-22b-3p	78	157	120	131	287	69	38	0	63	191	141	248	188	135	116
a45_gac-miR-22a-5p	2702	8129	2974	2935	2883	7279	2416	3244	1785	2986	1926	2187	2208	3225	360
a13_gac-miR-22a-3p	191622	218084	227863	218218	72301	268372	239869	214160	116813	111670	50206	131658	108935	93826	90274
a219_gac-miR-223-5p	952	590	2168	1369	2656	1158	901	1056	789	1309	421	3538	3195	803	1014
a173_gac-miR-223-3p	41005	26536	88008	41121	74241	42136	10791	18426	21295	39005	17047	105852	73131	33042	22288
a201_gac-miR-222c-5p	93	98	72	134	306	126	158	147	57	65	188	145	85	338	127
a200_gac-miR-222a-5p	215	112	180	181	284	114	320	182	54	16	178	321	124	980	108
a39_gac-miR-222-3p	11533	9460	10742	6730	8245	12339	5843	6293	4218	3430	3573	9168	4749	11304	4306
a25_gac-miR-221a-5p	95	74	61	18	0	27	46	36	7	15	0	45	22	0	0
a40_gac-miR-221-3p	12117	8789	8401	4635	5859	8101	3125	3935	2516	2704	3998	6000	3492	6613	1654
a77_gac-miR-21a-3p	43	89	206	35	57	9	40	19	32	32	161	172	63	186	0
a238_gac-miR-218b-5p	1	6	1	0	50	16	0	0	6	0	0	6	0	0	0
a237_gac-miR-218a-2-5p_gac-miR-218b-5p	24	29	0	5	22	18	0	12	2	0	0	26	1	20	0
a239_gac-miR-218a-2-5p	588	735	417	632	412	626	929	1000	229	591	0	532	564	804	441
a15_gac-miR-2188-5p	13244	29628	11272	10353	36549	16073	4535	5089	10512	41236	11581	26037	19218	44477	8101
a108_gac-miR-2188-3p	18835	67080	31559	55669	108095	57840	46899	56367	51935	166527	28739	52738	77947	69149	82995
a5_gac-miR-2184-5p	158	227	112	112	242	141	410	204	117	76	0	300	212	546	308
a142_gac-miR-217a-5p	158	154	441	126	25	87	52	78	50	35	165	10	20	20	54
a135_gac-miR-216b-5p	34	36	82	17	0	14	0	0	0	0	0	0	0	26	0
a58_gac-miR-214a-3p	5841	17914	3447	5621	6276	16968	4033	3310	3767	5642	4465	4069	3017	18582	2618
a27_gac-miR-212b-5p	10	5	15	19	0	13	0	0	0	0	0	0	0	0	0
a26_gac-miR-212a-5p	12	54	27	67	21	75	37	0	8	41	0	69	67	10	0
a38_gac-miR-210-5p	4045	3513	4853	4026	3499	4012	1424	1723	1595	2803	513	4252	3009	3862	1176
a94_gac-miR-210-3p	523	307	798	389	1467	249	266	216	135	482	148	1513	534	1553	144
a52_gac-miR-21-5p	195784	212114	296374	263999	451595	300090	212405	227740	166499	231336	107227	391938	277116	317490	160536
a56_gac-miR-20b-5p	0	0	0	0	0	0	0	0	0	0	204	12	0	0	0
a126_gac-miR-20a-5p	178	384	503	377	1463	259	183	138	102	399	0	1099	438	1013	71
a203_gac-miR-206-1-3p	8246	72617	9943	101256	9786	119642	31322	56500	9443	10888	4325	2428	24509	79510	5111
a240_gac-miR-205-1a-3p	491	107	481	79	141	1331	222	401	44	75	0	256	154	27	0
a178_gac-miR-205-1-5p	31233	16239	26060	3652	4571	117044	5190	14584	5183	12248	4581	40547	17665	5876	2345
a101_gac-miR-204-2b-3p	94	95	60	62	70	105	169	233	108	27	0	6	0	0	0
a233_gac-miR-204-1/2b-5p	58764	24841	14589	24307	23732	71781	32561	37371	40880	28229	873	2437	2727	10302	1527
a234_gac-miR-202-5p	67	103	65	30	0	0	8	117	0	220	509	28	30	0	0
a67_gac-miR-200b-5p	101	29	79	19	0	179	0	36	4	57	0	111	72	0	0
a133_gac-miR-200b-3p	59446	11414	45406	4794	8728	71177	9047	28174	6433	15103	3960	39540	19716	2727	2794
a128_gac-miR-200a-3p	10690	1046	8349	454	835	5876	1914	3295	746	928	350	7446	2864	431	427
a221_gac-miR-19c-3p	22	0	10	31	0	15	0	0	2	48	0	8	5	0	0
a220_gac-miR-19b-3p	382	741	507	504	1508	300	228	286	203	1357	507	1213	815	845	0
a157_gac-miR-19b-2-5p	110	107	89	114	244	142	56	166	51	221	0	94	122	100	169
a106_gac-miR-19a-1-5p	0	0	0	0	0	0	0	0	1	11	0	0	0	48	0
a222_gac-miR-19a-1-3p	48	238	169	118	385	50	31	35	72	320	0	248	187	221	0
a72_gac-miR-199-5p	7883	14972	5827	6737	5608	13510	7290	3731	4028	4295	3743	13335	6610	21304	5501
a20_gac-miR-199-3p	34935	94236	33665	56175	31957	93704	56925	53787	30733	44603	11613	29862	42172	48126	13321
a153_gac-miR-196d-5p	163	113	72	170	108	290	384	206	143	173	0	13	70	61	0
a69_gac-miR-196d-3p	492	638	148	490	149	1033	296	497	296	334	0	45	124	196	119
a154_gac-miR-196a-5p	988	1099	621	838	730	3064	620	1266	629	719	0	173	684	216	120
a216_gac-miR-194b-5p	38	21	11	0	0	14	14	0	2	0	0	0	0	36	0
a215_gac-miR-194a-5p	6566	4179	4279	1337	512	1359	642	972	1027	372	0	350	353	1219	384
a71_gac-miR-194a-3p	132	18	35	16	0	43	0	0	19	0	0	0	0	0	0
a207_gac-miR-193a-2-5p	569	2363	286	849	783	2837	602	845	642	1185	1065	226	154	1603	1
a195_gac-miR-190b-5p	0	15	84	6	0	0	0	0	0	0	0	0	0	0	0
a131_gac-miR-18c-5p	114	48	539	255	734	165	134	28	80	273	0	223	178	22	344
a130_gac-miR-18a/b-5p	191	67	359	87	120	135	13	23	52	121	0	259	177	302	178
a32_gac-miR-18a-3p	86	168	221	94	248	183	64	94	110	546	0	199	253	150	0
a76_gac-miR-184-5p	58	9	58	0	43	128	3	0	13	6	0	8	10	0	0
a204_gac-miR-184-3p	21144	3240	13528	953	3016	40768	4235	11220	2374	3872	2383	13995	8361	1037	624
a159_gac-miR-183-5p	855	280	847	387	522	1328	340	608	224	417	161	1196	770	212	340
a243_gac-miR-182b-5p	6	10	0	10	0	41	19	81	15	77	0	30	31	38	0
a241_gac-miR-182a-5p_gac-miR-182b-5p	47	17	116	11	0	102	9	64	5	25	0	39	37	23	0
a242_gac-miR-182a-5p	601	123	365	157	205	784	166	562	93	164	0	227	258	60	292
a87_gac-miR-181b-3-3p	56	0	13	4	0	3	28	0	0	0	0	9	10	0	0
a8_gac-miR-181b-2/3-5p_gac-miR-181c-5p	3363	2388	2813	2309	1893	3015	1790	2305	1179	1190	1084	2125	2138	2806	1069
a88_gac-miR-181b-2-3p	2	0	0	3	0	0	20	0	3	0	0	0	4	79	0
a7_gac-miR-181b-1-5p	1562	1235	1383	1413	1268	1531	1207	676	753	660	75	1582	969	967	340
a6_gac-miR-181a-5p	13642	12847	15513	14998	14663	15032	10826	7444	5473	7430	4315	31860	19841	30336	11563
a23_gac-miR-181a-3-3p	482	586	373	486	200	669	466	517	252	502	646	689	724	543	725
a21_gac-miR-181a-2-3p_gac-miR-181a-3-3p	56	82	120	57	45	117	14	90	31	72	0	87	75	48	1
a22_gac-miR-181a-2-3p	1830	2825	1771	1778	402	2969	1812	1377	1110	1061	474	1336	860	2277	2872
a24_gac-miR-181a-1-3p	362	349	662	277	673	496	299	195	203	126	0	501	120	399	212
a2_gac-miR-17a-5p	134	103	389	140	1010	145	0	39	62	61	102	703	219	380	0
a31_gac-miR-17a-1-3p	14	0	8	0	0	0	0	0	0	17	0	7	7	38	0
a115_gac-miR-1788-5p	11	0	0	0	0	18	0	42	0	0	0	24	0	0	0
a150_gac-miR-16c-5p	77584	159188	177129	282618	552378	198670	144971	164221	134692	523267	77685	345634	433016	271277	178808
a149_gac-miR-16a-5p_gac-miR-16c-5p	4589	8571	10973	13449	24623	9852	6531	7673	5948	22652	3811	19944	17967	13731	8108
a151_gac-miR-16a-5p	5018	5536	11377	9137	40358	6265	3712	4153	4211	14853	1381	13992	16799	12818	6874
a152_gac-miR-15c-5p	31040	65352	82425	81561	136126	58148	39935	46847	35314	150658	63535	162149	132000	115245	88489
a147_gac-miR-15b-1-5p	82	177	83	72	436	77	10	121	64	145	122	965	191	686	0
a148_gac-miR-15a-2-5p	24397	30453	48448	43951	87441	27198	15105	16738	16925	73178	14405	75384	75608	52344	16500
a225_gac-miR-155-5p	1668	296	3159	2222	6230	812	1862	2072	1175	1005	263	2243	729	1025	1311
a235_gac-miR-153c-3p	0	9	0	0	0	0	0	0	0	0	0	0	1	45	0
a16_gac-miR-152a-5p	745	1310	1058	952	1305	1410	787	524	429	952	156	1116	625	1299	811
a169_gac-miR-152a-3p	2711	3188	3859	1869	1711	1068	1863	1952	624	1729	389	2255	1541	1597	174
a29_gac-miR-150-5p	11182	30441	11188	2870	1701	4883	1657	8372	1668	6460	5177	7871	2681	16310	4507
a78_gac-miR-150-3p	32	104	36	8	0	0	0	129	4	34	0	7	6	148	0
a170_gac-miR-148a-3p	2986	3159	3537	1460	1463	1481	1659	1970	724	1350	250	1047	1034	2055	189
a183_gac-miR-146a-5p	88678	30960	61150	47960	23411	29520	47667	47591	14962	13356	10778	73128	47580	60768	37964
a53_gac-miR-146a-3p	986	463	825	545	422	684	529	332	253	371	1107	797	824	1044	324
a121_gac-miR-145-5p	2576	10378	3701	2900	3222	4400	1054	1520	1073	2141	1793	5218	5226	5694	1200
a113_gac-miR-145-3p	2286	4554	3071	3570	1264	3364	2008	3410	1204	1303	140	4043	5355	2065	2874
a48_gac-miR-144-5p	6899	7757	9329	12482	120039	8946	11862	12112	7672	19941	1668	11437	11311	56815	17416
a80_gac-miR-144-3p	562	1005	1118	426	4959	423	711	578	377	1421	503	1160	810	6405	928
a120_gac-miR-143-5p	31	60	81	16	153	29	0	0	11	16	0	60	82	40	0
a55_gac-miR-143-3p	34967	91279	57231	61569	46012	49184	52870	55918	17567	20318	9464	54550	68857	121726	112070
a66_gac-miR-142-5p	1120	333	3814	1190	6256	325	611	707	318	832	407	3156	880	3078	1230
a218_gac-miR-142-3p	240	290	1557	528	2690	139	85	356	195	449	590	1264	677	1268	136
a65_gac-miR-140-5p	110	1232	231	163	1245	211	159	308	83	161	65	387	342	652	0
a139_gac-miR-140-3p	3109	28413	4432	4659	16157	4396	4569	3099	2620	9003	3460	15812	6759	14454	5828
a180_gac-miR-139-5p	1559	1171	1241	869	777	997	877	711	384	424	1180	1863	1747	2174	601
a54_gac-miR-1388-3p	798	323	2851	4498	3930	309	931	560	529	631	143	2086	1124	1598	1516
a160_gac-miR-135c-5p	295	149	62	118	46	101	211	92	68	12	0	32	18	77	0
a162_gac-miR-135b-5p	5	31	20	17	0	67	31	0	2	82	0	9	20	30	0
a161_gac-miR-135a-1-5p	0	88	0	30	0	30	0	0	6	7	0	3	11	0	0
a246_gac-miR-133b-3p	5	124	7	57	68	110	29	1	5	5	0	9	12	137	0
a41_gac-miR-133a-5p	30	336	80	237	0	177	28	74	6	66	0	17	69	171	0
a245_gac-miR-133a-3p_gac-miR-133b-3p	23	155	3	86	0	85	0	46	7	0	0	39	18	286	0
a236_gac-miR-133a-3p	2068	27735	2135	23694	1701	25101	2408	4565	825	2392	739	2533	9469	31305	300
a64_gac-miR-130c-3p	58	0	61	22	230	35	15	0	17	30	0	97	74	119	0
a104_gac-miR-130c-2-5p	120	116	237	238	401	420	94	370	122	171	0	223	313	128	129
a30_gac-miR-130b-5p	6070	10272	9907	7363	5776	15603	6269	9948	6071	10834	6717	10406	9500	5849	6785
a62_gac-miR-130b-3p	49	50	101	48	85	28	0	131	11	66	0	191	176	118	0
a70_gac-miR-1306-5p	139	466	199	121	114	171	92	470	104	632	1252	154	210	265	130
a96_gac-miR-129-1a/2-5p	0	16	16	70	26	16	9	0	16	45	0	11	7	34	0
a117_gac-miR-128-2-5p	5	0	23	3	0	10	0	84	2	0	0	7	14	0	0
a166_gac-miR-128-2-3p	19754	31648	36262	35791	43874	27553	28870	33709	18063	78737	20053	36020	53094	26567	30399
a68_gac-miR-126b-5p	2885	3957	4937	1723	1683	3426	960	2212	877	1727	2670	5858	3931	4466	1086
a179_gac-miR-126b-3p	83994	103435	174169	89415	87671	127712	97715	120211	38703	46678	65183	170403	82745	217750	73301
a175_gac-miR-125b-2/3-5p	86821	268507	71650	86998	66031	248631	50476	81022	63185	88089	33070	49765	52828	104588	27330
a28_gac-miR-125b-2-3p	490	714	152	344	142	730	872	916	252	273	0	42	133	208	183
a176_gac-miR-125a-5p	46645	98607	48189	47063	28406	128096	52304	63802	37896	36632	43604	100264	51159	119043	65384
a61_gac-miR-125a-1-3p_gac-miR-125a-2-3p	51	152	58	66	112	134	8	131	38	52	0	43	42	74	0
a129_gac-miR-124-3p	42	19	96	15	99	20	0	0	6	3	0	0	12	0	0
a123_gac-miR-122-5p	616404	483946	466665	166239	6436	149433	175020	176633	198393	88943	4982	6872	32060	31438	75676
a11_gac-miR-122-3p	2836	2132	2391	602	0	705	418	280	682	188	0	152	127	474	413
a141_gac-miR-10c-5p	3632	8566	9152	6998	1732	5928	4280	6487	1277	1771	3511	10489	4717	8896	8742
a140_gac-miR-10b-5p	31801	59112	37972	57380	27124	94933	55242	66993	28735	34197	14837	37422	65116	28155	25789
a132_gac-miR-10545-5p	19	12	0	15	38	22	17	0	6	0	0	17	4	15	66
a90_gac-miR-10545-3p	142	43	26	20	0	54	117	23	25	49	0	31	3	23	0
a37_gac-miR-103-3p	2239	3402	4296	2970	5958	2238	1807	1994	1211	3993	1389	4496	4090	3347	1818
a172_gac-miR-101b-5p	707	1076	894	796	2000	661	371	347	417	2216	838	1459	1397	2218	40
a19_gac-miR-101b-3p	170	225	308	55	274	20	35	39	48	109	0	118	73	371	0
a138_gac-miR-101a-3p	9037	15614	19973	9961	13771	6059	7531	9396	4147	28600	7721	19798	14546	15213	6053
a9_gac-miR-100-2-5p	68691	172197	62711	118648	52939	171155	78163	102560	43147	72353	24856	92264	88873	79851	64393
a18_gac-miR-1-3p	13716	80653	16642	159224	11798	111944	50679	95401	7615	12990	868	8213	58496	129289	23584
a194_gac-let-7j-5p	7576	5677	13782	16695	29908	9320	10970	10302	6304	12871	2297	16109	15745	15273	12514
a92_gac-let-7j-3p	158	180	269	173	702	224	155	133	74	307	145	576	288	254	311
a192_gac-let-7i-5p	1615	1726	2074	2853	1728	2637	3499	2934	924	867	729	3880	2955	3571	2968
a184_gac-let-7h-1-5p	20457	21007	38460	43747	42214	37150	39103	39178	19352	37490	13627	27450	37463	32723	41365
a82_gac-let-7h-1-3p	1839	2336	2793	1005	1970	2053	588	1461	686	2484	2583	1898	1605	1071	201
a191_gac-let-7g-5p	58007	67341	96961	141183	175048	110443	110645	122312	64322	174825	35732	111586	154150	142540	137177
a84_gac-let-7g-1-3p	2	23	7	0	0	10	1	0	5	22	0	10	0	0	0
a186_gac-let-7f-5p	15463	12734	26778	34971	46827	25467	26431	32282	12562	23502	4929	24206	24820	28363	31223
a185_gac-let-7e-5p	115280	109018	223202	273872	352959	193962	251905	269834	115940	246101	58401	298007	343103	205277	355976
a83_gac-let-7e-1-3p	103	106	204	124	434	263	116	251	133	377	192	362	387	167	0
a193_gac-let-7d-5p	47605	76323	53826	57711	32866	123041	126193	146538	46865	47917	39157	34684	35295	84904	59504
a91_gac-let-7c-2/d-3p	426	560	174	203	80	749	218	175	121	176	0	93	89	89	169
a189_gac-let-7c-2-5p	34607	67213	28062	48076	25665	101229	68391	84314	35642	32197	10288	11033	16192	52299	24048
a190_gac-let-7b-5p	130398	259961	134944	115851	66552	351488	376309	442284	141933	136681	182043	63508	77153	246195	252435
a81_gac-let-7b-1-3p	6227	11420	5656	2274	1283	7278	2033	4044	1714	3372	4408	2867	2021	4443	280
a187_gac-let-7a-5p_gac-let-7c-2-5p	1171	1697	1295	2414	1403	1624	1188	1806	1252	2361	1150	1630	1831	2979	1225
a188_gac-let-7a-5p	582928	757392	929215	1259049	1185924	1239326	1034114	1375708	639553	1275707	457081	801342	984027	1181453	1331474
a85_gac-let-7a-5-3p	462	466	1105	547	1683	699	198	430	296	604	318	1610	1147	498	132
a158_gac-let-7a-3/7-3p	485	1074	499	455	752	1219	211	293	257	569	180	404	457	754	555
a267_REV_gac-let-7b-5p_gac-let-7c-2-5p	12	0	1	0	0	9	10	0	12	6	0	4	0	0	0
a257_REV_gac-let-7f-3p	28	38	25	12	18	69	42	0	10	23	0	30	36	0	0
a266_REV_gac-let-7i-1-3p	0	0	8	0	0	5	0	0	0	0	0	15	11	52	0
a253_REV_gac-miR-103a-5p	0	0	7	13	35	0	0	0	0	25	0	18	1	0	0
a252_REV_gac-miR-10c-3p	0	4	0	0	0	0	0	0	4	0	0	0	0	82	0
a260_REV_gac-miR-132-3p	30	22	25	30	28	14	11	0	7	58	0	48	56	34	0
a250_REV_gac-miR-181b-2/3-5p	68	78	42	32	141	26	73	90	26	0	0	58	46	55	175
a268_REV_gac-miR-190a-5p	38	28	13	22	148	38	19	31	1	31	0	21	14	62	0
a261_REV_gac-miR-191-5p	38812	28481	71029	58787	44732	49574	24924	40303	35177	54417	18294	124861	105269	24937	33519
a269_REV_gac-miR-27b-3p_gac-miR-27c-1-3p	52	50	42	26	32	70	0	205	7	75	0	110	108	35	103
a255_REV_gac-miR-460-3p	25	9	31	0	27	0	24	0	5	0	0	0	0	0	0
a256_REV_gac-miR-730-3p	10	11	0	0	49	0	0	0	0	0	0	3	4	0	0
a254_REV_gac-miR-7bb-3p	0	0	0	6	66	0	0	0	0	3	0	0	0	0	0
