Gene	O25_F	O32_F	O55_F	O59_F	O63_F	O49_M	O51_M	O29_M	O33_M	O38_M	O39_M	O46_M	O53_M
miR-ENSGACG00000022167-5p	249.240716357432	101.093184992181	372.522035416838	5.55861849735513	99.8101433852452	765.571030666062	80.57230158866	1153.53076162252	365.592446014545	247.25186781413	310.975085389328	1585.73602312872	188.175303880394
miR-ENSGACG00000022167-3p	146.126944814759	76.3464157493031	27.515832161471	12.6332238576253	377.282341996227	88.8231582540735	266.13275373224	885.338669092049	119.355180904748	0	248.553079198039	251.780986878454	46.8309579792836
miR-99a-5p	16923.6214071351	9352.69919279222	12622.0060863773	7747.70352740444	22004.1442107112	30962.2725813991	6762.37630202198	25235.9616158923	14519.3964662776	16066.0350366707	12061.066541724	24819.7949757491	19207.5045472123
miR-92a-3p	112298.557090142	87292.9121867377	166720.543668827	326482.930797382	363352.838385382	285498.778999605	157497.689203393	191629.345387848	185299.455990572	98349.3220967142	105900.635921871	250588.658647322	211013.484878946
miR-92a-1-5p	334.677841349932	125.313427229891	172.855868706677	262.771056238606	425.191210821144	388.07260808625	257.994137410154	405.335776210818	321.506298112791	234.800334902627	138.463359187949	335.304487333325	252.035701124872
miR-9-5p	193.264668948552	181.125289777657	1380.73034717945	1337.60574204537	0	41.2393234751056	2197.42640696345	51.8098360570218	91.3981115036362	1785.90557759271	307.570248687985	177.941370534292	104.731051480943
miR-9-1/3/5/6-3p	25.3365267219139	55.2853355425988	426.142631423807	91.4645407292072	21.9582315447539	8.45934840514986	319.033759825805	50.2860173494623	8.60217520034223	272.154933637136	148.677869291978	38.735536442839	129.423738415475
miR-8160a-5p_gac-miR-8160b-5p	0	0	0	0	0	0	57.7841758868167	0	0	0	0	0	0
miR-8159-5p	24.158083618569	1773.86948040967	103.713521224006	0	0	0	7921.31526628715	3.04763741511893	0	1901.5269546281	1.13494556711433	44.7879640120326	0
miR-737-5p	1008.74729646318	1480.06741152615	795.136996050713	759.509418320433	325.381067435899	124.77538897596	603.071469466637	696.385149354676	963.443622438329	97.8334728760948	797.866733681377	555.612850851972	390.825631136203
miR-730-5p	3.53532931003449	2.63263502583804	11.288546527783	0	0	14.8038597090122	0	10.6667309529163	7.52690330029945	0	10.214510104029	29.0516523321293	9.36619159585671
miR-725-3p	29.4610775836208	856.13291040253	2390.34972725804	1110.20771260811	2096.01301109015	1090.19852571369	406.930816104343	1116.95911264109	1522.58501046057	282.82767613271	2719.32957880595	577.401590101069	4722.2635082383
miR-724-5p	765.398795622468	31.5916203100565	91.7194405382367	4.54796058874511	0	173.416642305572	33.3683269205562	958.481967054904	106.451918104235	112.063796203527	47.667713818802	134.363892036098	1412.59198704784
miR-722-3p	123.147304299535	1158.8859383739	180.616744444528	42.952961115926	81.844317575901	58.1580202854053	116.382213405842	21.3334619058325	155.914425506203	110.285005787598	145.273032590635	35.1040799013229	17.8809112284537
miR-7147-5p	0	1.57958101550282	0	42.447632161621	0	0	0	1.52381870755947	0	0	0	14.5258261660646	0
miR-7133-3p	254.543710322484	211.137329072211	322.429110199801	1033.90304050805	331.369676039014	101.512180861798	89.5247795429555	341.33539049332	255.914712210181	0	191.805800842323	524.140227492165	257.14453290443
miR-7132b-3p	399.492212033898	373.307646663834	1297.47731653706	1998.57601427632	554.944397221963	710.585266032588	921.291367660233	419.050144578853	718.281629228576	720.410118451243	786.517278010234	811.025294271942	523.655257404716
miR-7132a-5p_gac-miR-7132b-5p	387.118559448777	493.355803842048	507.984593750234	734.748299559487	191.635475299671	259.067544907714	1193.93501445014	626.28948880694	775.271039930843	263.260981557491	678.697449134372	658.504119528263	764.621823007212
miR-7-5p	592.167659430778	323.287581172911	4241.67135781445	1275.45028066585	439.164630895079	3345.67229423677	477.736778106499	220.953712596122	201.075845308	346.864131106154	145.273032590635	146.468747174485	389.122687209683
miR-551a-3p	194.443112051897	30.5385662997212	130.523819227491	92.9805275921222	31.9392458832785	130.062481729179	41.506943242643	64.0003857174975	154.83915360616	1358.99587776975	241.743405795353	369.198081720809	128.572266452215
miR-499a-5p	9421.65261124193	75.8198887441355	70.5534157986436	89.4432249119871	233.555735521474	159.670201147204	16.2772326441737	4146.31070326931	354.839727014117	457.149136893752	860.288739872666	734.764706900103	1155.44745414341
miR-489-3p	87.7940111991899	17.3753911705311	57.8538009548877	71.7567115113117	69.8671003696716	104.684436513729	101.732704026086	85.33384762333	46.2366917018395	0	23.833856909401	185.204283617324	199.24443940277
miR-460-5p	6.48143706839657	374.887227679337	29.6324346354303	8.08526326888019	0	0	169.283219499407	4.5714561226784	13.9785347005561	124.51532911503	0	16.9467971937421	0
miR-458-3p	23.5688620668966	40.5425793979058	0	0	0	25.3780452154496	31.7406036561388	6.09527483023786	20.4301661008128	215.233640327408	34.04836701343	20.5782537352582	14.4750233754149
miR-456-3p	318.179637903104	633.9385142218	513.628867014125	300.165398857177	616.826686120815	310.881053889257	851.299267290286	320.001928587488	372.044077414801	538.973496026486	364.317527043701	323.199632194938	293.757827324597
miR-455-5p	377.101793070346	271.161407661318	120.646341015681	99.0444750437823	101.80634625295	254.837870705139	134.287169314433	356.573577568915	290.32341301155	405.564214831811	274.656827241669	190.046225672679	115.800187003319
miR-455-3p	360.603589623518	359.091417524308	503.751388802315	160.694607468994	181.654460961146	178.703735058791	147.308955429772	510.479267032421	558.066116122202	378.882358592876	562.93300128871	521.719256464488	242.669509529015
miR-454b-3p	45.370059478776	53.1792275219284	43.743117795159	0	0	30.6651379686682	33.3683269205562	48.7621986419029	51.6130512020534	0	40.858040416116	15.7363116799034	5.10883177955821
miR-451-5p	92777.6470832352	67345.4365959629	25819.7280456716	21326.9031874887	49611.62987107	64544.8283312934	43891.5578250145	75048.0713473037	42345.2826955847	26311.8678324217	48246.5360580304	45047.0079119941	91407.2181998554
miR-429a-3p	136.110178436328	322.761054167744	462.124873481115	191.014344727294	81.844317575901	464.206743732598	18.7188175407998	373.335583352069	591.399545023528	193.888155336261	296.220793016841	290.516523321293	579.000935016597
miR-425-5p	4443.31972116169	3122.30514064391	14883.2430627239	21229.3746993079	11540.048778202	14312.1600829629	8010.8400458301	8198.14464666992	15817.2496496293	6613.54276642401	12504.8302584657	15051.1768790706	17167.3777232421
miR-375a-3p	565.063468053847	1398.45572572517	682127.356761078	22744.3509043143	31751.6028137142	434589.507547618	3878.8645391066	9013.38765521424	14796.8166164887	6405.42428776031	13226.6556391505	11054.1537123752	47064.2612972167
miR-365-2b-5p	15.9089818951552	16.3223371601958	48.6818569010641	6.06394745166014	93.8215347821305	131.119900279823	1.62772326441737	42.666923811665	46.2366917018395	67.5940358053018	9.07956453691468	137.995348577614	21.2867990814925
miR-365-2b-3p	547.386821503674	263.790029588971	273.747253298737	186.466384138549	1503.14075938179	797.293587185374	412.627847529804	717.718611260508	419.356041016684	314.845903619432	331.404105597386	1274.64124607217	1280.61383274259
miR-34a-5p	50.6730534438277	71.081145697627	0	154.630660017334	0	5.28709275321866	0	3.04763741511893	21.5054380008556	0	4.53978226845734	4.84194205535488	0
miR-338-3p	120.790418092845	152.692831498606	63.4980742187792	48.5115796132811	197.624083902785	181.875990710722	127.776276256764	155.429508171065	38.70978840154	313.067113203503	130.518740218148	110.154181759323	46.8309579792836
miR-338-1a-5p	9.42754482675865	10.5305401033522	0	21.2238160808105	0	16.9186968102997	0	25.9049180285109	3.22581570012834	90.7183112123788	40.858040416116	33.8935943874841	0
miR-33-5p	17.0874249985001	1.57958101550282	0	7.07460536027017	0	0	0	4.5714561226784	0	0	0	16.9467971937421	0
miR-31a-5p	947.468255089244	140.056183374584	3.52767078993218	74.7886852371418	3.99240573540981	176.588897957503	0	271.239729945585	288.172869211465	197.445736168119	401.770730758474	163.415544368227	395.082990952501
miR-30e-5p	5893.98318137917	1835.47314001428	934.832759332028	1611.99936423299	546.959585751144	1138.8397790433	741.427946942113	1286.10298918019	796.776477931699	1323.42006945117	556.123327886024	1197.17017318649	1329.14773464839
miR-30e-3p	2781.71494544547	3232.87581172911	6768.18917756388	6189.77436128209	2878.52453523047	1188.53845092355	4709.00340395946	1974.86904499707	2509.68461469984	1707.63879929184	2451.48242496696	1992.45915577853	5732.10925666431
miR-30c-2-5p	5555.18078916753	11342.9712723258	10523.7475005257	7824.0081995045	7727.30130088568	2464.84264155054	6492.17424012869	3364.5917062913	7182.81629228576	3148.45903619432	10031.7838677236	4610.73932221168	6116.97458405769
miR-30c-1-5p_gac-miR-30c-2-5p	115.487424127793	112.676779105868	243.40928450532	22.7398029437255	133.745592136229	12.6890226077248	85.4554713819121	67.0480231326165	129.032628005133	0	121.439175681234	65.3662177472908	70.6721729505552
miR-30c-1-5p	1982.14129982601	1778.08169645101	3387.97502665086	618.522640069335	1211.69514069688	940.045091522278	916.408197866981	1363.81774326572	3887.10791865464	1453.27176981399	3310.63621927251	1785.46613291211	1916.66338929759
miR-30bb-5p	1148.39280420954	831.386141159653	666.729779297182	713.019154524372	776.522915537207	427.197094460068	732.475468987818	515.050723155099	509.678880620277	227.685173238911	893.202161318981	683.924315318876	421.478621813552
miR-30bb-3p	43.6023948237588	62.6567136149453	80.4308940104537	100.560461906697	0	35.9522307218869	71.6198236343644	57.9051108872597	35.4839727014117	0	53.3424416543737	4.84194205535488	0
miR-30a-5p	22202.4572885683	22493.2336607602	26389.0941111667	28786.063881985	17213.2573282194	22444.7661559639	28384.2382849102	18819.1610383594	16807.5750695687	21372.1668473869	17892.4168655575	16388.7633718624	21931.3633576801
miR-29b-1a/2a-3p	86.6155680958451	82.1382128061468	4.93873910590505	140.481449296793	0	82.4786469502111	78.9445783242426	28.9525554436298	11.8279909004706	81.8243591327338	27.238693610744	49.6299060673875	40.8706542364657
miR-29a-3p_gac-miR-29b-1a/2a-3p	0	2.10610802067043	0	0	0	27.492882316737	0	6.09527483023786	6.45163140025667	0	0	6.0524275691936	0
miR-27e-3p	605.719755119243	1464.79812837628	1310.8824655388	604.373429348794	447.149442365898	1071.1649918021	480.992224635334	1334.86518782209	1292.47682385142	1712.97517053962	1980.48001461451	1062.8062811504	1914.96044537107
miR-27c-1-3p	1889.04429466176	1996.59040359557	643.447152083629	3095.6451740725	1738.69269777097	1326.00286250724	1217.5370017842	2448.77666304806	1935.489420077	1255.82603364587	1920.32789955745	1435.63581941272	1958.38551549731
miR-27b-5p	146.716166366431	183.231397798327	414.148550738038	4.54796058874511	15.9696229416392	300.30686838282	56.1564526223994	181.334426199576	138.710075105518	0	183.861181872522	117.417094842356	68.1177570607761
miR-27b-3p	5772.01432018298	5210.51124313865	4789.16586441193	2237.09128070829	1864.45347843638	4712.91448021911	3069.88607669117	3644.97434848224	4260.22726796949	4491.44580022071	4438.77211298416	2443.97025244037	4124.53019002999
miR-27a-5p	20.6227543085345	22.6406612222071	31.0435029514032	21.2238160808105	0	17.9761153609434	0	38.0954676889866	68.8174016027378	0	31.7784758792014	49.6299060673875	43.4250701262448
miR-27a-3p_gac-miR-27b-3p_gac-miR-27e-3p	30.0502991352932	22.6406612222071	0	0	19.962028677049	40.1819049244618	0	33.5240115663082	27.9570694011122	0	5.67472783557167	22.9992247629357	54.4942056486209
miR-27a-3p	414.222750825708	131.105224286734	2.82213663194574	76.8100010543618	0	173.416642305572	20.3465408052172	182.858244907136	125.806812305005	85.3819399645918	66.9617884597457	133.153406522259	209.462102961887
miR-26b-3p	97.810777577621	63.7097676252805	201.077235026134	29.3090793496907	129.753186400819	15.861278259656	21.9742640696345	88.381485038449	76.3443049030373	129.851700362817	21.5639657751724	49.6299060673875	25.544158897791
miR-26a-1b-3p	39.4778439620518	88.4565368681581	85.3696331163587	194.046318453125	9.98101433852452	100.454762311155	75.6891317954078	77.7147540855327	46.2366917018395	64.0364549734438	39.7230948490017	93.2073845655814	91.9589720320477
miR-26-5p	94154.068627942	100937.332998651	52711.8680114826	70040.1090535376	47467.7079911549	64239.2343701574	62144.8465121909	67087.642419013	53521.6588246293	54269.1167995777	62786.3237183321	49516.1204290866	50902.6969075915
miR-24-6-5p	4.71377241337933	7.89790507751411	0	36.3836847099609	0	13.7464411583685	0	4.5714561226784	22.5807099008983	0	0	7.26291308303232	0
miR-24-3p	2198.97483084146	1203.64073381315	780.320778732998	1626.14857495353	744.583669653929	2060.90875520463	552.612048269698	1837.72536131671	1476.34831875873	3264.08041322971	1256.38474279557	1157.22415122982	1005.58838860971
miR-24-2-5p	106.649100852707	47.9139574702523	11.288546527783	160.694607468994	41.920260221803	121.603133324029	61.8534840478602	214.858437765885	144.086434605732	48.0273412300829	124.844012382577	196.098653241873	65.563341170997
miR-23b-2-5p	64.8143706839657	24.22024223771	192.610825130297	4.54796058874511	139.734200739343	267.526893312864	0	118.857859189638	152.688609806075	451.812765645965	94.2004820704898	205.782537352582	107.285467370722
miR-23b-2-3p	3783.98080484025	2409.38757564697	2379.76671488825	1107.68106783659	2261.69784910966	2923.76229252992	1372.17071190385	2156.20347119664	3537.64455114074	2762.46151593773	2106.4589725642	2574.70268793496	2130.38285207577
miR-23a-3p_gac-miR-23b-2-3p	21.8011974118794	10.5305401033522	0	2.02131581722005	3.99240573540981	12.6890226077248	28.485157127304	7.61909353779733	35.4839727014117	12.451532911503	18.1591290738294	19.3677682214195	9.36619159585671
miR-23a-3p	17922.9411587715	10521.5891442643	11499.5012410209	21322.8605558543	22720.7810402172	20377.5128894554	6538.56435316459	22301.0867851328	23475.3361217339	16743.7541851396	15825.6809878423	23413.2108086685	18797.9465328844
miR-23a-3-5p	67.7604784423278	55.2853355425988	38.0988445312675	1.51598686291504	3.99240573540981	181.875990710722	57.7841758868167	103.619672114044	96.7744710038501	147.639604522107	91.9305909362611	38.735536442839	51.0883177955821
miR-23a-2-5p	23.5688620668966	31.5916203100565	0	45.4796058874511	0	79.3063912982799	132.659446050016	57.9051108872597	13.9785347005561	3.55758083185799	21.5639657751724	32.6831088736454	13.6235514121552
miR-23a-1-5p	4.12455086170691	10.5305401033522	21.8715588975795	30.3197372583007	0	0	55.3425909901907	9.14291224535679	15.0538066005989	0	22.6989113422867	35.1040799013229	144.750233754149
miR-22b-5p	741.829933555571	403.319685958387	907.316927170556	622.05994274947	1357.41795003933	825.843888052755	528.196199303438	551.622372136526	661.292218526309	875.164884637066	906.821508124353	1243.16862271236	1192.06074856358
miR-22b-3p	41.8347301687415	45.2813224444143	70.5534157986436	11.6225659490153	5.98860860311471	23.2632081141621	22.7881257018432	50.2860173494623	0	87.1607303805208	30.643530312087	35.1040799013229	0
miR-22a-5p	1535.51136365832	4988.84337396308	2025.58856757906	1296.67409674666	1395.34580452573	391.244863738181	1425.07171799741	972.196335422939	1525.8108261607	581.664466008782	2517.30926785959	1255.27347785075	748.443855705277
miR-22a-3p	34911.9661581423	119311.545897985	165928.934343566	164023.714619955	89184.355520452	43550.8404268127	194547.112286429	35501.9282487204	39087.208838455	126032.637339817	82002.0871151449	69050.9356514159	84225.9036617231
miR-223-3p	17190.5387700427	21745.038786417	68264.6629901356	55784.2739236389	21235.6061066448	20506.5179526339	78856.6812679641	49929.4437718934	47508.7383595901	28245.4130145365	128337.374838155	65302.0620150574	23974.0445975401
miR-222c-5p	13.5520956884656	21.0610802067043	0	0	81.844317575901	0	74.0614085309905	19.809643198273	0	0	9.07956453691468	0	9.36619159585671
miR-222a-5p	17.6766465501725	111.623725095533	40.2154470052268	76.3046721000568	111.787360591475	0	72.4336852665731	9.14291224535679	65.5915859026095	0	26.1037480436297	0	156.670841239785
miR-222-3p	1603.27184210064	7352.94962716564	764.799027257296	2774.25595913452	892.302681864092	877.657397034298	2353.68784034752	1170.29276740567	1859.14511517396	1010.35295624767	1705.82318737284	1830.25409692414	1080.51792137656
miR-221a-5p	24.7473051702415	77.9259967648059	38.0988445312675	42.447632161621	0	7.40192985450612	0	6.09527483023786	11.8279909004706	76.4879878849468	17.024183506715	42.3669929843552	16.1779673019343
miR-221-3p	2263.78920152542	8669.26714008466	2018.53322599919	3732.86498545112	1690.78382894605	1021.46631992185	2439.14331172943	1560.39035654089	2077.42531088265	1342.98676402639	2417.43405795353	1348.48086241633	2063.96803894152
miR-218a-2-5p_gac-miR-218b-5p	16.4982034468276	1.57958101550282	0	0	0	0	2.44158489662606	4.5714561226784	9.677447100385	0	10.214510104029	0	16.1779673019343
miR-218a-2-5p	526.76406719514	174.806965715646	109.357794487898	152.104015245809	255.513967066228	214.655965780678	354.843671642987	301.716104096774	353.764455114074	330.855017362793	197.480528677894	219.097878004808	196.690023512991
miR-2188-5p	19057.1926457409	14142.5153588019	7806.73545811991	9166.66723109292	14710.0189321174	11543.8383173776	14009.0002752081	18813.0657635292	11938.743906175	4541.25193186673	15055.0529477716	8144.1465371069	26385.4131974916
miR-2188-3p	24016.081224616	15188.72451807	9568.45425061204	12452.3160919841	26357.8626651755	15964.9052776191	21295.5034683725	19338.7832176372	12512.9391007978	17553.1038243873	9612.98895345841	8155.04090673145	24029.390275152
miR-217a-5p	0	196.394572927518	0	0	73.8595061050814	0	641.322966180445	0	0	92.4971016283078	0	9.68388411070975	0
miR-216b-5p	0	54.7588085374312	0	0	0	0	252.297105984693	0	0	72.9304070530888	0	0	0
miR-216a-1-3p	0	0	0	0	0	0	51.2732828291472	0	0	0	0	0	0
miR-214a-3p	9431.08015606869	5431.12605830387	4587.38309522781	2790.42648567228	11631.8741101165	23751.7354845595	5181.85701227271	19640.4993217339	11232.2902678469	21340.1486199002	10196.3509749552	18271.0683458816	8593.90652518016
miR-212b-5p	0	0	315.373768619937	12.6332238576253	0	365.866818522731	0	0	0	0	0	9.68388411070975	0
miR-212a-5p	2.94610775836208	0	0	0.505328954305012	0	38.0670678231744	0	0	7.52690330029945	32.0182274867219	0	6.0524275691936	0
miR-210-5p	927.434722332382	2367.79194223873	1601.56253862921	1956.1283821147	1946.29779601228	1902.29597260807	1775.84608147935	1657.9147538247	1482.79995015899	3836.85092715884	2078.08533338635	1710.41603105411	785.057150125445
miR-210-3p	129.628741367931	306.438717007548	74.7866207465622	385.565992134724	157.700026548687	42.2967420257493	273.457508422119	152.381870755947	123.65626850492	188.551784088474	132.788631352377	72.6291308303231	133.681098231773
miR-21-5p	150065.301666138	139703.410281121	56053.2777837064	131645.77253077	60251.3911559371	48690.9520014919	77289.9976259623	84027.9349909516	82521.741968783	57214.7937283561	112111.058065121	84099.6915594588	49473.0754812784
miR-20a-5p	364.728140485225	226.933139227239	47.2707885850912	162.210594331909	9.98101433852452	50.7560904308991	100.918842393877	73.1432979628543	101.075558604021	181.436622424758	76.0413529966604	112.575152787001	1.7029439265194
miR-206-1-3p	8435.88495529397	3844.1736647287	7592.95860825002	5891.63027824213	18418.9638603131	14660.0507861247	3851.1932436115	17531.5342304716	14740.9024776864	38464.5639540486	29135.1876533921	18085.8640622643	10926.9397045117
miR-205-1-5p	585.686222362381	5358.46533159074	17059.110405954	7924.5686614112	10110.7675249253	21280.5483317051	2642.60871978161	13001.2212128974	27442.0141609917	6483.69106606119	24007.5035811695	20932.925990813	23715.1971207092
miR-204-1/2b-5p	1204.95807317009	399.633996922214	230.004135503578	1658.48962802905	3030.23595317604	1820.87474420851	292.176325962918	1289.15062659531	1451.61706505775	476.715831468971	188.40096414098	8318.45645109968	1023.46929983816
miR-200b-5p	4.71377241337933	16.8488641653634	138.284694965341	63.1661192881265	61.882288898852	27.492882316737	0	35.0478302738677	76.3443049030373	0	55.6123327886024	83.5235004548716	63.0089252812179
miR-200b-3p	5067.30534438277	10866.9908596543	37371.4388143835	13392.7332759457	14847.7569299891	8101.94093503228	7004.09320678796	9837.77357600391	26073.1930322373	2013.59075083162	19376.925667343	14683.1892828637	24265.248008975
miR-200a-3p	711.779634420278	2380.95511736792	3211.59148715426	1122.84093646574	1624.90913431179	2059.85133665399	727.592299194566	1717.34368341952	2232.26446448881	1086.84094413262	2134.83261174206	1942.82924971114	2958.0136003642
miR-19c-3p	9.42754482675865	14.742756144693	0	16.1705265377604	0	0	0	7.61909353779733	12.9032628005133	0	0	0	0
miR-19b-3p	556.814366330433	242.728949382267	252.581228559144	230.430003163085	115.779766326884	88.8231582540735	218.114917431928	156.953326878625	251.61362461001	0	85.1209175335751	193.677682214195	305.678434810233
miR-199-5p	1371.11855074171	2225.10312383831	1148.60960920192	1084.94126489286	1429.28125327671	2194.14349258574	1965.47584178398	3000.39903518459	2277.4258842906	2184.35463076081	2468.50660847368	2310.81684591812	2016.28560899897
miR-199-3p	21871.9039980801	22969.7406004369	10949.1845977915	8835.17143706883	15516.4848906702	9792.7531975116	14837.5114167966	22395.5635450015	19808.6589425881	12312.7872590605	26851.677172358	16931.0608820622	10314.731362928
miR-194a-5p	7249.19275022573	6683.73380359761	413.443016580051	263.781714147216	0	730.676218494819	403.675369575509	320.001928587488	565.593019422501	1296.73821321224	466.462628083991	354.672255554745	0
miR-194a-3p	0	80.0321047854764	24.6936955295253	1.01065790861002	0	0	0	0	4.30108760017111	0	0	0	0
miR-193a-2-5p	195.621555155242	71.081145697627	0	29.3090793496907	91.8253319144256	536.111205176372	221.370363960763	182.858244907136	133.333715605305	423.352118991101	69.2316795939744	259.043899961486	293.757827324597
miR-18a/b-5p	25.9257482735863	34.2242553358945	0	2.52664477152506	0	32.7799750699557	0	3.04763741511893	29.032341301155	26.6818562389349	27.238693610744	15.7363116799034	127.720794488955
miR-18a-3p	51.2622749955002	43.7017414289114	57.8538009548877	141.997436159708	241.540546992293	62.3876944879802	0	53.3336547645813	68.8174016027378	0	63.5569517584027	75.0501018580006	124.314906635916
miR-184-3p	396.546104275536	527.580059177943	2031.93837500094	776.185273812498	3413.50690377539	1465.58211119221	707.245758389349	1377.53211163376	700.002006927849	337.970179026509	804.676407084063	1303.6928984043	2404.5568242454
miR-183a-3p	0	1.57958101550282	0	56.0915139278563	0	0	0	0	0	0	0	0	0
miR-183-5p	339.980835314984	131.631751291902	1919.05290972311	2444.27615197334	393.251964937866	661.944012702976	546.915016844237	326.097203417726	747.313970529731	55.1425028937989	348.428289104101	228.781762115518	1228.67404298375
miR-182b-5p	53.0299396505174	46.8609034599171	106.535657855952	628.12389020113	99.8101433852452	115.258622020167	61.8534840478602	56.3812921797002	3.22581570012834	0	36.3182581476587	29.0516523321293	137.938458048072
miR-182a-5p_gac-miR-182b-5p	12.3736525851207	0	16.227285633688	58.1128297450764	0	5.28709275321866	0	6.09527483023786	9.677447100385	0	7.94461896980034	0	15.3264953386746
miR-182a-5p	206.227543085345	14.742756144693	514.334401172112	117.741646353068	61.882288898852	143.808922887548	42.3208048748517	83.8100289157706	233.334002309283	120.957748283172	119.169284547005	116.206609328517	211.165046888406
miR-181b-2/3-5p_gac-miR-181c-5p	535.013168918553	3700.95831932311	1551.46961341217	1165.28856862736	399.240573540981	712.700103133875	1458.44004491797	775.623722147768	1650.54236656566	1716.53275137148	877.312923379381	846.129374173265	1244.00053832242
miR-181b-1-5p	70.1173646490175	87.9300098629905	105.124589539979	214.76480557963	221.578518315244	166.014712451066	95.2218109684163	105.143490821603	83.8712082033367	250.809448645988	118.034338979891	222.729334546324	170.29439265194
miR-181a-5p	2954.94608163716	9871.32829288231	4003.20081241504	5435.82356145901	1926.33576733523	5048.11616077318	3428.7990564952	4641.55178322613	4090.33430776273	5503.57754688431	3266.37334215506	3399.04332285912	3365.01719880234
miR-181a-3-3p	111.952094817759	182.70487079316	162.27285633688	90.4538828205971	243.536749859998	94.1102510072922	164.400049706155	118.857859189638	134.408987505347	193.888155336261	130.518740218148	175.520399506614	228.1944861536
miR-181a-2-3p_gac-miR-181a-3-3p	26.5149698252587	49.4935384857551	46.5652544271048	25.7717766695556	0	0	50.4594211969386	4.5714561226784	21.5054380008556	0	7.94461896980034	4.84194205535488	68.9692290240358
miR-181a-2-3p	349.997601693415	1191.5306126943	848.052057899696	784.270537081379	660.743149210323	293.962357078958	1075.11121614767	263.620636407787	710.754725928276	206.339688247763	276.926718375898	633.08392373765	805.492477243677
miR-181a-1-3p	22.9796405152242	6.31832406201129	235.64840876747	63.6714482424315	0	50.7560904308991	63.4812073122775	25.9049180285109	65.5915859026095	0	0	31.4726233598067	23.8412149712716
miR-17a-5p	131.985627574621	143.215345405589	107.946726171925	90.4538828205971	81.844317575901	48.6412533296117	166.027772970572	28.9525554436298	24.7312537009839	0	32.9134214463157	45.9984495258713	3.4058878530388
miR-17a-1-3p	9.42754482675865	5.26527005167608	16.227285633688	48.0062506589761	0	14.8038597090122	0	6.09527483023786	29.032341301155	0	11.3494556711433	0	0
miR-16c-5p	48123.4917897412	43328.9603092528	66688.4996811939	102019.85192673	46711.1471042947	65521.8830720882	78003.7542774093	64111.6244831494	50238.8537137987	59786.9246697895	50007.9715781918	41524.4950667234	38815.2009171567
miR-16a-5p_gac-miR-16c-5p	11549.331634331	8277.00452123479	7152.70529366649	10443.1281696674	6667.31757813438	7104.79524177524	10196.8723899426	9369.96123278315	7413.99975079496	8123.73582954772	7176.26082086394	5200.24576745114	7150.66154745497
miR-15c-5p	49611.2762077141	29790.8979523832	27146.8377968441	54087.3792950826	43401.44274964	57119.6352686731	37252.074629456	66834.6885135581	43837.760092844	29214.8537912178	44437.6587347947	37552.8920958186	57661.681351947
miR-15c-3p	5.89221551672416	4.21221604134086	0	22.7398029437255	7.98481147081961	9.51676695579359	0	7.61909353779733	0	195.66694575219	3.404836701343	15.7363116799034	0
miR-15b-1-5p	73.652693959052	76.3464157493031	65.6146766927385	5.55861849735513	125.760780665409	206.196617375528	244.158489662606	155.429508171065	83.8712082033367	33.7970179026509	112.359611144319	38.735536442839	324.410818001946
miR-15a-2-5p	16775.1375761137	14807.5189663286	10150.5199309509	17971.0136019491	11715.7146305601	14525.7586301929	14851.3470645441	15631.332302145	10311.8575214102	13312.4674728126	10183.8665737169	7932.31157218513	13797.2516926602
miR-155-5p	121.96886119619	108.464563064527	343.595134939394	613.469350526284	127.756983533114	142.751504336904	262.063445571197	182.858244907136	539.786493821475	53.3637124778699	301.895520852413	426.090900871229	163.482616945863
miR-152a-5p	150.840717228138	633.9385142218	678.018325824965	117.236317398763	245.532952727703	536.111205176372	584.352651925837	149.334233340828	152.688609806075	579.885675592853	255.362752600725	289.306037807454	356.766752605815
miR-152a-3p	661.10658097645	1502.18154574318	513.628867014125	224.87138466573	427.187413688849	394.417119390112	644.57841270928	368.764127229391	437.635663317411	201.003316999977	383.611601684645	873.970540991555	252.035701124872
miR-150-5p	4916.46462715464	866.663450505882	37691.7513221094	6672.36351264338	9473.97881012747	46546.5071807864	2270.67395386224	7279.28196601156	90316.3879721931	8331.85430821142	30712.761991681	29687.1572268946	30233.2149994622
miR-150-3p	10.6059879301035	0	150.278775651111	0	0	91.9954139060047	0	24.3810993209514	143.01116270569	133.409281194675	30.643530312087	54.4718481227424	51.0883177955821
miR-148a-3p	7106.01191316933	2913.27391959237	1433.64540902844	457.828032600341	345.343096112948	738.078148349325	1112.54885122927	600.384570778429	530.10904672109	2001.13921792012	652.593701090742	938.126273225007	361.024112422113
miR-146a-5p	46464.8331217834	44349.3696452676	37904.1171036633	95594.594272742	105770.805148212	11470.8764373832	63735.1321415267	29382.2723191616	43705.5016491388	9833.15341925549	55803.0036438776	23123.9047708611	54745.3898777825
miR-146a-3p	1513.12094469476	1533.24663904807	1598.03486783928	3942.0711725334	4796.87549109488	982.341833548027	2100.57687273062	1144.38784937716	1450.54179315771	2426.27012732715	1906.70855275208	921.179476031265	2882.23259563409
miR-145-5p	945.700590434227	1407.40668481302	447.3086561634	816.106261202594	2183.84593726916	3744.31908782946	315.77831329697	1481.1517837478	3112.91215062384	1869.50872714137	1609.35281416813	1751.57253852463	881.273481973791
miR-145-3p	574.491012880605	954.066933363705	626.514332291955	346.150333698933	848.386218774584	1354.55316337462	616.907117214184	431.240694239329	1421.50945185655	1924.65123003517	864.828522141123	433.353813954261	727.157056623785
miR-144-5p	4931.19516594645	2945.3920669076	1388.49122291731	2002.11331695646	1992.21046196949	1632.65424219392	2312.99475873709	3084.20906410036	2408.60905609582	958.768034185729	1983.88485131586	2136.50693192534	3273.05822677029
miR-144-3p	561.528138743812	125.313427229891	201.077235026134	269.845661598876	237.548141256884	217.828221432609	223.811948857389	275.811186068263	181.72095110723	176.100251176971	9.07956453691468	216.676906977131	710.127617358591
miR-143-5p	12.9628741367931	24.7467692428776	48.6818569010641	0	0	0	0	0	25.8065256010267	97.8334728760948	13.619346805372	0	2.5544158897791
miR-143-3p	20223.2620965006	22198.3785378663	11834.6299660645	6089.21389937539	31420.2331376752	27364.9346721091	11013.1756070479	9380.62796373607	17503.2759888963	24154.1950578998	10280.3369469216	11204.2539160912	9636.10820821004
miR-142-5p	189.140118086845	89.5095908784933	189.083154340365	643.28375883028	241.540546992293	145.923759988835	336.124854102188	187.429701029814	154.83915360616	0	119.169284547005	156.152631285195	205.204743145588
miR-142-3p	173.23113619169	69.5015646821242	83.2530306423994	288.037503953857	13.9734200739343	65.5599501399114	112.312905244799	74.6671166704138	73.1184892029089	0	83.9859719664608	206.993022866421	170.29439265194
miR-140-5p	73.0634724073795	100.566657987013	0	83.884606414632	93.8215347821305	94.1102510072922	39.8792199782256	67.0480231326165	84.9464801033795	90.7183112123788	68.0967340268601	66.5767032611296	61.3059813546985
miR-140-3p	1538.45747141668	1382.65991557014	1024.4355973963	545.249941695108	1251.61919805097	983.399252098671	1258.23008339463	1110.86383781085	1420.43417995651	373.545987345089	567.472783557167	579.822561128747	2126.97696422273
miR-139-5p	521.461073230088	2757.94845306793	475.530022482858	145.534738839843	315.400053097375	639.738223139458	701.548726963888	563.812921797002	695.700919327678	1154.43497993792	775.167822339091	903.022193323685	408.706542364657
miR-1388-3p	179.712573260087	249.047273444278	733.755524305893	636.714482424315	109.79115772377	310.881053889257	169.283219499407	303.239922804334	390.323699715529	87.1607303805208	581.092130362539	349.83031349939	660.742243489528
miR-135c-5p	11.7844310334483	502.306762929898	236.353942925456	30.3197372583007	0	255.895289255783	0	19.809643198273	20.4301661008128	0	20.429020208058	8.47339859687103	0
miR-135a-2-5p	17.6766465501725	0	555.960916493311	0	0	269.641730414152	0	0	0	0	0	0	0
miR-135a-1-5p	34.1748499970001	10.0040130981845	6.34980742187792	118.752304261678	0	15.861278259656	0	89.9053037460084	41.9356041016684	124.51532911503	73.7714618624317	43.5774784981939	35.7618224569075
miR-133b-3p	8.83832327508623	5.79179705684368	0	192.53033159021	15.9696229416392	10.5741855064373	0	33.5240115663082	0	0	41.9929859832304	14.5258261660646	28.9500467508298
miR-133a-5p	23.5688620668966	9.47748609301694	0	0	0	0	0	44.1907425192245	0	0	12.4844012382577	29.0516523321293	0
miR-133a-3p	4670.17001855557	916.683515996805	1751.13578012233	1740.35291862646	2732.80172588801	978.112159345452	1094.64389532068	5654.89122375317	2527.96423700057	249.030658230059	5986.83786652812	5042.8826506521	3076.3682032573
miR-132b-5p	0	0	32.454571267376	0	0	34.8948121712432	0	0	0	0	0	0	0
miR-132-3p	7.6598801717414	0	66.320210850725	0	0	336.259099104707	0	10.6667309529163	0	0	0	9.68388411070975	6.81177570607761
miR-130c-3p	2.94610775836208	2.10610802067043	100.185850434074	0	0	0	0	4.5714561226784	11.8279909004706	64.0364549734438	0	0	0
miR-130c-2-5p	8.83832327508623	7.89790507751411	85.3696331163587	13.1385528119303	0	23.2632081141621	0	3.04763741511893	18.2796223007272	71.1516166371598	0	18.1572827075808	0
miR-130b-5p	736.52693959052	488.090533790372	2618.94279444565	966.694289585488	1297.53186400819	816.327121096961	1204.51521566886	609.527483023786	936.56182493726	1670.28420055733	1070.25366978882	1091.85793348252	1043.05315499313
miR-130b-3p	0.589221551672416	1.57958101550282	0	72.7673694199217	0	0	0	0	4.30108760017111	0	0	0	0
miR-1306-5p	260.435925839208	38.962998382403	228.593067187605	64.6821061510415	329.373473171309	346.833284611144	206.720854581006	138.667502387911	231.183458509197	72.9304070530888	144.13808702352	187.625254645001	86.8501402524895
miR-129-1a/2-5p	0	0	9.8774782118101	0	0	14.8038597090122	0	4.5714561226784	3.22581570012834	0	0	9.68388411070975	77.4839486566328
miR-128-2-3p	10668.4454145808	15067.6233068814	19738.7291379865	17284.7768820029	16736.1648428379	18749.088321464	18535.6986735528	11893.4050125016	11495.7318833573	17241.8155015998	14487.5801642145	10825.3719502597	14479.2807352312
miR-126b-5p	2485.92572650592	1371.07632145645	451.541861111319	562.936455095783	870.344450319338	911.494790654897	257.180275777945	1635.05747321131	1120.43331984457	743.53439385832	795.596842547149	1888.3574015884	748.443855705277
miR-126b-3p	38856.8044465891	28301.3530547641	8284.38208307673	13319.9659065258	27503.6831112382	11729.9439822909	9311.39093409958	23946.810989297	19914.0355887923	6855.45826299035	13023.500382637	36566.34640204	19057.6454816786
miR-125b-2/3-5p	47751.1037690842	26322.138042339	22990.536072146	15537.8546869705	63752.7309858915	84499.3738004913	18387.5758564909	67070.8804132299	52656.0649450949	26696.0865622624	43270.9346918011	108395.346307716	35736.2782980097
miR-125b-2-3p	58.9221551672416	44.7547954392466	74.0810865885758	2.52664477152506	209.601301109015	83.5360655008548	126.148552992346	59.4289295948191	48.387235501925	273.933724053065	53.3424416543737	93.2073845655814	157.522313203045
miR-125a-5p	28717.4799854102	9919.76877735773	10983.0502373748	12357.8195775291	25585.3321553737	40655.6284351502	8032.00044826753	31949.9068413993	32538.8029671945	11839.6290084234	23012.1563188102	36307.3025020785	23418.8848774948
miR-125a-1-3p	19.4443112051897	12.110121118855	0	0	0	62.3876944879802	51.2732828291472	28.9525554436298	15.0538066005989	0	11.3494556711433	12.1048551383872	0
miR-122-5p	246727.097217997	1023605.35493619	12198.6855915855	2858.64589450345	1624.90913431179	15059.754998268	131026.025754173	10238.537896092	4144.09790276487	511613.920639082	2522.98399569517	32589.9014890798	133.681098231773
miR-122-3p	2841.81554371606	2415.70589970898	225.065396397673	0	119.772172062294	195.62243186909	704.804173492722	135.619864972792	38.70978840154	825.358752991054	24.9688024765154	168.257486423582	0
miR-10c-5p	1288.0383119559	4695.56783208473	21590.7563027009	8066.56609757091	8857.15212400666	5460.50939552423	10839.8230793875	2773.35004775823	4266.67889936974	4745.81282969856	8859.3850968945	5447.18481227424	9555.21837170037
miR-10b-5p	2367.49219461977	1328.42763403787	3816.23426054863	6107.91107068468	12713.8160644125	3662.89785942989	5687.2650858743	2075.44107969599	3913.98971615571	2235.93955282275	1292.70300094323	8427.40014734516	11707.7394948209
miR-10545-5p	12.9628741367931	10.0040130981845	0	0.505328954305012	0	19.0335339115872	0	15.2381870755947	9.677447100385	0	10.214510104029	25.4201957906131	0
miR-10545-3p	105.470657749362	102.672766007683	147.456639019165	145.534738839843	41.920260221803	40.1819049244618	161.14460317732	44.1907425192245	34.4087008013689	0	64.6918973255171	94.4178700794201	251.184229161612
miR-103-3p	2192.49339377306	1609.06652779221	779.615244575012	1197.62962170288	580.895034502127	826.901306603399	1224.86175647407	1074.29218882942	845.163713433624	279.270095300852	843.264556365951	814.656750813458	899.154393202244
miR-101b-5p	588.632330120743	870.875666547223	266.691911718873	525.036783522907	596.864657443766	433.54160576393	628.301180065106	749.718804119257	454.840013718095	512.291639787551	433.549206637676	436.985270495778	539.833224706651
miR-101b-3p	71.2958077523623	69.5015646821242	0	74.7886852371418	325.381067435899	0	115.568351773633	22.857280613392	2.15054380008556	55.1425028937989	18.1591290738294	42.3669929843552	72.3751168770746
miR-101a-5p	0	0	15.5217514757016	0	0	0	43.9485281392691	0	0	0	0	0	0
miR-101a-3p	15706.8789029316	4144.29405767424	4565.51153633023	7197.40029616628	11508.1095323188	2130.69837954712	3520.76542093478	2887.63645082519	3590.33287424284	1682.73573346883	1266.5992528996	3138.7889373838	7482.73561312625
miR-100-2-5p	52280.4498367901	57285.0851082254	96093.0467835946	64107.5471299967	174759.576256093	96124.6333462685	106394.503455377	71310.1440576603	65798.0381074177	57983.2311880375	72560.4749423208	105837.590416975	151385.754763832
miR-1-3p	11979.4633670519	3248.14509487897	2844.71372500131	7048.32825464631	9543.84591049714	3778.15648145005	4477.86670041219	8371.8599793317	3115.06269442393	6181.29669535326	6252.41512923287	14292.2024618938	6698.52993496407
let-7j-5p	3191.2239238578	6967.00533237778	3323.7714182741	4988.10210794477	2858.56250655342	3042.19317020202	5242.08277305615	3128.39980661958	2733.34116990874	7100.93134038855	3140.39438420536	2416.12908562208	2287.90516527882
let-7j-3p	43.0131732720863	72.6607267131299	0	147.050725702758	0	86.708321152786	83.013886485286	54.8574734721407	17.2043504006845	40.9121795663669	46.5327682516877	29.0516523321293	98.7707477381253
let-7i-5p	2063.4538739568	1421.62291395254	2484.89130442823	5799.66040855862	439.164630895079	808.925191242455	4521.00136691925	818.290645959433	718.281629228576	5202.96196659231	1898.76393378228	752.921989607683	970.678038116059
let-7h-1-5p	8594.97477424553	16369.7245906609	22592.6148070416	19461.2286881946	10130.7295536024	8497.41547297303	31376.8075065415	8475.47965144574	8689.27222424569	21863.1130021833	12205.2046287476	7095.86608212257	11979.3590511007
let-7h-1-3p	76.598801717414	98.4605499663426	37.3933103732811	135.933488708048	353.327907583768	71.9044614437738	70.8059620021557	100.572034698925	92.4733834036789	265.03977197342	69.2316795939744	173.099428478937	151.562009460227
let-7g-5p	28571.9422621471	38083.6982837731	42991.7239169035	37740.4929522698	29294.2770835695	39595.0376288546	65198.4553562379	30401.7070345189	30085.0324912969	68102.7698642575	38916.1485507834	22240.2503457588	32017.9002344545
let-7f-5p	33543.2044936073	20092.7970442011	18233.1192448435	18549.1099256741	12154.8792614552	12824.3721822072	22923.2267327899	10750.540981832	11161.322322444	31502.3782661025	15455.688732963	9524.10002288304	10146.9913861659
let-7e-5p	56681.934827783	105343.837504899	202632.232310336	233474.610112773	103205.684463211	65278.6768054402	259549.426989304	62132.1839820296	67902.3452158014	150990.845665717	99786.6841518265	52859.4814183092	105093.778537292
let-7e-1-3p	70.7065862006899	54.7588085374312	33.1601054253625	163.726581194824	37.9278544863932	56.0431831841178	48.0178363003125	60.9527483023786	135.48425940539	104.948634539811	143.003141456406	75.0501018580006	45.1280140527642
let-7d-5p	33179.6547962254	16332.8677002992	35161.000297412	38259.4657883411	51328.3643372962	51096.5792042064	31336.1144249311	31008.1868801276	39770.0064949822	97806.7910198558	27575.772444177	29797.3114086539	33941.3753994582
let-7c-2/d-3p	40.6562870653967	37.3834173669001	17.6383539496609	0	15.9696229416392	47.5838347789679	0	16.7620057831541	84.9464801033795	62.2576645575148	32.9134214463157	82.3130149410329	13.6235514121552
let-7c-2-5p	36694.950573503	13327.9780818077	41914.3732576582	16070.471404808	47086.4332434233	69414.2407570078	20990.3053562942	39352.6181227232	27886.1014557094	77030.5189618052	30744.5404675602	34900.718334998	40167.3383948131
let-7b-5p	119248.425292118	111674.798215034	109460.096940806	50539.9700358615	138935.719592261	167944.501305991	113042.125267258	86700.7130040109	107276.651651568	502492.283386198	112865.796867252	110732.793834938	120409.204740444
let-7a-5p_gac-let-7c-2-5p	1383.49220332683	1545.8832871721	1287.59983832525	1076.35067266968	1746.67750924179	1797.61153609434	1709.92328927045	2147.06055895129	900.002580335805	2364.01246276964	1681.98933046344	857.023743797813	1886.8618705835
let-7a-5p	527064.570186493	737977.091280888	744447.894470178	534879.58089486	603158.68508564	839752.114249372	947888.365800813	667607.833062415	563571.508250421	1811214.20763055	745407.279678218	477823.420276155	688763.334328442
let-7a-5-3p	58.3329336155691	248.520746439111	111.474396961857	687.752706809121	203.6126925059	232.632081141621	424.021910380726	268.192092530466	177.419863507058	320.182274867219	191.805800842323	271.148755099873	214.570934741445
let-7a-3/7-3p	135.520956884656	286.957217816346	132.64042170145	41.436974253011	155.703823680982	85.6509026021423	83.013886485286	166.096239123982	212.90383620847	26.6818562389349	202.020310946352	203.361566324905	143.898761790889
REV_let-7a-5p_gac-let-7g-5p	4.12455086170691	2.63263502583804	46.5652544271048	0	0	0	0	0	0	0	0	0	40.019182273206
REV_let-7f-3p	0	1.57958101550282	0	0	0	0	0	0	0	0	2.26989113422867	0	62.1574533179582
REV_miR-135b-3p	2.35688620668966	0	36.6877762152947	0	0	0	0	0	0	0	0	0	0
REV_miR-135b-5p	5.30299396505174	5.26527005167608	0	0	0	0	0	12.1905496604757	5.37635950021389	0	4.53978226845734	1.21048551383872	6.81177570607761
REV_miR-181b-2/3-5p	2.94610775836208	63.1832406201129	0	0	0	19.0335339115872	16.2772326441737	6.09527483023786	10.7527190004278	0	10.214510104029	26.6306813044518	0
REV_miR-190a-5p	48.3161672371381	58.4444975736045	0	49.5222375218912	1.9962028677049	39.1244863738181	113.940628509216	13.7143683680352	6.45163140025667	112.063796203527	9.07956453691468	55.6823336365811	0
REV_miR-191-5p	5818.5628227651	4186.94274509282	25823.9612506195	20110.0710655223	15642.2456713356	22256.5456539493	9226.74932434988	9177.96007563066	19233.3884760652	14739.0573863877	14093.7540524258	14821.1846314413	20650.7495249375
REV_miR-19a-1-3p	104.88143619769	17.9019181756987	0	0.505328954305012	3.99240573540981	20.0909524622309	60.2257607834428	59.4289295948191	53.7635950021389	0	0	19.3677682214195	260.550420757469
REV_miR-2184-5p	64.2251491322933	39.4895253875706	0	0	0	41.2393234751056	14.6495093797564	65.524204425057	29.032341301155	0	20.429020208058	66.5767032611296	51.0883177955821
REV_miR-24-3-5p	0	0	0	34.3623688927408	0	0	0	6.09527483023786	0	0	0	0	0
REV_miR-29a-3p	5444.40713745312	124.786900224723	0	175.349147143839	239.544344124588	456.804813878092	111.49904361259	304.763741511893	119.355180904748	626.134226407006	88.5257542349181	88.3654425102265	92.8104439953074
REV_miR-29b-2a-5p	15.3197603434828	10.5305401033522	0	5.55861849735513	0	66.6173686905551	83.8277481174947	18.2858244907136	24.7312537009839	0	34.04836701343	22.9992247629357	0
REV_miR-727b-3p	14.141317240138	12.6366481240226	0	68.7247377854816	0	52.8709275321866	0	3.04763741511893	13.9785347005561	0	10.214510104029	2.42097102767744	74.078060803594
REV_miR-96-5p	18.8550896535173	0	0	0	0	11.6316040570811	0	0	0	0	6.80967340268601	8.47339859687103	0
