Gene	D15_M_MP	D21_M_MP	D22_M_MP	D24_M_MP	D46_M_MP	D48_M_MP	D50_M_MP	D52_M_MP	D57_M_MP	D60_M_MP	D12_M_MPP	D13_M_MPP	D20_M_MPP	D47_M_MPP	D61_M_MPP
a103_gac-miR-ENSGACG00000022167-5p	74	23	85	174	1679	2510	632	279	369	123	0	36	76	100	124
a109_gac-miR-ENSGACG00000022167-3p	31	0	13	108	97	237	21	80	0	41	0	6	8	0	128
a10_gac-miR-99a-5p	34550	9234	6869	28990	22479	10294	4547	34760	27312	6076	5137	18274	15077	25907	6578
a57_gac-miR-99a-3p	32	4	0	43	0	14	0	0	0	2	0	6	0	0	0
a244_gac-miR-96-5p	0	0	6	7	0	0	24	93	0	4	0	4	3	0	0
a165_gac-miR-92a-3p	991058	635762	1081384	1334883	254512	601260	226980	624539	1884054	230932	703097	1628249	1139090	660250	697040
a44_gac-miR-92a-2-5p	391	59	88	193	55	102	79	538	832	74	551	89	225	351	313
a181_gac-miR-9-5p	97	51	55	154	22	0	26	63	77	35	0	121	161	39	128
a46_gac-miR-9-1/3/5/6-3p	0	17	17	24	7	12	0	16	0	4	0	6	33	34	0
a34_gac-miR-8160a-5p	0	0	0	2	0	0	0	0	0	0	0	0	0	0	0
a167_gac-miR-8159-5p	148	22	26	397	12	77	0	33	181	24	0	17	74	13	200
a125_gac-miR-737-5p	7387	1046	1606	2578	1683	3722	204	2392	5596	660	2820	2237	4969	2881	356
a97_gac-miR-734-5p	0	1	0	0	0	0	3	0	0	1	0	0	1	0	0
a127_gac-miR-734-3p	0	0	0	5	0	5	0	0	0	2	0	0	0	0	0
a177_gac-miR-730-5p	198	81	103	240	31	91	30	51	698	52	0	99	136	413	233
a168_gac-miR-727b-5p	6	2	0	0	2	0	4	0	0	1	38	0	0	0	0
a124_gac-miR-727b-3p	39	9	8	67	45	17	0	90	0	2	0	38	26	45	0
a232_gac-miR-725-3p	157	381	657	2190	35	173	354	12294	393	1391	189	6400	1619	566	0
a223_gac-miR-724-5p	164	332	454	154	23	147	30	1266	244	284	0	158	220	289	507
a248_gac-miR-722-3p	94	55	13	903	98	33	28	1591	69	33	0	68	108	243	95
a217_gac-miR-7147-5p	0	47	30	14	0	56	0	18	0	9	0	61	29	50	0
a156_gac-miR-7133-3p	364	403	741	1056	132	684	160	705	1059	161	1124	2122	1028	418	100
a99_gac-miR-7132b-5p	260	271	454	419	263	1145	330	904	594	100	0	2519	662	379	326
a98_gac-miR-7132a-5p_gac-miR-7132b-5p	60	121	214	226	58	508	77	313	245	60	0	1005	318	237	242
a100_gac-miR-7132a-5p	93	83	98	150	82	193	58	487	283	34	0	510	147	236	0
a202_gac-miR-7-5p	465	274	419	886	64	161	575	331	1826	154	0	504	535	848	350
a105_gac-miR-551a-3p	6482	364	711	1764	2080	2961	584	2615	38442	2266	6327	5109	2358	14052	4839
a224_gac-miR-499a-5p	853	928	311	2913	2882	546	819	3115	1654	1748	134	238	1770	3530	1373
a182_gac-miR-489-3p	69	41	26	101	54	82	21	126	3	28	0	28	22	137	0
a75_gac-miR-460-5p	57	70	35	505	37	69	5	77	90	31	309	73	58	61	0
a47_gac-miR-458-3p	188	174	117	508	48	217	53	361	456	120	0	555	412	424	155
a60_gac-miR-456-3p	861	452	652	794	97	404	170	738	929	220	618	695	830	538	610
a164_gac-miR-455-5p	1153	208	448	962	115	346	20	687	779	229	84	695	712	617	431
a102_gac-miR-455-3p	1268	281	561	1179	1110	788	265	2035	1773	452	982	1096	671	1628	251
a155_gac-miR-454b-3p	558	563	688	238	100	656	119	147	373	42	0	882	1089	612	0
a1_gac-miR-451-5p	460481	172562	261529	274686	187655	322778	47681	321820	278573	83486	56574	236483	133870	357129	61618
a134_gac-miR-429a-3p	23	84	223	425	15	46	44	3703	102	69	0	798	351	29	81
a17_gac-miR-425-5p	30920	33872	42177	27380	16202	39234	6054	197029	42637	7684	13175	102244	60578	17058	35047
a247_gac-miR-375a-3p	3406	5019	10121	16842	464	3356	60255	100697	7188	3451	6498	28729	16026	3975	8286
a116_gac-miR-365-2b-5p	252	61	69	76	121	127	24	347	188	28	898	62	66	276	0
a136_gac-miR-365-2b-3p	5337	456	396	3462	3214	1488	391	2072	4757	783	687	1691	1262	7184	504
a205_gac-miR-34a-5p	0	5	0	17	0	21	0	77	62	3	0	29	6	36	0
a174_gac-miR-338-3p	615	131	64	420	274	334	52	214	606	167	0	294	285	1063	306
a3_gac-miR-338-1b-5p	3	0	0	0	20	0	0	0	0	0	0	8	0	32	0
a4_gac-miR-338-1a-5p	29	1	6	20	30	15	0	60	70	9	92	12	26	11	132
a122_gac-miR-33-5p	0	2	3	11	0	0	0	0	0	7	0	11	19	0	0
a43_gac-miR-31a-5p	638	248	1366	2256	187	577	170	2800	1322	433	576	1260	1323	864	219
a214_gac-miR-30e-5p	5025	3172	3600	8798	2811	5757	1135	9760	6158	2872	1073	8304	4946	12895	3853
a95_gac-miR-30e-3p	9366	3820	5664	11174	3598	7370	3356	19613	18995	4206	2126	11671	7364	14784	10157
a212_gac-miR-30c-2-5p	20223	22867	23971	42085	7690	23895	11646	45034	57316	8991	7290	47251	23915	36986	28121
a211_gac-miR-30c-1-5p_gac-miR-30c-2-5p	775	281	228	602	150	426	172	628	1043	152	94	501	189	494	21
a213_gac-miR-30c-1-5p	12502	2982	3339	12394	4483	8805	2047	32424	35652	4754	4112	12123	6852	16323	5815
a209_gac-miR-30bb-5p_gac-miR-30c-1-5p_gac-miR-30c-2-5p	0	0	0	0	0	0	0	0	0	0	0	0	0	43	0
a210_gac-miR-30bb-5p	1571	834	592	1888	427	746	421	3076	2098	515	171	1544	641	2168	845
a89_gac-miR-30bb-3p	126	76	66	166	120	128	23	140	109	36	0	133	86	125	0
a208_gac-miR-30a-5p	39972	24888	37076	61834	25640	36834	11416	97390	68163	14701	14889	56939	37218	45111	39603
a110_gac-miR-301c-5p	0	4	13	2	41	0	0	0	0	0	0	30	15	0	0
a111_gac-miR-301b-5p	9	9	38	0	0	13	0	68	0	0	0	14	48	0	0
a63_gac-miR-301a-3p	1	4	0	7	0	15	0	0	0	1	0	8	7	0	0
a143_gac-miR-29b-2b-3p	0	0	0	0	0	0	0	57	0	2	0	9	2	25	0
a145_gac-miR-29b-1a/2a-3p	47	71	19	194	60	82	67	184	262	13	0	178	23	156	0
a107_gac-miR-29b-1a-5p	40	9	30	21	0	31	9	85	0	7	0	0	11	52	0
a144_gac-miR-29a-3p_gac-miR-29b-1a/2a-3p	13	1	5	0	0	1	6	13	0	4	0	0	0	0	0
a146_gac-miR-29a-3p	1516	306	413	580	344	596	107	1118	2021	146	47	652	315	1279	199
a33_gac-miR-29a-3b-5p	110	55	57	146	29	57	50	124	445	15	0	60	139	26	152
a228_gac-miR-27e-3p	3991	1345	1240	3751	2047	1515	578	9943	3367	1319	263	2331	2380	5237	1024
a35_gac-miR-27e-1-5p	0	0	0	7	0	0	0	19	0	5	0	0	0	0	0
a59_gac-miR-27c-1-5p	492	557	880	706	307	838	228	1241	843	230	567	1325	952	952	741
a231_gac-miR-27c-1-3p	7243	12342	11635	9857	3766	8288	1756	10092	5311	4510	4112	24160	14216	11567	3634
a36_gac-miR-27b-5p	334	223	312	590	159	282	87	1149	865	157	727	319	321	464	181
a230_gac-miR-27b-3p	10640	5510	7552	16247	3502	4998	2737	25261	11387	5054	5039	12431	10449	11098	3760
a42_gac-miR-27a-5p	204	59	109	214	6	123	20	408	277	89	1	286	161	67	145
a227_gac-miR-27a-3p_gac-miR-27b-3p_gac-miR-27e-3p	168	45	91	140	12	105	3	230	236	57	0	98	70	124	0
a229_gac-miR-27a-3p	577	298	471	1068	488	632	169	1794	1067	685	560	1236	614	1035	341
a74_gac-miR-26b-3p	880	345	378	407	208	663	151	367	848	137	500	288	455	547	411
a73_gac-miR-26a-1b-3p	216	245	284	383	57	158	67	200	217	102	0	506	351	182	186
a226_gac-miR-26-5p	344753	169085	235151	232387	119012	212832	48560	290884	253433	61408	63713	260688	274315	259636	109397
a197_gac-miR-24-6-5p	60	50	66	234	52	60	15	363	246	156	25	151	87	239	0
a196_gac-miR-24-4a-5p	0	0	0	3	8	0	0	24	0	0	0	0	6	0	0
a206_gac-miR-24-3p	4382	3075	3818	4537	2404	3303	787	10568	3391	1630	1410	6435	4954	4252	976
a198_gac-miR-24-3-5p	0	16	8	37	0	13	6	65	0	3	0	4	9	0	0
a199_gac-miR-24-2-5p	769	396	534	586	298	379	141	754	555	194	493	1174	506	462	662
a119_gac-miR-23b-2-5p	187	58	74	159	75	164	92	503	366	116	883	144	157	184	171
a50_gac-miR-23b-2-3p	8029	2380	3822	8634	2903	3663	1189	15924	11294	1828	3591	5754	4841	5097	955
a49_gac-miR-23a-3p_gac-miR-23b-2-3p	65	50	57	103	24	71	9	0	126	22	259	150	69	153	0
a51_gac-miR-23a-3p	119710	69556	98806	86143	35836	76090	13754	129168	120630	29768	59413	159924	119961	59897	29117
a114_gac-miR-23a-3-5p	656	87	150	400	64	484	34	984	389	130	328	406	397	326	212
a112_gac-miR-23a-2-5p	181	197	400	213	208	522	36	575	527	103	0	436	316	370	155
a118_gac-miR-23a-1-5p	160	13	19	83	45	18	14	126	81	22	0	75	80	89	0
a79_gac-miR-22b-5p	6791	1237	2241	2543	1179	1539	506	2821	4708	643	2479	2047	2740	2150	1135
a14_gac-miR-22b-3p	259	132	135	198	45	138	39	193	13	30	141	248	188	135	116
a45_gac-miR-22a-5p	5896	732	1009	5281	893	1327	315	3784	3482	951	1926	2187	2208	3225	360
a13_gac-miR-22a-3p	114069	39338	62802	272223	50796	48994	14610	257065	154365	52657	50206	131658	108935	93826	90274
a219_gac-miR-223-5p	916	2285	2115	1033	308	2495	165	820	1265	351	421	3538	3195	803	1014
a173_gac-miR-223-3p	39678	47952	64021	33591	10734	59933	6386	40154	28337	7982	17047	105852	73131	33042	22288
a201_gac-miR-222c-5p	74	57	75	180	4	23	9	58	85	51	188	145	85	338	127
a200_gac-miR-222a-5p	99	115	144	357	46	709	119	226	234	98	178	321	124	980	108
a39_gac-miR-222-3p	7032	2670	3908	12364	3263	7965	2223	16984	12100	2879	3573	9168	4749	11304	4306
a25_gac-miR-221a-5p	10	38	17	19	0	0	0	83	0	12	0	45	22	0	0
a40_gac-miR-221-3p	4618	2119	2876	9089	1164	3818	1159	6755	5266	1566	3998	6000	3492	6613	1654
a77_gac-miR-21a-3p	0	22	11	46	0	38	19	145	0	37	161	172	63	186	0
a238_gac-miR-218b-5p	23	6	0	0	0	0	0	0	0	1	0	6	0	0	0
a237_gac-miR-218a-2-5p_gac-miR-218b-5p	6	11	6	44	0	29	7	59	99	11	0	26	1	20	0
a239_gac-miR-218a-2-5p	821	418	260	1529	132	448	226	2168	818	269	0	532	564	804	441
a15_gac-miR-2188-5p	50745	20031	46392	27085	8753	21316	6622	21249	17468	8182	11581	26037	19218	44477	8101
a108_gac-miR-2188-3p	136354	54636	112940	102918	44002	48608	14432	128867	87356	34464	28739	52738	77947	69149	82995
a137_gac-miR-2187a-5p	0	0	0	12	0	0	0	19	0	0	0	0	0	0	0
a5_gac-miR-2184-5p	297	98	90	507	260	165	47	223	189	122	0	300	212	546	308
a142_gac-miR-217a-5p	81	10	0	107	11	16	7	37	0	8	165	10	20	20	54
a135_gac-miR-216b-5p	24	0	1	3	31	0	4	9	0	0	0	0	0	26	0
a58_gac-miR-214a-3p	14652	1105	1308	7209	5005	3524	1790	8386	9919	1600	4465	4069	3017	18582	2618
a27_gac-miR-212b-5p	4	0	1	4	0	0	74	21	0	0	0	0	0	0	0
a26_gac-miR-212a-5p	29	17	25	131	71	95	4	23	84	11	0	69	67	10	0
a38_gac-miR-210-5p	3365	2201	2654	3732	2368	1938	577	5782	5183	1015	513	4252	3009	3862	1176
a94_gac-miR-210-3p	477	753	573	1081	15	733	326	273	394	223	148	1513	534	1553	144
a52_gac-miR-21-5p	202333	181408	212867	284965	85032	277075	54787	404544	346689	99862	107227	391938	277116	317490	160536
a56_gac-miR-20b-5p	0	0	0	0	0	0	0	0	0	0	204	12	0	0	0
a126_gac-miR-20a-5p	506	338	358	751	90	1094	146	128	481	180	0	1099	438	1013	71
a203_gac-miR-206-1-3p	28243	271	1100	16496	46479	6011	9623	1487	3082	2571	4325	2428	24509	79510	5111
a240_gac-miR-205-1a-3p	11	37	30	296	0	60	38	1453	86	61	0	256	154	27	0
a178_gac-miR-205-1-5p	5101	3010	6146	53536	1100	3475	3150	198196	25002	10425	4581	40547	17665	5876	2345
a101_gac-miR-204-2b-3p	9	0	1	0	0	0	0	0	119	0	0	6	0	0	0
a233_gac-miR-204-1/2b-5p	12851	852	1334	19391	9042	5373	916	5383	21285	826	873	2437	2727	10302	1527
a234_gac-miR-202-5p	324	49	11	14	0	83	0	23	152	23	509	28	30	0	0
a67_gac-miR-200b-5p	5	15	26	25	0	13	11	826	102	9	0	111	72	0	0
a133_gac-miR-200b-3p	1975	3413	9175	23478	441	2254	3774	145057	12821	4707	3960	39540	19716	2727	2794
a128_gac-miR-200a-3p	140	574	1367	3571	26	133	290	26961	1433	1034	350	7446	2864	431	427
a221_gac-miR-19c-3p	37	0	2	2	0	0	0	0	0	0	0	8	5	0	0
a220_gac-miR-19b-3p	1456	450	484	944	41	432	109	240	481	251	507	1213	815	845	0
a157_gac-miR-19b-2-5p	126	88	91	235	123	46	47	84	244	45	0	94	122	100	169
a106_gac-miR-19a-1-5p	12	6	0	0	0	12	0	12	0	0	0	0	0	48	0
a222_gac-miR-19a-1-3p	312	139	115	313	28	82	24	150	108	69	0	248	187	221	0
a72_gac-miR-199-5p	11190	3192	4488	21129	7827	4550	3025	11476	10602	5355	3743	13335	6610	21304	5501
a20_gac-miR-199-3p	67346	11212	19639	61556	20388	21813	5559	29433	62323	12519	11613	29862	42172	48126	13321
a153_gac-miR-196d-5p	130	4	20	29	99	14	14	23	0	15	0	13	70	61	0
a69_gac-miR-196d-3p	412	23	40	121	173	68	53	71	166	14	0	45	124	196	119
a154_gac-miR-196a-5p	1082	103	164	595	397	254	55	149	779	95	0	173	684	216	120
a216_gac-miR-194b-5p	4	0	5	10	0	0	0	0	0	0	0	0	0	36	0
a215_gac-miR-194a-5p	255	216	64	5723	520	325	181	721	3054	182	0	350	353	1219	384
a71_gac-miR-194a-3p	0	1	0	25	0	0	0	0	0	2	0	0	0	0	0
a207_gac-miR-193a-2-5p	1273	122	96	611	298	315	71	230	526	144	1065	226	154	1603	1
a195_gac-miR-190b-5p	0	0	1	0	0	0	0	0	0	0	0	0	0	0	0
a86_gac-miR-190a-3p	0	0	0	0	0	0	0	0	0	0	0	0	0	0	0
a131_gac-miR-18c-5p	38	76	116	169	41	178	50	248	127	21	0	223	178	22	344
a130_gac-miR-18a/b-5p	86	165	207	224	0	268	49	71	0	69	0	259	177	302	178
a32_gac-miR-18a-3p	171	124	168	228	31	120	64	153	374	86	0	199	253	150	0
a76_gac-miR-184-5p	0	1	3	0	0	0	0	35	67	5	0	8	10	0	0
a204_gac-miR-184-3p	438	1180	2626	6928	207	919	574	8100	7208	2441	2383	13995	8361	1037	624
a159_gac-miR-183-5p	233	156	381	1103	30	136	350	6111	322	132	161	1196	770	212	340
a243_gac-miR-182b-5p	80	6	28	37	0	18	0	0	0	1	0	30	31	38	0
a241_gac-miR-182a-5p_gac-miR-182b-5p	0	16	10	35	0	13	12	170	1	1	0	39	37	23	0
a242_gac-miR-182a-5p	44	30	72	333	33	34	117	2108	425	61	0	227	258	60	292
a87_gac-miR-181b-3-3p	6	0	5	23	0	26	0	0	0	0	0	9	10	0	0
a8_gac-miR-181b-2/3-5p_gac-miR-181c-5p	1607	1179	1319	3446	640	1265	279	11338	3349	676	1084	2125	2138	2806	1069
a88_gac-miR-181b-2-3p	11	0	2	6	0	0	0	0	0	7	0	0	4	79	0
a7_gac-miR-181b-1-5p	800	682	774	1019	239	742	193	1358	1289	343	75	1582	969	967	340
a6_gac-miR-181a-5p	13793	15493	14951	24575	9047	14105	4865	57172	18814	5485	4315	31860	19841	30336	11563
a23_gac-miR-181a-3-3p	527	247	474	587	108	380	106	510	660	162	646	689	724	543	725
a21_gac-miR-181a-2-3p_gac-miR-181a-3-3p	142	28	48	69	26	61	10	99	181	32	0	87	75	48	1
a22_gac-miR-181a-2-3p	1545	452	601	2862	835	854	216	5562	2674	826	474	1336	860	2277	2872
a24_gac-miR-181a-1-3p	127	183	167	320	33	220	60	1314	339	71	0	501	120	399	212
a2_gac-miR-17a-5p	297	157	110	265	40	355	64	170	0	68	102	703	219	380	0
a31_gac-miR-17a-1-3p	19	3	20	0	0	0	0	0	191	0	0	7	7	38	0
a115_gac-miR-1788-5p	0	0	3	0	0	0	0	26	0	0	0	24	0	0	0
a150_gac-miR-16c-5p	329043	252911	344638	298756	74262	270599	76157	179884	458349	63681	77685	345634	433016	271277	178808
a149_gac-miR-16a-5p_gac-miR-16c-5p	18140	11689	16406	14786	5845	16368	2997	14983	16488	3484	3811	19944	17967	13731	8108
a151_gac-miR-16a-5p	9883	11120	15422	15286	5295	10353	3911	8657	18213	3484	1381	13992	16799	12818	6874
a152_gac-miR-15c-5p	101428	74835	145003	171269	34562	68038	34409	90140	158910	37086	63535	162149	132000	115245	88489
a147_gac-miR-15b-1-5p	355	329	447	689	193	317	215	356	155	199	122	965	191	686	0
a148_gac-miR-15a-2-5p	70544	58372	65710	60814	8952	41298	12221	25319	36787	13991	14405	75384	75608	52344	16500
a225_gac-miR-155-5p	542	401	562	1331	132	1399	496	1938	1625	230	263	2243	729	1025	1311
a235_gac-miR-153c-3p	7	0	0	0	0	0	6	0	0	3	0	0	1	45	0
a16_gac-miR-152a-5p	956	429	614	1448	274	689	202	931	1246	241	156	1116	625	1299	811
a169_gac-miR-152a-3p	1961	832	1209	3221	197	994	154	664	575	838	389	2255	1541	1597	174
a29_gac-miR-150-5p	9354	924	2164	15122	1005	2432	882	289263	13481	996	5177	7871	2681	16310	4507
a78_gac-miR-150-3p	2	0	1	4	0	0	0	624	68	3	0	7	6	148	0
a170_gac-miR-148a-3p	818	569	711	3544	335	407	231	1409	3438	671	250	1047	1034	2055	189
a183_gac-miR-146a-5p	37344	27416	27329	66170	14462	40222	12521	105725	92886	33805	10778	73128	47580	60768	37964
a53_gac-miR-146a-3p	1469	447	337	1065	237	283	217	2794	1672	551	1107	797	824	1044	324
a121_gac-miR-145-5p	14238	2290	2749	9301	2932	3314	912	9999	7055	1371	1793	5218	5226	5694	1200
a113_gac-miR-145-3p	4783	2209	2534	6724	1755	2318	281	5467	6095	916	140	4043	5355	2065	2874
a48_gac-miR-144-5p	10985	10750	17366	28440	9719	20973	5863	9507	29623	9054	1668	11437	11311	56815	17416
a80_gac-miR-144-3p	1665	941	858	2314	822	1412	505	996	360	1261	503	1160	810	6405	928
a120_gac-miR-143-5p	138	50	33	50	0	33	5	35	0	26	0	60	82	40	0
a55_gac-miR-143-3p	69992	35884	42075	158194	45062	60269	14818	139549	127747	28918	9464	54550	68857	121726	112070
a66_gac-miR-142-5p	931	1039	827	2086	463	1614	456	1524	1182	536	407	3156	880	3078	1230
a218_gac-miR-142-3p	510	329	416	1131	151	628	126	410	67	231	590	1264	677	1268	136
a65_gac-miR-140-5p	347	219	320	555	151	350	167	552	415	112	65	387	342	652	0
a139_gac-miR-140-3p	11026	8845	10971	13167	2893	17789	5224	5552	10188	3662	3460	15812	6759	14454	5828
a180_gac-miR-139-5p	2011	781	1072	1995	502	1172	206	2445	606	324	1180	1863	1747	2174	601
a54_gac-miR-1388-3p	246	523	1495	2499	117	751	553	1964	1689	204	143	2086	1124	1598	1516
a160_gac-miR-135c-5p	0	28	0	93	11	40	52	77	48	34	0	32	18	77	0
a162_gac-miR-135b-5p	18	1	4	26	9	31	1	0	0	7	0	9	20	30	0
a163_gac-miR-135a-2-5p	0	0	1	0	0	0	28	0	0	0	0	0	8	0	0
a161_gac-miR-135a-1-5p	89	5	1	32	0	7	3	17	101	0	0	3	11	0	0
a246_gac-miR-133b-3p	73	6	4	31	34	0	17	19	0	0	0	9	12	137	0
a41_gac-miR-133a-5p	214	1	0	79	54	17	15	0	27	14	0	17	69	171	0
a245_gac-miR-133a-3p_gac-miR-133b-3p	115	0	0	41	64	35	13	0	0	7	0	39	18	286	0
a236_gac-miR-133a-3p	16457	427	387	7266	10130	1712	3647	1041	1122	1494	739	2533	9469	31305	300
a64_gac-miR-130c-3p	53	45	48	23	25	33	7	81	65	21	0	97	74	119	0
a104_gac-miR-130c-2-5p	196	116	136	115	64	270	21	113	259	32	0	223	313	128	129
a30_gac-miR-130b-5p	9418	5902	7467	4696	2823	8382	1481	5452	15224	1628	6717	10406	9500	5849	6785
a62_gac-miR-130b-3p	121	191	92	77	19	258	28	43	57	13	0	191	176	118	0
a70_gac-miR-1306-5p	735	108	218	161	198	163	18	245	874	37	1252	154	210	265	130
a12_gac-miR-129-1b/2-3p	5	0	5	7	0	0	0	14	0	0	0	0	0	0	0
a96_gac-miR-129-1a/2-5p	28	2	6	17	0	0	55	34	0	8	0	11	7	34	0
a117_gac-miR-128-2-5p	0	0	0	8	0	0	0	58	0	0	0	7	14	0	0
a166_gac-miR-128-2-3p	55605	19579	37613	40393	8729	18818	6420	34589	53158	9849	20053	36020	53094	26567	30399
a68_gac-miR-126b-5p	8937	2165	2965	6220	1648	2722	414	3604	4126	2211	2670	5858	3931	4466	1086
a179_gac-miR-126b-3p	150054	69566	93678	195199	83369	160186	24449	195958	243737	82067	65183	170403	82745	217750	73301
a175_gac-miR-125b-2/3-5p	226878	21030	29032	108893	102515	72155	18147	119745	206764	25882	33070	49765	52828	104588	27330
a28_gac-miR-125b-2-3p	273	26	24	112	167	50	7	256	632	36	0	42	133	208	183
a176_gac-miR-125a-5p	97781	35156	47357	95787	86532	89601	16893	136747	229426	30144	43604	100264	51159	119043	65384
a61_gac-miR-125a-1-3p_gac-miR-125a-2-3p	28	17	33	46	31	40	24	71	105	2	0	43	42	74	0
a129_gac-miR-124-3p	5	2	0	0	0	0	0	0	18	0	0	0	12	0	0
a123_gac-miR-122-5p	39735	5578	1075	287681	7512	9283	2855	31558	88669	5220	4982	6872	32060	31438	75676
a11_gac-miR-122-3p	134	102	18	2435	104	77	15	226	729	36	0	152	127	474	413
a141_gac-miR-10c-5p	19851	2049	2431	8093	2391	4871	1516	7425	20552	6156	3511	10489	4717	8896	8742
a140_gac-miR-10b-5p	98076	13208	30153	97615	35581	53042	6086	32891	103919	10814	14837	37422	65116	28155	25789
a132_gac-miR-10545-5p	27	6	3	53	0	24	0	16	100	0	0	17	4	15	66
a90_gac-miR-10545-3p	10	6	4	36	0	0	0	159	181	3	0	31	3	23	0
a37_gac-miR-103-3p	5482	2540	2682	3486	585	2442	763	3147	1865	843	1389	4496	4090	3347	1818
a172_gac-miR-101b-5p	3522	769	804	2225	486	959	457	1354	1027	241	838	1459	1397	2218	40
a19_gac-miR-101b-3p	278	47	81	290	31	105	10	85	0	63	0	118	73	371	0
a171_gac-miR-101a-5p	9	0	0	22	0	0	0	0	0	0	0	8	0	0	0
a138_gac-miR-101a-3p	33017	9708	14380	21336	2961	11730	2069	6778	9897	8694	7721	19798	14546	15213	6053
a9_gac-miR-100-2-5p	156961	27953	42790	123880	51293	56327	16214	92512	202051	31138	24856	92264	88873	79851	64393
a18_gac-miR-1-3p	51051	1503	2532	40808	83363	11716	8575	5464	8703	11015	868	8213	58496	129289	23584
a194_gac-let-7j-5p	10090	10288	14232	16155	5056	9501	2334	14763	20457	3918	2297	16109	15745	15273	12514
a92_gac-let-7j-3p	214	278	362	430	98	294	150	261	257	66	145	576	288	254	311
a192_gac-let-7i-5p	1673	1700	1658	2569	1165	1001	507	3945	3024	1181	729	3880	2955	3571	2968
a184_gac-let-7h-1-5p	26811	14310	25619	26305	8292	18717	5648	40037	62385	6829	13627	27450	37463	32723	41365
a82_gac-let-7h-1-3p	3390	591	1090	1488	499	884	240	2064	3072	311	2583	1898	1605	1071	201
a191_gac-let-7g-5p	132592	75865	150589	116328	44087	88056	21543	125024	179135	30262	35732	111586	154150	142540	137177
a84_gac-let-7g-1-3p	0	5	9	18	17	0	0	0	0	1	0	10	0	0	0
a186_gac-let-7f-5p	15710	13389	23349	23962	7641	21506	4059	24071	45537	6213	4929	24206	24820	28363	31223
a185_gac-let-7e-5p	163186	194148	274483	196258	53437	231046	40962	183834	338100	56315	58401	298007	343103	205277	355976
a83_gac-let-7e-1-3p	539	160	164	257	92	272	52	147	357	92	192	362	387	167	0
a193_gac-let-7d-5p	59218	16383	23572	46284	20510	37922	8913	50961	131005	13800	39157	34684	35295	84904	59504
a91_gac-let-7c-2/d-3p	136	26	54	78	99	38	0	138	175	22	0	93	89	89	169
a189_gac-let-7c-2-5p	40611	6324	8127	24624	21678	15823	5655	44894	73849	6749	10288	11033	16192	52299	24048
a190_gac-let-7b-5p	172849	31183	45789	140473	79772	68596	23288	306198	500067	39471	182043	63508	77153	246195	252435
a81_gac-let-7b-1-3p	7388	717	1212	4551	2805	2247	590	8431	7219	835	4408	2867	2021	4443	280
a187_gac-let-7a-5p_gac-let-7c-2-5p	3111	1292	2322	2370	1020	1895	379	2496	3500	584	1150	1630	1831	2979	1225
a188_gac-let-7a-5p	927993	506937	894481	982843	329070	768022	185171	1044388	1895945	239359	457081	801342	984027	1181453	1331474
a85_gac-let-7a-5-3p	879	677	984	756	176	928	141	748	976	142	318	1610	1147	498	132
a93_gac-let-7a-4-3p	5	0	0	0	0	0	0	0	0	0	0	9	0	0	0
a158_gac-let-7a-3/7-3p	1368	208	161	944	219	469	156	722	1025	196	180	404	457	754	555
a267_REV_gac-let-7b-5p_gac-let-7c-2-5p	24	0	0	7	0	0	0	25	1	0	0	4	0	0	0
a257_REV_gac-let-7f-3p	30	12	3	19	13	0	0	17	0	2	0	30	36	0	0
a266_REV_gac-let-7i-1-3p	2	6	5	0	0	0	0	12	0	0	0	15	11	52	0
a253_REV_gac-miR-103a-5p	4	6	3	16	0	0	8	0	0	0	0	18	1	0	0
a262_REV_gac-miR-10544-5p	0	0	0	0	0	0	0	0	0	0	0	0	0	0	0
a252_REV_gac-miR-10c-3p	4	0	0	0	0	0	0	0	41	3	0	0	0	82	0
a260_REV_gac-miR-132-3p	49	7	6	92	36	29	36	0	0	14	0	48	56	34	0
a263_REV_gac-miR-135b-3p	0	0	0	0	0	0	0	0	0	0	0	0	0	0	0
a258_REV_gac-miR-153c-5p	0	0	0	0	0	0	0	0	0	0	0	0	0	0	0
a250_REV_gac-miR-181b-2/3-5p	112	4	13	37	15	32	12	86	0	26	0	58	46	55	175
a265_REV_gac-miR-183a-3p	0	0	0	0	0	0	0	32	0	0	0	0	0	0	0
a268_REV_gac-miR-190a-5p	29	15	11	15	13	10	2	0	0	4	0	21	14	62	0
a261_REV_gac-miR-191-5p	47316	52764	68077	38495	10588	48046	7887	139208	55629	10995	18294	124861	105269	24937	33519
a251_REV_gac-miR-193a-2-3p	18	7	0	10	0	12	0	2	0	4	0	1	0	0	0
a269_REV_gac-miR-27b-3p_gac-miR-27c-1-3p	110	65	69	65	17	43	7	144	132	26	0	110	108	35	103
a264_REV_gac-miR-459-5p	0	0	0	0	0	0	0	31	0	0	0	0	0	0	0
a255_REV_gac-miR-460-3p	23	2	0	7	0	0	0	0	0	0	0	0	0	0	0
a249_REV_gac-miR-728a-5p	0	0	0	1	0	0	0	0	0	0	0	2	0	0	0
a256_REV_gac-miR-730-3p	15	1	5	3	0	2	7	23	56	0	0	3	4	0	0
a254_REV_gac-miR-7bb-3p	3	2	2	1	0	0	0	0	128	4	0	0	0	0	0
a259_REV_gac-miR-9-7-3p	0	0	0	0	0	0	0	0	0	0	0	0	3	0	0
