Gene	D15_M_MP	D21_M_MP	D22_M_MP	D24_M_MP	D46_M_MP	D48_M_MP	D50_M_MP	D52_M_MP	D57_M_MP	D60_M_MP	D12_M_MPP	D13_M_MPP	D20_M_MPP	D47_M_MPP	D61_M_MPP
a103_gac-miR-ENSGACG00000022167-5p	46.0996136122312	31.3698564045091	82.1261740599923	94.0090314594952	3323.31279638188	2371.52815587293	2230.97530627438	145.864003811573	173.152879953691	275.810619509335	0	21.0142372567617	54.5148451549914	60.7806302486786	152.288986985994
a109_gac-miR-ENSGACG00000022167-3p	19.3120002970158	0	12.5604736797635	58.3504333196867	191.996034097107	223.925168502743	74.13050859456	41.8248039603078	0	91.9368731697783	0	3.50237287612696	5.73840475315699	0	157.201534953285
a10_gac-miR-99a-5p	21523.5358148999	12594.3153930103	6636.76105433044	15662.7690920159	44493.5963965863	9726.09993488285	16051.0201228316	18172.8773207537	12816.1286105561	13624.5961312091	9074.60693701852	10667.0603230573	10814.7410579185	15746.4378785252	8078.68513220864
a57_gac-miR-99a-3p	19.9349680485324	5.45562720078419	0	23.2321169698752	0	13.2276470845502	0	0	0	4.48472552047699	0	3.50237287612696	0	0	0
a244_gac-miR-96-5p	0	0	5.7971416983524	3.78197252997969	0	0	84.7205812509257	48.6213346038578	0	8.96945104095398	0	2.3349152507513	2.15190178243387	0	0
a165_gac-miR-92a-3p	617397.173882577	867120.11510624	1044822.71305518	721212.976676697	503765.924021885	568089.649004047	801244.89718063	326515.265507083	884090.450103715	517833.316947396	1242034.04975607	950455.85553014	817069.933784199	401304.1112169	856060.60877998
a44_gac-miR-92a-2-5p	243.580390843006	80.4705012115668	85.0247449091685	104.27438546944	108.863730673617	96.3728573302944	278.871913284297	281.27180663307	390.415165640842	165.934844257649	973.351843935606	51.9518643292165	161.39263368254	213.340012172862	384.406878440454
a181_gac-miR-9-5p	60.4278718971139	69.5592468099985	53.1404655682303	83.2033956595532	43.5454922694469	0	91.7806296885028	32.9370331187424	36.1321727816645	78.4826966083473	0	70.6311863352269	115.485395657284	23.7044457969847	157.201534953285
a46_gac-miR-9-1/3/5/6-3p	0	23.1864156033328	16.4252348119985	12.9667629599304	13.8553839039149	11.3379832153288	0	8.36496079206156	0	8.96945104095398	0	3.50237287612696	23.6709196067726	20.6654142845507	0
a167_gac-miR-8159-5p	92.1992272244625	30.0059496043131	25.1209473595271	214.491870628848	23.7520866924256	72.7520589650262	0	17.252731633627	84.9340684867697	53.8167062457239	0	9.92338981569304	53.0802439667021	7.90148193232822	245.627398364507
a125_gac-miR-737-5p	4601.86278045341	1426.64651300507	1551.70159459233	1392.84645461252	3331.23015861269	3516.66446062113	720.124940632868	1250.5616384132	2625.91738813239	1479.95942175741	4981.58293992452	1305.80135398267	3564.26665230463	1751.08995746443	437.216769088823
a177_gac-miR-730-5p	123.347614800294	110.47645081588	99.5175991550495	129.667629599304	61.3595572887661	85.9797060495764	105.900726563657	26.6633125246962	327.535800020803	116.602863532402	0	57.7891524560948	97.5528808036688	251.024002927043	286.155919094651
a168_gac-miR-727b-5p	3.73780650909983	2.7278136003921	0	0	3.95868111540427	0	14.1200968751543	0	0	2.2423627602385	67.1277133748694	0	0	0	0
a124_gac-miR-727b-3p	24.2957423091489	12.2751612017644	7.72952226446986	36.1988799298056	89.070325096596	16.0621428883824	0	47.0529044553463	0	4.48472552047699	0	22.1816948821374	18.6498154477602	27.3512836119054	0
a232_gac-miR-725-3p	97.8059369881122	519.648490874694	634.787015969588	1183.21712009365	69.2769195195747	163.455924687656	1249.62857345115	6427.4267486003	184.414855885638	3119.12659949175	333.872048101324	3735.86440120209	1161.30966192015	344.018367207521	0
a223_gac-miR-724-5p	102.166711248729	452.817057665088	438.650388508665	83.2033956595532	45.5248328271491	138.890294387777	105.900726563657	661.877522671871	114.496755308132	636.831023907733	0	92.2291524046765	157.806130711817	175.656021418681	622.665454854025
a248_gac-miR-722-3p	58.558968642564	75.0148740107826	12.5604736797635	487.87445636738	193.975374654809	31.1794538421541	98.84067812608	831.790788760621	32.3781808043487	73.9979710878703	0	39.6935592627722	77.4684641676193	147.696931504289	116.673014223141
a217_gac-miR-7147-5p	0	64.1036196092143	28.985708491762	7.56394505995938	0	52.9105883382008	0	9.41058089106925	0	20.1812648421465	0	35.6074575739574	20.8017172301941	30.3903151243393	0
a156_gac-miR-7133-3p	226.760261552056	549.654440479007	715.946999746521	570.537570236936	261.272953616682	646.265043273739	564.803875006171	368.581084900212	496.934687997178	361.020404398398	1985.56710087771	1238.67254052357	737.385010780673	254.063034439477	122.813699182254
a99_gac-miR-7132b-5p	161.971615394326	369.618742853129	438.650388508665	226.378070008784	520.566566675661	1081.83256512929	1164.90799220023	472.620284751478	278.733904315697	224.23627602385	0	1470.41287916063	474.852993323741	230.358588642492	400.372659334147
a98_gac-miR-7132a-5p_gac-miR-7132b-5p	37.3780650909983	165.032722823722	206.764720574569	122.103684539344	114.801752346724	479.97462278225	271.81186484672	163.639545494704	114.966004305296	134.54176561431	0	586.647456751265	228.10158893799	144.050093689368	297.209152021054
a100_gac-miR-7132a-5p	57.9360008910474	113.204264416272	94.6866477397558	81.0422684995648	162.305925731575	182.352563379871	204.741404689737	254.608494108374	132.797466197546	76.2403338481088	0	297.701694470791	105.44318733926	143.442287386882	0
a202_gac-miR-7-5p	289.680004455237	373.710463253717	404.833728601609	478.689665937429	126.677795692937	152.117941472327	2029.76392580343	173.050126385773	856.848668822329	345.323865076728	0	294.199321594664	383.755817867373	515.419744508795	429.847947137887
a105_gac-miR-551a-3p	4038.07696533085	496.462075271362	686.961291254759	953.057077554882	4117.02836002044	2797.64735838237	2061.53414377253	1367.14827945256	18038.8699489967	5081.19401470043	11176.7642769157	2982.2705040221	1691.39480099302	8540.89416254432	5942.95490342925
a224_gac-miR-499a-5p	531.391492043692	1265.70551058193	300.485178031266	1573.84085426155	5704.45948729755	515.878236297458	2891.08983518784	1628.55330420448	776.13784131004	3919.65010489689	236.713515585066	138.927457419703	1269.62205163598	2145.55624777835	1686.23208977234
a182_gac-miR-489-3p	42.984774854648	55.920178808038	25.1209473595271	54.568460789707	106.884390115915	77.4762186380798	74.13050859456	65.8740662374848	1.40774699149342	62.7861572866779	0	16.3444067552591	15.7806130711817	83.2694634406897	0
a75_gac-miR-460-5p	35.5091618364484	95.4734760137234	33.8166599070557	272.842303948535	73.2356006349789	65.1934034881403	17.6501210939429	40.2563738117962	42.2324097448026	69.5132455673934	545.854300864069	42.6122033262113	41.6034344603882	37.0761844516939	0
a47_gac-miR-458-3p	117.117937285128	237.319783234112	113.044263117872	274.463149318526	95.0083467697024	205.028529810528	187.091283595794	188.734427870889	213.977542707	269.083531228619	0	323.969491041743	295.527844787585	257.709872254397	190.361233732493
a60_gac-miR-456-3p	536.375234055826	616.485873688614	629.956064554294	428.983741257696	191.996034097107	381.712101582735	600.104117194057	385.833816533839	435.932318365796	493.319807252469	1091.70860172814	405.691524818039	595.359493140037	326.999790737891	749.163565011747
a164_gac-miR-455-5p	718.281817498684	283.692614440778	432.853246810312	519.751081977209	227.624164135745	326.911849375312	70.6004843757714	359.170504009143	365.544968791125	513.501072094615	148.387576933922	405.691524818039	510.718023030972	375.016488634347	529.327043475513
a102_gac-miR-455-3p	789.923108923097	383.25781085509	542.032748795949	636.992230406579	2197.06801904937	744.527564473255	935.456417978971	1063.91845074033	831.978471972612	1013.5479676278	1734.72143510847	639.766778705857	481.308698671042	989.508660448488	308.262384947456
a155_gac-miR-454b-3p	347.616005346284	767.879528510375	664.738914744408	128.587066019309	197.934055770213	619.809749104638	420.07288203584	76.8530772770656	175.029875942349	94.1792359300168	0	514.848812790662	781.140347023495	371.977457121913	0
a1_gac-miR-451-5p	286864.813186133	235358.48525543	252686.778538067	148407.843767143	371433.152355594	304970.962189782	168315.084776058	168250.730131328	130720.100887099	187205.897401271	99939.0330649963	138041.940810855	96025.0305381407	217065.257000803	75675.345162121
a134_gac-miR-429a-3p	14.3282582848827	114.568171216468	215.460433122097	229.619760748767	29.690108365532	43.4622689920935	155.321065626697	1935.96561331275	47.8633977107763	154.723030456456	0	465.815592524885	251.772508544763	17.6263827721168	99.4790963376254
a17_gac-miR-425-5p	19262.1628768945	46198.2511362405	40751.0075685682	14792.9154101206	32069.27571589	37069.5361225174	21370.766620546	103008.741243694	20007.3694921017	17230.3154496726	23273.8848345764	59682.7687244541	43452.635392093	10367.9599078196	43042.5171524044
a247_gac-miR-375a-3p	2121.82816166567	6845.44823018397	9778.81185483744	9099.42590713114	918.41401877379	3170.85597255361	212701.609303105	52645.4035548889	3372.96179161824	7738.39388558305	11478.8389871027	16769.9450597085	11495.4593217617	2416.03005238497	10176.3431142415
a116_gac-miR-365-2b-5p	156.987873382193	83.1983148119589	66.6671295310526	41.0614160397795	239.500207481958	119.993655695563	84.7205812509257	181.415087177835	88.2188114669211	62.7861572866779	1586.33385817454	36.1911863866452	47.3418392135451	167.754539486353	0
a136_gac-miR-365-2b-3p	3324.7788898443	621.941500889398	382.611352091258	1870.45555696996	6361.60055245466	1405.90991870077	1380.23946954633	1083.26242257197	2232.2174795114	1755.77004126674	1213.59839706672	987.085422255113	905.233349810515	4366.48047706507	618.981043878558
a205_gac-miR-34a-5p	0	6.81953400098024	0	9.18479042995068	0	19.8414706268253	0	40.2563738117962	29.0934378241974	6.72708828071549	0	16.9281355679469	4.30380356486774	21.8810268895243	0
a174_gac-miR-338-3p	383.125167182733	178.671790825682	61.8361781157589	226.918351798781	542.339312810385	315.573866159984	183.561259377006	111.881350593823	284.364892281671	374.474580959829	0	171.616270930221	204.430669331218	646.098099543453	375.809919497696
a3_gac-miR-338-1b-5p	1.86890325454991	0	0	0	39.5868111540427	0	0	0	0	0	0	4.66983050150261	0	19.4498016795772	0
a4_gac-miR-338-1a-5p	18.0660647939825	1.36390680019605	5.7971416983524	10.805635799942	59.380216731064	14.1724790191609	0	31.3686029702308	32.8474298015132	20.1812648421465	162.519727118105	7.00474575225391	18.6498154477602	6.68586932735465	162.114082920575
a122_gac-miR-33-5p	0	2.7278136003921	2.8985708491762	5.94309968996808	0	0	0	0	0	15.6965393216695	0	6.42101693956608	13.6287112887478	0	0
a43_gac-miR-31a-5p	397.453425467615	338.24888644862	1319.81592665823	1218.87571823345	370.136684290299	545.168026270391	600.104117194057	1463.86813861077	620.347174251434	970.943075183268	1017.51481326118	735.498303986661	948.988686053337	525.144645348583	268.962001209135
a214_gac-miR-30e-5p	3130.41295137111	4326.31237022186	3478.28501901144	4753.39918839447	5563.9263077007	5439.39744755397	4006.57748832503	5102.62608315755	2889.63532453883	6440.06584740496	1895.47464345355	4847.28406055971	3547.76873863931	7837.66227056711	4732.01182949223
a95_gac-miR-30e-3p	5834.71596070483	5210.1239767489	5472.50176324466	6037.10872142758	7121.66732661228	6963.41135808108	11846.7612782544	10253.873500919	8913.38470113918	9431.37776956311	3755.61891144664	6812.69897287962	5282.20157528101	8985.80837596464	12474.1874259415
a212_gac-miR-30c-2-5p	12598.276838921	31188.456800083	23160.5472752009	22737.7591320279	15221.1288887294	22576.7590775234	41110.6620520117	23544.2277693563	26895.475521479	20161.0835773043	12877.9218553368	27581.7701283125	17154.2437089687	22480.3239037763	34536.4403470415
a211_gac-miR-30c-1-5p_gac-miR-30c-2-5p	482.800007425395	383.25781085509	220.291384537391	325.249637578253	296.90108365532	402.498404144171	607.164165631634	328.324711088416	489.426704042546	340.839139556251	166.052764664151	292.448135156601	135.569812293334	300.256313428472	25.7908768282732
a213_gac-miR-30c-1-5p	7788.34282946101	4067.17007818462	3226.10935513311	6696.25250522404	8873.38372017866	8319.24518424747	7225.9595758602	16951.5930451127	16729.6652469078	10660.1925621738	7263.92519467007	7076.54439621451	4914.94367107896	9921.22227549181	7141.61660744804
a210_gac-miR-30bb-5p	978.682337632639	1137.4982713635	571.98464757077	1020.05201951452	845.178418138811	704.844623219604	1486.14019610999	1608.16371227383	984.484396051066	1154.81682152282	302.074710186912	901.277286790003	459.789680846704	1317.72406379135	1037.77575809004
a89_gac-miR-30bb-3p	78.4939366910964	103.6569168149	63.7685586818764	89.6867771395184	237.520866924256	120.938487630173	81.1905570321371	73.1934069305386	51.1481406909276	80.7250593685858	0	77.6359320874808	61.6878510964376	75.9757878108482	0
a208_gac-miR-30a-5p	24901.2669636231	33944.9124432792	35822.4709346856	33407.7842026806	50750.2918994827	34801.9394794516	40298.7564816903	50916.4707211797	31985.419393722	32964.9749382661	26301.6980115376	33236.9348656321	26696.4935128746	27418.7501114814	48637.9092871479
a110_gac-miR-301c-5p	0	5.45562720078419	12.5604736797635	1.0805635799942	81.1529628657875	0	0	0	0	0	0	17.5118643806348	10.7595089121693	0	0
a111_gac-miR-301b-5p	5.60670976364974	12.2751612017644	36.7152307562319	0	0	12.2828151499395	0	35.5510833662616	0	0	0	8.17220337762956	34.4304285189419	0	0
a143_gac-miR-29b-2b-3p	0	0	0	0	0	0	0	29.8001728217193	0	4.48472552047699	0	5.25355931419043	1.43460118828925	15.1951575621696	0
a145_gac-miR-29b-1a/2a-3p	29.279484321282	96.8373828139194	18.3576153781159	104.814667259437	118.760433462128	77.4762186380798	236.511622658834	96.1970491087079	122.943237257092	29.1507158831004	0	103.903728658433	16.4979136653263	94.8177831879386	0
a107_gac-miR-29b-1a-5p	24.9187100606655	12.2751612017644	28.985708491762	11.3459175899391	0	29.2897899729326	31.7702179690971	44.438854207827	0	15.6965393216695	0	0	7.89030653559086	31.6059277293129	0
a146_gac-miR-29a-3p	944.419111299224	417.355480859991	399.036586903257	313.363438198317	680.893151849534	563.119833027995	377.712591410377	584.501635345301	948.352223269401	327.38496299482	83.0263823320753	380.591185872462	225.949687155556	777.384260880599	244.399261372685
a33_gac-miR-29a-3b-5p	68.5264526668302	75.0148740107826	55.0728461343478	78.8811413395764	57.4008761733619	53.8554202728116	176.501210939429	64.8284461384771	208.815803738191	33.6354414035774	0	35.0237287612696	99.7047825861026	15.8029638646564	186.676822757025
a228_gac-miR-27e-3p	2486.2642963029	1834.45464626368	1198.07595099283	2026.59699427912	4051.71012161627	1431.42038093525	2040.35399845979	5198.30032221675	1579.96137345278	2957.67648075458	464.594437305017	1360.67186237532	1707.1754140642	3183.0816061233	1257.61227962628
a59_gac-miR-27c-1-5p	306.500133746186	759.696087709199	850.247449091685	381.438943737952	607.657551214555	791.769161203791	804.845521883794	648.807271434275	395.576904609651	515.743434854854	1001.61614430397	773.440676811369	682.870165625681	578.63159996742	910.049510940499
a231_gac-miR-27c-1-3p	4512.15542423501	16833.3377280196	11241.6239433884	5325.5576040014	7454.19654030623	7830.76707405372	6198.72252819273	5276.19901959283	2492.18142394052	10113.0560486756	7263.92519467007	14102.8881145379	10197.14524636	7030.49550086465	4463.04982828309
a36_gac-miR-27b-5p	208.071229006557	304.151216443719	301.451368314325	318.766256098288	314.715148674639	266.442605560226	307.112107034606	600.708746879921	405.90038254727	352.050953357444	1284.25914798763	186.209491247416	230.253490720424	282.022124353869	222.292795519879
a230_gac-miR-27b-3p	6628.37687613703	7515.12646908023	7296.66901765955	8777.95824208286	6931.65063307287	4722.27000918443	9661.67628682432	13206.7046605167	5343.33833071186	11332.9013902454	8901.48809726228	7256.33287052236	7495.07390821717	6745.43434499835	4617.79508925273
a42_gac-miR-27a-5p	127.085421309394	80.4705012115668	105.314740853402	115.620303059379	11.8760433462128	116.21432795712	70.6004843757714	213.30650019757	129.981972214559	199.570285661226	1.76651877302288	166.946440428718	115.485395657284	40.7230222666147	178.079863814268
a227_gac-miR-27a-3p_gac-miR-27b-3p_gac-miR-27e-3p	104.658582254795	61.3758060088222	87.9233157583447	75.6394505995938	23.7520866924256	99.2073531341266	10.5900726563657	120.246311385885	110.742763330816	127.814677333594	0	57.2054236434069	50.2110415901236	75.3679815083615	0
a229_gac-miR-27a-3p	359.4523926251	406.444226458422	455.075623320663	577.020951716901	965.918192158641	597.133782673981	596.574092975268	937.921228809902	500.688679974493	1536.01849076337	989.250512892812	721.488812482153	440.422564804799	629.079523073824	418.794714211485
a74_gac-miR-26b-3p	548.211621334642	470.547846067637	365.219926996201	219.894688528819	411.702836002044	626.423572646913	533.033657037074	191.871288167912	397.923149595474	307.203698152674	883.259386511439	168.113898054094	326.371770335804	332.470047460272	504.764303639062
a73_gac-miR-26a-1b-3p	134.561034327594	334.157166048032	274.39804038868	206.927925568889	112.822411789022	149.283445668495	236.511622658834	104.562009900769	101.827032384691	228.721001544327	0	295.36677922004	251.772508544763	110.620747052595	228.433480478992
a226_gac-miR-26-5p	214770.001238616	230616.181311149	227200.611251544	125554.464332056	235565.278453246	201090.470307071	171417.976064373	152077.078439877	118923.181098384	137699.012380726	112550.210585607	152171.096721964	196766.312482782	157808.397152459	134354.50249441
a197_gac-miR-24-6-5p	37.3780650909983	68.1953400098024	63.7685586818764	126.425938859321	102.925709000511	56.6899160766438	52.9503632818286	189.780047969897	115.435253302461	349.808590597205	44.162969325572	88.1430507158617	62.4051516905822	145.265706294342	0
a206_gac-miR-24-3p	2729.84468714591	4194.01341060285	3688.91450071824	2451.25848121684	4758.33470071593	3120.77988001924	2778.1290601866	5525.05660315666	1591.22334938473	3655.05129918875	2490.79146996226	3756.29490964616	3553.50714339246	2584.39239817381	1198.66170401879
a198_gac-miR-24-3-5p	0	21.8225088031368	7.72952226446986	19.9904262298926	0	12.2828151499395	21.1801453127314	33.9826532177501	0	6.72708828071549	0	2.3349152507513	6.45570534730161	0	0
a199_gac-miR-24-2-5p	479.062200916295	540.107092877635	515.945611153363	316.6051289383	589.843486195236	358.091303217466	497.733414849188	394.198777325901	260.433193426283	435.018375486268	870.893755100279	685.297626095508	362.954100637179	280.806511748895	813.026688586518
a119_gac-miR-23b-2-5p	116.494969533611	79.1065944113708	71.4980809463462	85.9048046095387	148.45054182766	154.95243727616	324.762228128548	262.973454900435	171.745132962197	260.114080187665	1559.8360765792	84.0569490270469	112.616193280706	111.836359657569	210.011425601654
a50_gac-miR-23b-2-3p	5001.80807692709	3246.09818446659	3692.77926185048	4664.79297483495	5746.02563900929	3460.9193764791	4197.19879613961	8325.22722829926	5299.69817397557	4099.03912571597	6343.56891392515	3358.77558820575	3472.45217625412	3097.98872377515	1172.87082719052
a49_gac-miR-23a-3p_gac-miR-23b-2-3p	40.4929038485815	68.1953400098024	55.0728461343478	55.6490243697012	47.5041733848512	67.0830673573618	31.7702179690971	0	59.1253736427237	49.3319807252469	457.528362212925	87.5593219031739	49.493740995979	92.9943642804783	0
a51_gac-miR-23a-3p	74575.4695340568	94867.9013944363	95465.3971079012	46541.4942357201	70931.6482258137	71892.2619045304	48551.953105218	67530.3284743129	56605.5065279505	66750.6546467795	104954.179861608	93352.2466402879	86048.0965741831	36405.774100051	35759.6647908968
a114_gac-miR-23a-3-5p	408.666844994915	118.659891617056	144.92854245881	216.112715998839	126.677795692937	457.298656351593	120.020823438811	514.445088711786	182.53785989698	291.507158831004	579.418157551504	236.993897951257	284.768335875415	198.144854610692	260.365042266377
a112_gac-miR-23a-2-5p	112.757163024512	268.689639638621	386.476113223493	115.080021269382	411.702836002044	493.202269866801	127.080871876389	300.615778464712	247.294221505678	230.963364304565	0	254.505762331892	226.666987749701	224.888331920111	190.361233732493
a118_gac-miR-23a-1-5p	99.6748402426621	17.7307884025486	18.3576153781159	44.8433885697592	89.070325096596	17.0069748229931	49.42033906304	65.8740662374848	38.0091687703224	49.3319807252469	0	43.7796609515869	57.3840475315699	54.094760921324	0
a79_gac-miR-22b-5p	4230.57400054949	1687.15271184251	2165.23242433462	1373.93659196262	2333.64251753081	1454.09634736591	1786.19225470702	1474.84714965035	2209.22427865034	1441.83925483335	4379.20003832371	1194.89287957198	1965.40362795627	1306.78355034659	1393.93548571858
a14_gac-miR-22b-3p	161.348647642809	180.035697625878	130.435688212929	106.975794419426	89.070325096596	130.386806976281	137.670944532754	100.902339554243	6.10023696313816	67.2708828071549	249.079146996226	144.764745546581	134.852511699189	82.0538508357161	142.463891051414
a45_gac-miR-22a-5p	3673.0178629421	998.379777743507	974.885995606262	2853.22813297468	1767.55111802801	1253.79197722844	1111.9576289184	1978.31322732256	1633.9250081267	2132.48698498681	3402.31515684206	1276.61491334828	1583.79971187133	1960.17532551988	442.129317056113
a13_gac-miR-22a-3p	71061.3084477514	53653.3657061121	60678.6821566545	147077.12971838	100542.582969038	46291.0958043181	51573.653836501	134396.165375707	72435.621447294	118076.095865878	88689.8415183866	76852.5680208538	78139.1402231445	57028.0341371252	110868.838799788
a219_gac-miR-223-5p	570.638460389241	3116.52703844797	2043.49244866922	558.111089067003	609.636891772257	2357.35567685377	582.453996100114	428.704240593155	593.599981413059	787.069328843712	743.704403442632	2065.23253928953	2291.77539829207	488.068460896889	1245.33090970805
a173_gac-miR-223-3p	24718.1144446772	65402.0588830009	61856.4681117031	18148.6056077925	21246.2415463747	56626.6123370248	22542.7346611838	20992.9147277775	13297.1088326497	17898.5395522237	30113.845523721	61788.8622806317	52456.9097503904	20083.1358467684	27372.7172737407
a201_gac-miR-222c-5p	46.0996136122312	77.7426876111747	72.464271229405	97.2507221994777	7.91736223080853	21.7311344960468	31.7702179690971	30.3229828712231	39.8861647589803	114.360500772163	332.105529328301	84.6406778397347	60.970550502293	205.438530240534	155.973397961462
a200_gac-miR-222a-5p	61.6738074001472	156.849282022546	139.131400760458	192.880599028964	91.0496656542981	669.885841639007	420.07288203584	118.155071187869	109.804265336487	219.751550503373	314.440341598072	187.376948872792	88.9452736739333	595.65017643705	132.638795116834
a39_gac-miR-222-3p	4380.709228665	3641.63115652345	3775.87162619353	6680.04405152413	6458.58823978206	7525.58635917446	7847.24383836699	8879.40588077334	5677.91286569013	6455.76238672663	6311.77157601074	5351.62575472199	3406.46052159282	6870.64244331063	5288.35788678784
a25_gac-miR-221a-5p	6.22967751516638	51.8284584074498	16.4252348119985	10.2653540099449	0	0	0	43.3932341088193	0	26.9083531228619	0	26.2677965709522	15.7806130711817	0	0
a40_gac-miR-221-3p	2876.86507650384	2890.11850961543	2778.76325407692	4910.62118928363	2303.95240916528	3607.36832634376	4091.29806957595	3531.58188439849	2471.06521906812	3511.54008253348	7062.54205454547	3502.37287612695	2504.81367475302	4019.42307834512	2031.33858447447
a77_gac-miR-21a-3p	0	30.0059496043131	10.6280931136461	24.8529623398665	0	35.9036135152077	67.0704601569828	75.8074571780579	0	82.9674221288243	284.409522456683	100.401355782306	45.1899374311113	113.051972262542	0
a237_gac-miR-218a-2-5p_gac-miR-218b-5p	3.73780650909983	15.0029748021565	5.7971416983524	23.7723987598723	0	27.4001261037111	24.71016953152	30.845792920727	46.4556507192829	24.6659903626234	0	15.1769491298835	0.717300594144623	12.1561260497357	0
a239_gac-miR-218a-2-5p	511.45652399516	570.113042481948	251.209473595271	826.090856905564	261.272953616682	423.284706705607	797.785473446217	1133.45218732434	383.845679680539	603.195582504155	0	310.543728349923	404.557535097568	488.676267199376	541.608413393738
a15_gac-miR-2188-5p	31612.4985507118	27320.417114727	44823.4996116607	14633.5322820714	17325.1679015668	20140.0375181623	23375.8203768179	11109.1907419073	8196.84148246903	18347.0121042714	20458.0539103779	15198.5470959529	13785.0828182714	27033.4009157048	9949.13777075436
a108_gac-miR-2188-3p	84944.1447902997	74518.4119355113	109121.530568653	55604.7212629214	87094.9432200093	45926.3906775583	50945.3095255567	67372.9626494123	40991.7153962998	77280.7901688595	50767.9830179045	30784.6901235306	55911.429411791	42029.1980106588	101929.229636311
a5_gac-miR-2184-5p	185.021422200442	133.662866419213	86.957125475286	273.922867528529	514.628545002555	155.89726921077	165.911138283063	116.586641039358	88.6880604640855	273.568256749096	0	175.118643806348	152.06772595866	331.862241157785	378.266193481341
a142_gac-miR-217a-5p	50.4603878728477	13.6390680019605	0	57.8101515296896	21.7727461347235	15.1173109537717	24.71016953152	19.3439718316423	0	17.938902081908	291.475597548775	5.83728812687826	14.3460118828925	12.1561260497357	66.3193975584169
a135_gac-miR-216b-5p	14.9512260363993	0	0.966190283058733	1.6208453699913	61.3595572887661	0	14.1200968751543	4.70529044553463	0	0	0	0	0	15.8029638646564	0
a58_gac-miR-214a-3p	9127.72349522178	1507.11701421663	1263.77689024082	3894.89142408908	9906.59949129918	3329.58773756821	6318.74335163154	4384.28507513926	4654.48080287441	3587.78041638159	7887.50632154715	2375.19253882676	2164.09589253433	11294.2567128095	3215.2626445914
a27_gac-miR-212b-5p	2.49187100606655	0	0.966190283058733	2.16112715998839	0	0	261.221792190354	10.9790110395808	0	0	0	0	0	0	0
a26_gac-miR-212a-5p	18.0660647939825	23.1864156033328	24.1547570764683	70.7769144896199	140.533179596851	89.7590337880193	14.1200968751543	12.0246311385885	39.4169157618158	24.6659903626234	0	40.27728807546	48.0591398076898	6.07806302486786	0
a38_gac-miR-210-5p	2096.28648385349	3001.9588672315	2564.26901123788	2016.33164026917	4687.07844063865	1831.08428927559	2036.82397424101	3022.88770623124	2432.11755230347	2275.99820164207	906.224130560736	2482.01491154864	2158.35748778117	2347.34794020397	1444.2891023833
a94_gac-miR-210-3p	297.155617473436	1027.02182054762	553.627032192654	584.044614986864	29.690108365532	692.561808069665	1150.78789532507	142.72714351455	184.884104882803	500.046895533184	261.444778407386	883.18169359668	383.038517273229	943.923187761979	176.851726822445
a52_gac-miR-21-5p	126046.934067616	247423.604809965	205670.026983863	153961.400286523	168307.286302528	261789.308282268	193399.436874769	211499.668666484	162683.465577954	223926.829962937	189418.508474924	228785.503387241	198775.471446981	192972.42297653	197160.200119223
a56_gac-miR-20b-5p	0	0	0	0	0	0	0	0	0	0	360.369829696667	7.00474575225391	0	0	0
a126_gac-miR-20a-5p	315.221682267419	461.000498466264	345.896121335026	405.751624287821	178.140650193192	1033.64613646414	515.383535943131	66.9196863364924	225.708767636112	403.625296842929	0	641.517965143921	314.177660235345	615.707784419114	87.1977264194
a203_gac-miR-206-1-3p	17594.4782060844	369.618742853129	1062.80931136461	8912.48840779214	91997.7697814375	5679.38475894509	33969.4230574024	777.418543612221	1446.22540926091	5765.11465657317	7640.19369332395	1417.29355720604	17580.3202618906	48326.6791107244	6277.00816520498
a240_gac-miR-205-1a-3p	6.85264526668302	50.4645516072538	28.985708491762	159.923409839141	0	56.6899160766438	134.140920313966	759.64300192909	40.3554137561447	136.784128374548	0	149.434576048083	110.464291498272	16.4107701671432	0
a178_gac-miR-205-1-5p	3177.75850048637	4105.35946859011	5938.20547967897	28924.5259092847	2177.27461347235	3283.29097277228	11119.576289184	103618.860571465	11732.1634271062	23376.6317754863	8092.4224992178	23668.4521680533	12671.1149955648	3571.46983341235	2879.98124582385
a101_gac-miR-204-2b-3p	5.60670976364974	0	0.966190283058733	0	0	0	0	0	55.8406306625724	0	0	3.50237287612696	0	0	0
a233_gac-miR-204-1/2b-5p	8005.75857474032	1162.04859376703	1288.89783760035	10476.6041898337	17897.1973227427	5076.58198466345	3233.50218441033	2814.28649647921	9987.96490464582	1852.191639957	1542.17088884897	1422.54711652023	1956.07872023239	6261.62052821887	1875.36518651301
a234_gac-miR-202-5p	201.841551491391	66.8314332096064	10.6280931136461	7.56394505995938	0	78.4210505726905	0	12.0246311385885	71.325847569	51.5743434854854	899.158055468645	16.3444067552591	21.5190178243387	0	0
a67_gac-miR-200b-5p	3.11483875758319	20.4586020029407	25.1209473595271	13.5070447499275	0	12.2828151499395	38.8302664066743	431.841100890178	47.8633977107763	20.1812648421465	0	64.7938982083487	51.6456427784129	0	0
a133_gac-miR-200b-3p	1230.36130924536	4655.01390906911	8864.79584706388	12684.7358655519	872.889185946641	2129.65118061258	13322.3114017081	75837.2573508796	6016.24139264572	10554.8015124426	6995.4143411706	23080.6372536766	14142.2985141554	1657.48778688147	3431.41475515216
a128_gac-miR-200a-3p	87.2154852123294	782.882503312532	1320.78211694129	1929.34627207964	51.4628545002555	125.662647303227	1023.70702344869	14095.4817446732	672.433812936691	2318.6030940866	618.281570558007	4346.44473927355	2054.3489016302	261.964516371805	524.414495508223
a221_gac-miR-19c-3p	23.0498068061156	0	1.93238056611747	1.0805635799942	0	0	0	0	0	0	0	4.66983050150261	3.58650297072312	0	0
a220_gac-miR-19b-3p	907.041046208225	613.758060088222	467.636097000427	510.026009757261	81.1529628657875	408.167395751835	384.772639847954	125.474411880923	225.708767636112	562.833052819862	895.625017922599	708.063049790333	584.599984227868	513.596325601334	0
a157_gac-miR-19b-2-5p	78.4939366910964	120.023798417252	87.9233157583447	126.966220649318	243.458888597362	43.4622689920935	165.911138283063	43.9160441583232	114.496755308132	100.906324210732	0	54.8705083926556	87.510672485644	60.7806302486786	207.555151618008
a106_gac-miR-19a-1-5p	7.47561301819966	8.18344080117629	0	0	0	11.3379832153288	0	6.27372059404617	0	0	0	0	0	29.1747025193657	0
a222_gac-miR-19a-1-3p	194.365938473191	189.583045227251	111.111882551754	169.108200269092	55.4215356156597	77.4762186380798	84.7205812509257	78.4215074255771	50.6788916937632	154.723030456456	0	144.764745546581	134.135211105045	134.32519284958	0
a72_gac-miR-199-5p	6971.00913947118	4353.59050622579	4336.26199036759	11415.6139408487	15492.2985451346	4298.98530247882	10678.3232618354	5999.76812810615	4974.97786793775	12007.8525810771	6612.07976742463	7784.02371719216	4741.35692729596	12948.7054681785	6755.98159201577
a20_gac-miR-199-3p	41954.3861936395	15292.1230437981	18975.0109689905	33257.5858650614	40354.7952904311	20609.6189896638	19623.4046322457	15387.8681870467	29245.0052502815	28072.1393954257	20514.5825111147	17431.3098044839	30250.0006562671	29251.2861134791	16360.012868068
a153_gac-miR-196d-5p	80.985807697163	5.45562720078419	19.3238056611747	15.6681719099159	195.954715212511	13.2276470845502	49.42033906304	12.0246311385885	0	33.6354414035774	0	7.58847456494174	50.2110415901236	37.0761844516939	0
a69_gac-miR-196d-3p	256.662713624855	31.3698564045091	38.6476113223493	65.3740965896489	342.425916482469	64.2485715535296	187.091283595794	37.1195135147732	77.8953335293026	31.3930786433389	0	26.2677965709522	88.9452736739333	119.13003528741	146.148302026882
a154_gac-miR-196a-5p	674.051107141003	140.482400420193	158.455206421632	321.467665048274	785.798201407747	239.987311391125	194.151332033371	77.8986973760732	365.544968791125	213.024462222657	0	100.985084594994	490.633606394922	131.286161337146	147.376439018704
a216_gac-miR-194b-5p	2.49187100606655	0	4.83095141529367	5.40281789997099	0	0	0	0	0	0	0	0	0	21.8810268895243	0
a215_gac-miR-194a-5p	158.856776636743	294.603868842346	61.8361781157589	3092.0326841534	1029.25709000511	307.070378748487	638.934383600731	376.946045692274	1433.0864373403	408.110022363406	0	204.305084440739	253.207109733052	740.915882731392	471.604604859854
a207_gac-miR-193a-2-5p	793.037947680681	166.396629623918	92.7542671736384	330.112173688227	589.843486195236	297.62205940238	250.631719533989	120.246311385885	246.824972508513	322.900237474343	1881.34249326937	131.922711667449	110.464291498272	974.313502886318	1.22813699182254
a131_gac-miR-18c-5p	23.6727745576323	103.6569168149	112.078072834813	91.3076225095097	81.1529628657875	168.18008436071	176.501210939429	129.656892276954	59.5946226398882	47.0896179650084	0	130.171525229385	127.679505757743	13.3717386547093	422.479125186952
a130_gac-miR-18a/b-5p	53.5752266304309	225.044622032348	200.001388593158	121.02312095935	0	253.214958475675	172.97118672064	37.1195135147732	0	154.723030456456	0	151.185762486147	126.962205163598	183.557503351009	218.608384544411
a32_gac-miR-18a-3p	106.527485509345	169.12444322431	162.319967553867	123.184248119338	61.3595572887661	113.379832153288	225.921550002469	79.9899375740886	175.499124939513	192.843197380511	0	116.162033724877	181.47705031859	91.1709453730179	0
a76_gac-miR-184-5p	0	1.36390680019605	2.8985708491762	0	0	0	0	18.2983517326347	31.4396828100197	11.2118138011925	0	4.66983050150261	7.17300594144623	0	0
a204_gac-miR-184-3p	272.859875164288	1609.41002423134	2537.21568331223	3743.0722410999	409.723495444342	868.30054790726	2026.23390158464	4234.76140098116	3382.34677156153	5473.60749774217	4209.61423611352	8169.28473356612	5997.3502676432	630.295135678797	766.357482897262
a159_gac-miR-183-5p	145.151486103377	212.769460830584	368.118497845377	595.9308143668	59.380216731064	128.497143107059	1235.508476576	3194.89221251801	151.098177086961	295.991884351481	284.409522456683	698.13965997464	552.32145749136	128.854936127199	417.566577219662
a243_gac-miR-182b-5p	49.8374201213311	8.18344080117629	27.0533279256445	19.9904262298926	0	17.0069748229931	0	0	0	2.2423627602385	0	17.5118643806348	22.2363184184833	23.0966394944979	0
a241_gac-miR-182a-5p_gac-miR-182b-5p	0	21.8225088031368	9.66190283058733	18.9098626498985	0	12.2828151499395	42.3602906254628	88.877708415654	0.469248997164474	2.2423627602385	0	22.7654236948252	26.5401219833511	13.9795449571961	0
a242_gac-miR-182a-5p	27.4105810667321	40.9172040058814	69.5657003802288	179.913836069034	65.3182384041704	32.1242857767648	413.012833598263	1102.08358435411	199.430823794901	136.784128374548	0	132.506440480136	185.063553289313	36.4683781492072	358.61600161218
a87_gac-miR-181b-3-3p	3.73780650909983	0	4.83095141529367	12.4264811699333	0	24.565630299879	0	0	0	0	0	5.25355931419043	7.17300594144623	0	0
a8_gac-miR-181b-2/3-5p_gac-miR-181c-5p	1001.10917668724	1608.04611743114	1274.40498335447	1861.81104833	1266.77795692937	1195.21239728257	984.876757042011	5927.62034127462	1571.51489150382	1515.83722592122	1914.9063499568	1240.42372696163	1533.5886702812	1705.50448477792	1312.87844425829
a88_gac-miR-181b-2-3p	6.85264526668302	0	1.93238056611747	3.24169073998259	0	0	0	0	0	15.6965393216695	0	0	2.86920237657849	48.0166978964561	0
a7_gac-miR-181b-1-5p	498.374201213311	930.184437733705	747.831279087459	550.547144007043	473.06239329081	701.065295481161	681.294674226194	709.976047226225	604.861957345007	769.130426761804	132.488907976716	923.45898167214	695.06427572614	587.748694504722	417.566577219662
a6_gac-miR-181a-5p	8592.59419666899	21131.0080554374	14445.5109220111	13277.4249891787	17907.0940255312	13326.8544376843	17173.5678244064	29890.096150234	8828.45063265241	12299.3597399081	7622.52850559372	18597.5999722341	14231.9610884235	18438.4119922391	14200.948036444
a23_gac-miR-181a-3-3p	328.304005049268	336.884979648424	457.974194169839	317.145410728297	213.76878023183	359.036135152077	374.182567191588	266.633125246962	309.704338128553	363.262767158636	1141.17112737278	402.189151941912	519.325630160707	330.038822250325	890.399319071338
a21_gac-miR-181a-2-3p_gac-miR-181a-3-3p	88.4614207153626	38.1893904054893	46.3771335868192	37.2794435097998	51.4628545002555	57.6347480112545	35.3002421878857	51.7581949008809	84.9340684867697	71.7556083276318	0	50.7844067038409	53.7975445608467	29.1747025193657	1.22813699182254
a22_gac-miR-181a-2-3p	962.485176093206	616.485873688614	580.680360118298	1546.2864829717	1652.74936568128	806.886472157563	762.485231258331	2907.8694953404	1254.7718184178	1852.191639957	837.329898412844	779.861693750935	616.878510964376	1383.97495076241	3527.20944051432
a24_gac-miR-181a-1-3p	79.1169044426131	249.594944435877	161.353777270808	172.890172799072	65.3182384041704	207.86302561436	211.801453127314	686.972405048055	159.075410038757	159.207755976933	0	292.448135156601	86.0760712973548	242.514714692228	260.365042266377
a2_gac-miR-17a-5p	185.021422200442	214.13336763078	106.280931136461	143.174674349231	79.1736223080853	335.415336786809	225.921550002469	88.877708415654	0	152.480667696218	180.184914848334	410.361355319542	157.088830117673	230.966394944979	0
a31_gac-miR-17a-1-3p	11.8363872788161	4.09172040058814	19.3238056611747	0	0	0	0	0	89.6265584584145	0	0	4.08610168881478	5.02110415901236	23.0966394944979	0
a115_gac-miR-1788-5p	0	0	2.8985708491762	0	0	0	0	13.5930612871	0	0	0	14.0094915045078	0	0	0
a150_gac-miR-16c-5p	204983.177862289	344947.032744383	332985.886772796	161412.426452373	146989.788496076	255670.576673729	268836.054430281	94045.1629449501	215079.808601339	142795.902934748	137232.010882282	201756.524444544	310602.634074128	164883.870319708	219600.719233804
a149_gac-miR-16a-5p_gac-miR-16c-5p	11300.6350125118	15942.7065874916	15851.3177838616	7988.6065468971	11569.245559769	15465.0091057084	10579.4825837093	7833.26297171614	7736.97746524784	7812.39185667092	6732.20304399019	11641.887440246	12887.7397749964	8345.78833944606	9957.73472969712
a151_gac-miR-16a-5p	6156.79028823894	15166.6436181801	14900.5865453318	8258.74744189565	10480.6082530328	9781.84501902488	13805.9247196821	4525.96659855481	8546.43198535656	7812.39185667092	2439.56242554459	8167.53354712806	12049.9326810355	7790.86118527562	8442.21368178811
a152_gac-miR-15c-5p	63186.3731008296	102067.965392671	140100.489614365	92533.5218910131	68409.9683553011	64284.4751670448	121464.603344296	47126.0978622768	74568.3581394065	83160.2653262048	112235.770244009	94651.0432485183	94683.6784270903	70046.6373300897	108676.614269384
a147_gac-miR-15b-1-5p	221.153551788407	448.7253372645	431.887056527254	372.254153308001	382.012727636512	299.511723271601	758.955207039543	186.12037762337	72.7335945604934	446.230189287461	215.515290308791	563.298304243752	137.004413481623	416.955123505935	0
a148_gac-miR-15a-2-5p	43946.6370629897	79613.9677410437	63488.3634997893	32856.6967768836	17719.0566725495	39019.6692355539	43140.4259778151	13237.0276433879	17262.2628586895	31372.8973784968	25446.7029253946	44003.8128156591	54233.6633220867	31815.0130973683	20264.2603650718
a225_gac-miR-155-5p	337.648521322018	546.926626878615	542.998939079008	719.115062486138	261.272953616682	1321.81987652041	1750.89201251913	1013.20587593846	762.52962039227	515.743434854854	464.594437305017	1309.30372685879	522.91213313143	623.001460048956	1610.08759627934
a235_gac-miR-153c-3p	4.36077426061647	0	0	0	0	0	21.1801453127314	0	0	6.72708828071549	0	0	0.717300594144623	27.3512836119054	0
a16_gac-miR-152a-5p	595.557170449906	585.116017284105	593.240833798062	782.328031915799	542.339312810385	650.989202946792	713.064892195291	486.736156088082	584.684250466934	540.409425217477	275.576928591569	651.441354959614	448.31287134039	789.540386930335	996.019100368076
a169_gac-miR-152a-3p	1221.63976072413	1134.77045776311	1168.12405221801	1740.24764558065	389.93008986732	939.162943003065	543.62372969344	347.145872870555	269.818173369572	1879.09999307986	687.1758027059	1316.30847261105	1105.36021557686	970.666665071397	213.695836577121
a29_gac-miR-150-5p	5827.24034768663	1260.24988338115	2090.8357725391	8170.14122833613	1989.23726049064	2297.83126497329	3113.48136097152	151229.603349631	6325.94573077427	2233.39330919754	9145.26768793944	4594.52948466588	1923.08289290174	9913.32079355948	5535.21342214417
a78_gac-miR-150-3p	1.24593550303328	0	0.966190283058733	2.16112715998839	0	0	0	326.233470890401	31.9089318071842	6.72708828071549	0	4.08610168881478	4.30380356486774	89.9553327680443	0
a170_gac-miR-148a-3p	509.58762074061	776.062969311551	686.961291254759	1914.75866374972	663.079086830215	384.546597386567	815.43559454016	736.639359750921	1613.27805225146	1504.62541212003	441.629693255719	611.164066884154	741.68881434554	1249.04195161035	232.117891454459
a183_gac-miR-146a-5p	23264.1077126373	37392.8688341749	26405.0142457121	35750.446044108	28625.2231454883	38003.0300739128	44199.4332434517	55274.0924837943	43586.6623506193	75803.0731098623	19039.5393356406	42686.9206142353	34129.1622694012	36935.173389517	46624.9927575507
a53_gac-miR-146a-3p	915.139626977942	609.666339687633	325.606125390793	575.40010634691	469.103712175406	267.387437494836	766.01525547712	1460.73127831375	784.584323259	1235.54188089141	1955.53628173633	465.231863712197	591.05568957517	634.549779796205	397.916385350501
a121_gac-miR-145-5p	8869.8148460939	3123.34657244895	2656.05708812846	5025.16092876301	5803.42651518265	3131.17303129996	3219.38208753518	5227.57768498897	3310.55167499536	3074.27934428698	3167.36816003002	3045.89694460508	3748.6129049998	3460.84908635976	1473.76439018704
a113_gac-miR-145-3p	2979.65475550408	3012.87012163307	2448.32617727083	3632.85475594049	3473.74267876724	2190.12042442767	991.936805479588	2858.20254063753	2860.07263771747	2054.00428837846	247.312628223203	2360.01558969688	3841.14468164446	1255.12001463521	3529.66571449797
a48_gac-miR-144-5p	6843.30075041027	14661.9981021075	16778.860455598	15365.6141075175	19237.210880307	19815.9601645908	20696.5319947574	4970.35514063308	13900.5630430032	20302.3524311993	2946.55331340216	6676.10643071066	8113.38702036983	34532.5150757867	21389.2338495813
a80_gac-miR-144-3p	1037.2413062752	1283.43629898448	828.991262864393	1250.21206205329	1627.01793843115	1334.10269167035	1782.66223048823	520.718809305832	168.929638979211	2827.61944066074	888.558942830508	677.125422717878	581.013481257145	3892.99936742786	1139.71112841131
a120_gac-miR-143-5p	85.9695497092961	68.1953400098024	31.8842793409382	27.0140894998549	0	31.1794538421541	17.6501210939429	18.2983517326347	0	58.3014317662009	0	35.0237287612696	58.8186487198591	24.3122520994714	0
a55_gac-miR-143-3p	43602.7588641525	48942.431618235	40652.4561596962	85469.337486801	89193.0442111735	56944.075867054	52307.898874009	72957.6195982124	59945.15164077	64844.6463005768	16718.3336678885	31842.4067321209	49391.1670110163	73985.8299765065	137637.312673552
a66_gac-miR-142-5p	579.98297666199	1417.09916540369	799.039364089572	1127.02781393395	916.434678216088	1524.95874246172	1609.69104376759	796.762515443863	554.652314648408	1201.90643948783	718.973140620311	1842.24813284278	631.224522847269	1870.82779905433	1510.60849994172
a218_gac-miR-142-3p	317.713553273486	448.7253372645	401.935157752433	611.058704486719	298.880424213022	593.354454935538	444.78305156736	214.352120296577	31.4396828100197	517.985797615092	1042.2460760835	737.833219237412	485.61250223591	770.698391553245	167.026630887865
a65_gac-miR-140-5p	216.169809776273	298.695589242935	309.180890578795	299.85639344839	298.880424213022	330.691177113755	589.514044537691	288.591147326124	194.738333823257	251.144629146711	114.823720246487	225.903050510189	245.316803197461	396.289709221384	0
a139_gac-miR-140-3p	6868.84242822245	12063.755647734	10600.0735954374	7113.8903288918	5726.23223343227	16807.6152847903	18440.8465189515	2902.64139484536	4780.70878311166	8211.53242799337	6112.15495465916	9229.9199862199	4848.23471582351	8785.232296144	7157.58238834174
a180_gac-miR-139-5p	1252.78814829996	1065.21121095311	1035.75598343896	1077.86217104421	993.628959966471	1107.34302736377	727.184989070445	1278.27057103691	284.364892281671	726.525534317272	2084.492152167	1087.48677803742	1253.12413797066	1321.37090160627	738.110332085344
a54_gac-miR-1388-3p	153.250066873093	713.323256502533	1444.45447317281	1350.16419320275	231.58284525115	709.568782892658	1952.10339299008	1026.79893722556	792.561556210796	457.442003088653	252.612184542272	1217.6583032668	806.245867818557	971.274471373884	1861.85567960296
a160_gac-miR-135c-5p	0	38.1893904054893	0	50.2462064697302	21.7727461347235	37.7932773844292	183.561259377006	40.2563738117962	22.5239518638947	76.2403338481088	0	18.6793220060104	12.9114106946032	46.8010852914825	0
a162_gac-miR-135b-5p	11.2134195272995	1.36390680019605	3.86476113223493	14.0473265399246	17.8140650193192	29.2897899729326	3.53002421878857	0	0	15.6965393216695	0	5.25355931419043	14.3460118828925	18.2341890746036	0
a161_gac-miR-135a-1-5p	55.4441298849808	6.81953400098024	0.966190283058733	17.2890172799072	0	6.6138235422751	10.5900726563657	8.8877708415654	47.3941487136118	0	0	1.75118643806348	7.89030653559086	0	0
a246_gac-miR-133b-3p	45.4766458607146	8.18344080117629	3.86476113223493	16.7487354899101	67.2975789618725	0	60.0104117194057	9.9333909405731	0	0	0	5.25355931419043	8.60760712973548	83.2694634406897	0
a41_gac-miR-133a-5p	133.315098824561	1.36390680019605	0	42.6822614097708	106.884390115915	16.0621428883824	52.9503632818286	0	12.6697229234408	31.3930786433389	0	9.92338981569304	49.493740995979	103.93487772524	0
a245_gac-miR-133a-3p_gac-miR-133b-3p	71.6412914244134	0	0	22.151553389881	126.677795692937	33.0691177113755	45.8903148442514	0	0	15.6965393216695	0	22.7654236948252	12.9114106946032	173.832602511221	0
a236_gac-miR-133a-3p	10252.1802867093	582.388203683713	373.91563954373	3925.68748611892	20050.7198495226	1617.55227205357	12873.9983259219	544.245261533505	526.49737481854	3350.08996379631	1305.45737326391	1478.58508253826	6792.11932595544	19027.3762993488	368.441097546761
a64_gac-miR-130c-3p	33.0172908303818	61.3758060088222	46.3771335868192	12.4264811699333	49.4835139425533	31.1794538421541	24.71016953152	42.3476140098116	30.5011848156908	47.0896179650084	0	56.6216948307191	53.0802439667021	72.3289499959275	0
a104_gac-miR-130c-2-5p	122.101679297261	158.213188822742	131.401878495988	62.1324058496663	126.677795692937	255.104622344897	74.13050859456	59.0775355939347	121.535490265599	71.7556083276318	0	130.171525229385	224.515085967267	77.7992067183086	158.429671945107
a30_gac-miR-130b-5p	5867.1102837837	8049.77793475708	7214.54284359956	2537.16328582638	5587.67839439312	7919.58127590713	5227.96586802587	2850.36038989498	7143.84673283195	3650.56657366827	11865.7065983947	6074.28202482952	6814.35564437392	3555.05906324521	8332.9094895159
a62_gac-miR-130b-3p	75.3790979335132	260.506198837445	88.8895060414034	41.6016978297766	37.6074705963405	243.766639129568	98.84067812608	22.4808321286654	26.747192838375	29.1507158831004	0	111.492203223375	126.244904569454	71.7211436934408	0
a70_gac-miR-1306-5p	457.881297364729	147.301934421173	210.629481706804	86.9853681895329	391.909430425022	154.007605341549	63.5404359381943	128.088462128443	410.12362352175	82.9674221288243	2211.68150382464	89.8942371539252	150.633124770371	161.068670158998	159.65780893693
a96_gac-miR-129-1a/2-5p	17.4430970424659	2.7278136003921	5.7971416983524	9.18479042995068	0	0	194.151332033371	17.7755416831308	0	17.938902081908	0	6.42101693956608	5.02110415901236	20.6654142845507	0
a117_gac-miR-128-2-5p	0	0	0	4.32225431997679	0	0	0	30.3229828712231	0	0	0	4.08610168881478	10.0422083180247	0	0
a166_gac-miR-128-2-3p	34640.1218230827	26703.9312410384	36341.3151166881	21823.6023433528	17277.6637281819	17779.8473455047	22662.7554846226	18083.4768022886	24944.3381912691	22085.0308255889	35424.0009554278	21025.9118330155	38084.3577455146	16147.5900381664	37334.1364144133
a68_gac-miR-126b-5p	5567.4627953042	2952.85822242444	2864.75418926914	3360.55273378195	3261.95323909312	2571.83252601041	1461.43002657847	1884.20741841187	1936.12136230062	4957.86406288731	4716.60512397108	3419.48338472528	2819.70863558251	2714.46294690599	1333.75677311927
a179_gac-miR-126b-3p	93478.8029860776	94881.5404624383	90510.773336376	105462.465125644	165015.642955069	151348.848277554	86305.5621251618	102448.811680675	114373.342821877	184023.984644493	115146.99318195	99469.1408684436	59353.0376624969	132349.822366498	90023.6696375837
a175_gac-miR-125b-2/3-5p	141337.677528592	28682.9600081229	28050.4362977611	58832.9049581541	202912.097272834	68174.3482418372	64059.3494983562	62603.8893778382	97023.7996497152	58036.8329604927	58418.7758238666	29049.2643634097	37893.5557874722	63569.245564488	33564.9839865099
a28_gac-miR-125b-2-3p	170.070196164042	35.4615768050973	23.1885667934096	60.511560479675	330.549873136256	47.2415967305365	24.71016953152	133.839372672985	296.565366207947	80.7250593685858	0	24.5166101328887	95.4009790212349	126.423710917251	224.749069503524
a176_gac-miR-125a-5p	60914.4097110484	47949.5074676923	45755.8732348124	51751.9718184521	171276.297139081	84657.886173056	59632.6991279953	71492.7058395026	107657.920423457	67593.7830446292	77027.2845788896	58526.9856753322	36696.3810958448	72355.0856669345	80300.5090733246
a61_gac-miR-125a-1-3p_gac-miR-125a-2-3p	17.4430970424659	23.1864156033328	31.8842793409382	24.8529623398665	61.3595572887661	37.7932773844292	84.7205812509257	37.1195135147732	49.2711447022697	4.48472552047699	0	25.1003389455765	30.1266249540742	44.9776663840222	0
a123_gac-miR-122-5p	24753.6236065136	7607.87213149356	1038.65455428814	155428.805628155	14868.8062694584	8770.8748489914	10078.2191446414	16498.8395422424	41607.8393295767	11705.1336084449	8800.79652719998	4011.38440079074	22996.6570482766	19108.2145375796	92940.4949931622
a11_gac-miR-122-3p	83.4776787032295	139.118493619997	17.3914250950572	1315.58615864294	205.851418001022	72.7520589650262	52.9503632818286	118.155071187869	342.082518932901	80.7250593685858	0	88.7267795285495	91.0971754563672	288.100187378737	507.220577622707
a141_gac-miR-10c-5p	12366.5328353568	2794.6450336017	2348.80857811578	4372.50052644652	4732.6032734658	4602.27635348886	5351.51671568347	3881.86461756607	9644.00538972426	13803.9851520282	6202.24741208332	6122.73151628261	3383.50690258019	5407.04486692245	10736.3735825126
a140_gac-miR-10b-5p	61098.1851977458	18014.4810169894	29133.53560507	52739.6069305668	70426.9163835996	50115.7754756223	21483.7273955472	17195.745338231	48763.8865363349	24248.9108892191	26209.8390353404	21844.2996284038	46707.7454883213	17112.7864465155	31672.4248821114
a132_gac-miR-10545-5p	16.8201292909492	8.18344080117629	2.8985708491762	28.6349348698462	0	22.6759664306575	0	8.36496079206156	46.9248997164474	0	0	9.92338981569304	2.86920237657849	9.11709453730179	81.0570414602873
a90_gac-miR-10545-3p	6.22967751516638	8.18344080117629	3.86476113223493	19.4501444398955	0	0	0	83.1267978711117	84.9340684867697	6.72708828071549	0	18.0955931933226	2.15190178243387	13.9795449571961	0
a37_gac-miR-103-3p	3415.10921381421	3464.32327249796	2591.32233916352	1883.42231992989	1157.91422625575	2307.2795843194	2693.40847893568	1645.28322578861	875.149379711744	1890.31180688105	2453.69457572878	2624.44474184447	2933.75943005151	2034.32769442327	2232.75305113337
a172_gac-miR-101b-5p	2194.0924208416	1048.84432935076	776.816987579221	1202.12698274354	961.959511043237	906.093825291689	1613.22106798638	707.884807028209	481.918720087915	540.409425217477	1480.34273179317	851.660337711538	1002.06893002004	1348.11437891569	49.1254796729014
a19_gac-miR-101b-3p	173.185034921625	64.1036196092143	78.2614129277574	156.681719099159	61.3595572887661	99.2073531341266	35.3002421878857	44.438854207827	0	141.268853895025	0	68.8799998971634	52.3629433725575	225.496138222598	0
a138_gac-miR-101a-3p	20568.5262518248	13240.8072163032	13893.8162703846	11527.4522713781	5860.82739135602	11082.8785929839	7303.62010867355	3543.60651553708	4644.1573249368	19495.1018375135	13639.2914465096	11556.6630335936	10433.8544424277	9246.55727973148	7433.91321150181
a9_gac-miR-100-2-5p	97781.6412458031	38125.2867858801	41343.2822120832	66930.1081448406	101526.315226216	53219.5483808186	57235.8126834379	48366.2032996999	94812.2291260791	69822.6916283063	43908.5906222567	53857.1551738296	63748.6557034151	48533.9410598723	79083.4253144285
a18_gac-miR-1-3p	31803.1266826759	2049.95192069466	2446.39379670471	22047.8192862016	165003.766911723	11069.6509458993	30269.957676112	2856.63411048902	4083.87402232241	24699.625804027	1533.33829498386	4794.16473860511	41959.2155550839	78582.6690422141	28964.3828151427
a194_gac-let-7j-5p	6285.74461280288	14031.8731604169	13750.8201084919	8728.25231740313	10007.545859742	8976.84821073654	8239.07652665252	7718.2447608253	9599.42673499364	8785.57729461442	4057.69362163355	9403.28744358819	11293.8978548071	9283.02565788068	15368.9063156672
a92_gac-let-7j-3p	133.315098824561	379.166090454501	349.760882467261	232.321169698752	193.975374654809	277.780588775554	529.503632818286	136.453422920504	120.59699227127	147.995942175741	256.145222088317	336.227796108188	206.582571113652	154.382800831644	381.950604456808
a192_gac-let-7i-5p	1042.22504828734	2318.64156033328	1601.94348931138	1387.98391850255	2305.93174972299	945.77676654534	1789.72227892581	2062.48564529268	1419.00896742537	2648.23041984166	1287.79218553368	2264.86779322876	2119.62325569736	2170.47630618031	3645.11059172928
a184_gac-let-7h-1-5p	16702.3883859126	19517.5063108054	24752.8288616817	14212.1124858737	16412.6919044661	17684.419320109	19937.5767877178	20931.7459519855	29274.0986881057	15313.0952896687	24072.3513199828	16023.3559082808	26872.23215844	19889.2456362751	50801.8866667392
a82_gac-let-7h-1-3p	2111.8606776414	806.068918915864	1053.14740853402	803.939303515683	987.690938293365	835.231430195885	847.205812509257	1079.07994217594	1441.53291928926	697.374818434172	4562.91799071809	1107.91728648149	1151.26745360212	650.960549963348	246.85553535633
a191_gac-let-7g-5p	82600.5401090941	103472.789396873	145497.628535532	62849.9000667825	87263.187167414	83198.1208340824	76047.3117453622	65363.803629169	84058.919107058	67858.3818503373	63121.2487976535	65135.9632925837	110571.886587394	86636.7103564665	168472.14812724
a84_gac-let-7g-1-3p	0	6.81953400098024	8.6957125475286	9.72507221994777	33.6487894809363	0	0	0	0	2.2423627602385	0	5.83728812687826	0	0	0
a186_gac-let-7f-5p	9786.82337632639	18261.3481478249	22559.5769191384	12946.2322519105	15124.141201402	20319.5555857383	14328.3683040628	12584.5607016071	21368.1915838786	13931.7998293618	8707.17103222977	14129.7396399215	17803.4007466696	17239.2101574327	38346.121295675
a185_gac-let-7e-5p	101659.615498994	264799.777444462	265202.80746481	106034.623541251	105770.021381929	218299.639164071	144596.852050017	96110.2626404903	158653.085941309	126278.658842831	103166.462863309	173955.272282661	246107.985752803	124768.65435558	437187.293801019
a83_gac-let-7e-1-3p	335.779618067468	218.225088031368	158.455206421632	138.852420029254	182.099331308596	256.994286214118	183.561259377006	76.8530772770656	167.521891987717	206.297373941942	339.171604420393	211.309830192993	277.595329933969	101.503652515293	0
a193_gac-let-7d-5p	36890.9043093123	22344.8851076119	22775.0373522605	25006.4023682257	40596.2748384708	35829.9166243081	31463.1058620625	26642.9229327656	61473.9648735319	30944.6060912912	69171.5755952568	20246.0501392646	25317.1244703345	51605.1863063381	73079.0635614081
a91_gac-let-7c-2/d-3p	84.7236142062628	35.4615768050973	52.1742752851716	42.1419796197737	195.954715212511	35.9036135152077	0	72.1477868315309	82.1185745037829	49.3319807252469	0	54.2867795799678	63.8397528788715	54.094760921324	207.555151618008
a189_gac-let-7c-2-5p	25299.3433568422	8625.34660443981	7852.22843041832	13303.8987968886	42908.1446098668	14950.0757013456	19962.2869572494	23471.0343624257	34653.5691915992	15133.7062688496	18173.9451368594	6440.27999038478	11614.5312203897	31787.6618137564	29534.2383793483
a190_gac-let-7b-5p	107679.352881899	42530.7057505134	44240.8868709763	75895.0038862624	157895.954969015	64811.6913865576	82207.2040071482	160083.391537979	234655.938265047	88508.3005093736	321582.376997404	37071.4494361784	55341.8927400401	149638.872640734	310024.761530722
a81_gac-let-7b-1-3p	4602.48574820492	977.921175740566	1171.02262306718	2458.8224262768	5552.05026435448	2123.03735707031	2082.71428908526	4407.81152736694	3387.50851053034	1872.37290479914	7786.81475148485	1673.550505976	1449.66450076628	2700.48340194879	343.87835771031
a187_gac-let-7a-5p_gac-let-7c-2-5p	1938.05267496826	1762.16758585329	2243.49383726238	1280.46784229312	2018.92736885618	1790.45651608733	1337.87917892087	1304.9338835616	1642.37149007566	1309.53985197928	2031.49658897631	951.477964681156	1313.37738787881	1810.65497510814	1504.46781498261
a188_gac-let-7a-5p	578109.71263318	691414.821570984	864238.850580659	531012.175326118	651341.597323041	725651.712083602	653658.114617298	546016.541981224	889670.289928998	536729.707927926	807442.16729207	467766.414216888	705843.151754351	718094.579491921	1635232.47304992
a85_gac-let-7a-5-3p	547.588653583125	923.364903732725	950.731238529793	408.453033237807	348.363938155575	876.804035318757	497.733414849188	391.061917028878	457.987021232526	318.415511953866	561.752969821275	939.8033884274	822.743781483883	302.687538638419	162.114082920575
a158_gac-let-7a-3/7-3p	852.219884074761	283.692614440778	155.556635572456	510.026009757261	433.475582136767	443.126177332432	550.683778131017	377.468855741778	480.980222093586	439.503101006745	317.973379144118	235.826440325882	327.806371524093	458.285952075037	681.616030461507
a267_REV_gac-let-7b-5p_gac-let-7c-2-5p	14.9512260363993	0	0	3.78197252997969	0	0	0	13.0702512375962	0.469248997164474	0	0	2.3349152507513	0	0	0
a257_REV_gac-let-7f-3p	18.6890325454991	16.3668816023526	2.8985708491762	10.2653540099449	25.7314272501277	0	0	8.8877708415654	0	4.48472552047699	0	17.5118643806348	25.8228213892064	0	0
a266_REV_gac-let-7i-1-3p	1.24593550303328	8.18344080117629	4.83095141529367	0	0	0	0	6.27372059404617	0	0	0	8.75593219031739	7.89030653559086	31.6059277293129	0
a253_REV_gac-miR-103a-5p	2.49187100606655	8.18344080117629	2.8985708491762	8.64450863995358	0	0	28.2401937503086	0	0	0	0	10.5071186283809	0.717300594144623	0	0
a252_REV_gac-miR-10c-3p	2.49187100606655	0	0	0	0	0	0	0	19.2392088837434	6.72708828071549	0	0	0	49.8401168039165	0
a260_REV_gac-miR-132-3p	30.5254198243153	9.54734760137234	5.7971416983524	49.7059246797331	71.2562600772768	27.4001261037111	127.080871876389	0	0	31.3930786433389	0	28.0189830090156	40.1688332720989	20.6654142845507	0
a250_REV_gac-miR-181b-2/3-5p	69.7723881698635	5.45562720078419	12.5604736797635	19.9904262298926	29.690108365532	30.2346219075433	42.3602906254628	44.9616642573309	0	58.3014317662009	0	33.8562711358939	32.9958273306527	33.4293466367732	214.923973568944
a268_REV_gac-miR-190a-5p	18.0660647939825	20.4586020029407	10.6280931136461	8.10422684995648	25.7314272501277	9.44831934610729	7.06004843757714	0	0	8.96945104095398	0	12.2583050664443	10.0422083180247	37.6839907541807	0
a261_REV_gac-miR-191-5p	29476.3421307613	71965.1784055443	65775.3358997894	20798.1475059383	20957.2578249502	45395.3951303071	27841.3010135855	72779.3413713316	26103.8524632625	24654.7785488223	32316.6944336805	72884.9632810146	75509.5162450104	15156.865765113	41165.9238288996
a251_REV_gac-miR-193a-2-3p	11.2134195272995	9.54734760137234	0	5.40281789997099	0	11.3379832153288	0	1.04562009900769	0	8.96945104095398	0	0.583728812687826	0	0	0
a269_REV_gac-miR-27b-3p_gac-miR-27c-1-3p	68.5264526668302	88.6539420127431	66.6671295310526	35.1183163498114	33.6487894809363	40.6277731882614	24.71016953152	75.284647128554	61.9408676257105	58.3014317662009	0	64.2101693956608	77.4684641676193	21.2732205870375	126.498110157721
a256_REV_gac-miR-730-3p	9.34451627274957	1.36390680019605	4.83095141529367	1.6208453699913	0	1.88966386922146	24.71016953152	12.0246311385885	26.2779438412105	0	0	1.75118643806348	2.86920237657849	0	0
a254_REV_gac-miR-7bb-3p	1.86890325454991	2.7278136003921	1.93238056611747	0.540281789997099	0	0	0	0	60.0638716370526	8.96945104095398	0	0	0	0	0
