Gene	T9_Immature	T26_Immature	T31_Immature	T32_Immature	T13_Immature	T23_Immature	T1_Immature	T3_Immature	T12_Immature	T44_Mature	T47_Mature	T41_Mature	T43_Mature	T45_Mature	T63_Mature	T69_Mature
miR-99a-5p	11.0511447751263	9.38082553278228	10.8763939520685	10.4521110961095	9.63399695472429	12.6682641903907	9.91413107141991	11.236527430831	10.9325052436181	11.5040693074953	10.8754617124694	11.5095620989247	11.6555782013526	12.4380928613522	9.39038253336732	10.5899201799405
miR-92a-3p	17.0388336777282	17.0461479825131	17.3572115087368	17.1127124014805	17.448709784758	15.5086024617201	18.5986613391095	17.5167153633335	17.6475581280924	18.222292308807	16.9707339091532	16.6022929797413	16.3734684478066	17.1282985087278	18.2537888258922	16.7479596239514
miR-92a-2-5p	8.27022552165224	9.31769821422638	7.98094700297296	7.98487646868068	9.08447225922512	6.26956446585879	10.0274139246031	6.10572667012684	7.94374730200983	8.92772702477937	7.70249661542752	7.23641477599286	6.96899113465381	7.96542274675434	9.42059558207648	8.50553175913399
miR-9-5p	1.5355867388698	6.7198301422497	4.91267421531017	6.90725047413376	0.285278552405459	5.88667311208762	7.37748572105256	0.285278552405459	0.285278552405459	3.47479548652134	2.86970925210038	5.31380080916291	4.75244868565362	5.16011381902381	6.90173729999669	5.49175695197947
miR-8159-5p	5.59306501162029	0.285278552405459	2.87341603776166	0.285278552405457	0.285278552405459	0.285278552405459	0.285278552405457	0.285278552405459	0.285278552405459	4.53220065184061	3.57010805434946	3.48416306636914	1.34393512304794	4.19873711688818	0.285278552405459	1.87356271376467
miR-737-5p	6.93320331142958	8.02841082219718	8.31804173068236	7.86446819714087	8.99448337512839	8.11355241264987	7.67909394359856	5.38568124044907	8.61913892597122	5.49369932094756	5.17947958712851	6.59910210402603	7.50278328239407	5.921318103678	7.50076967466116	6.19706592234181
miR-730-5p	5.31716836518269	0.285278552405459	0.285278552405457	2.04141189171904	4.53005140218186	8.16467732143001	4.13555514376715	8.08645122821307	2.99585278511294	5.58153036077374	4.58845343576171	3.39580638415397	5.92145630929142	5.71841603639338	4.15284317033605	6.11798968342858
miR-725-3p	8.6236487301073	5.23819574637054	4.62737891891256	6.94166710105606	5.08942241477844	7.34933809001552	5.60893917510281	7.41225506924819	6.58249747169592	7.97455838585251	4.49412823696706	8.96519565798967	10.4142132844027	6.43369290222088	6.65299649289115	7.6282952536683
miR-724-5p	0.285278552405459	0.285278552405459	5.57011742582547	0.285278552405457	0.285278552405459	3.72329154185445	0.285278552405457	8.6080432386451	0.285278552405459	0.285278552405457	0.285278552405457	0.285278552405459	3.29237377384595	3.44744496877386	0.285278552405459	0.772129884987199
miR-722-3p	0.285278552405459	1.93107053831961	2.01376219155055	0.285278552405457	0.285278552405459	5.93459184723195	0.285278552405457	8.25565735487208	4.53502115881302	0.285278552405457	3.14270940504353	3.79173832397141	3.47469706283775	4.66222025928983	0.285278552405459	4.53792403568833
miR-7133-3p	2.64613920854858	2.32508433477047	0.285278552405457	2.04141189171904	4.96857842321873	0.285278552405459	0.285278552405457	0.285278552405459	0.285278552405459	4.73733718601771	0.285278552405457	6.00835650365298	4.9501764124651	3.47993611225567	0.285278552405459	2.4266314783873
miR-7132a-5p_gac-miR-7132b-5p	10.7680285228981	11.363300087906	10.2913580800992	9.96718619231762	11.2125026897528	9.85543358252768	11.6710290447837	11.4950514995712	11.2789878327963	10.4568473161047	9.04453002336084	9.6128463845073	10.4883238600415	10.2681139903013	11.7203694629686	10.0567813811409
miR-7-5p	2.64613920854858	7.59267714209177	7.31611387940703	6.7216564075837	5.491491897376	6.06947982284712	7.15470511849082	0.285278552405459	7.69592113470084	5.85262485618604	6.40877083107269	4.53331732490754	5.39684073485623	5.50609248239215	6.51044439174602	5.78839906433491
miR-551a-3p	7.67630388659649	5.98396704193086	6.80292547083936	7.58853361191549	6.12121044945422	7.97147226993832	3.71315502837604	7.19634289298492	4.17908276808149	7.97455838585251	7.68124893710761	6.08099082923512	6.63723942241939	8.37474624797731	0.285278552405459	7.42156526172325
miR-499a-5p	8.67199989044916	0.285278552405459	4.49833541923279	0.285278552405457	2.74198609519184	0.285278552405459	4.80661430702526	5.13103307812321	4.17908276808149	6.72610272100488	5.92127781880486	6.97189537930749	6.56868842864318	8.93871222886657	3.70641932500067	5.45200699956862
miR-489-3p	7.45928466266526	0.504102242364853	0.285278552405457	3.30919870525636	0.285278552405459	5.98097000696523	0.285278552405457	0.285278552405459	0.285278552405459	6.99758617559977	4.76040248713337	6.16358427904705	4.75244868565362	5.67697718997628	3.70641932500067	4.66853079081968
miR-460-5p	4.81277168052202	3.29296293402334	1.51776297585625	0.285278552405457	0.285278552405459	2.85061950523286	5.73513110391919	0.285278552405459	0.285278552405459	6.85506346421614	5.88456637113279	5.26475250348128	4.68002127383184	6.40013103347126	2.57356472455471	3.775241095555
miR-458-3p	0.285278552405459	0.285278552405459	0.285278552405457	0.285278552405457	2.74198609519184	0.285278552405459	0.285278552405457	0.285278552405459	0.285278552405459	0.285278552405457	4.03957515243731	3.92398702746912	0.909609206440867	3.79603990930691	1.84226087865314	3.8258824781904
miR-456-3p	7.40310069554664	7.61046818146196	6.56945264407185	5.8144872842765	6.78977970400518	7.50026262657471	6.65608599897352	8.22336660833194	7.21153439161692	5.79866822047853	6.02611928532391	4.7268257766424	5.77267271852117	6.34827728683342	6.58348041580605	6.28566478056838
miR-455-5p	5.12213417524448	0.285278552405459	5.11207554334527	5.38502906348265	2.74198609519184	7.07782837916117	2.50584256030418	0.285278552405459	1.54014789185563	0.285278552405457	5.59753938135527	6.37478455741078	6.71179138740299	6.59070303487593	6.17454091681898	5.84474126075514
miR-455-3p	6.41345063520027	4.37705128098555	5.0417775110102	3.97341175400098	0.285278552405459	7.38426769898157	0.285278552405457	0.285278552405459	7.62360329882297	6.97343651645874	7.12699627380257	6.22897448910431	7.80904020119876	7.58715689750644	5.10255819486249	5.77557404194823
miR-454b-3p	2.64613920854858	6.56725191153401	0.285278552405457	0.285278552405457	0.285278552405459	0.285278552405459	0.285278552405457	0.285278552405459	0.285278552405459	0.285278552405457	0.285278552405457	3.92398702746912	1.34393512304794	0.285278552405457	1.84226087865314	2.21494883561561
miR-451-5p	14.5976114280756	15.1462519860625	13.8881284953244	15.533515498546	15.0422786650381	15.9593291619646	14.6808857327845	14.3649914899338	15.0367777659956	14.476631943199	15.6890003070295	14.3433646391118	14.3735417846913	16.1136489869925	16.6244596882957	14.9767366327812
miR-429a-3p	7.15353907865468	5.43740060754505	5.93397719901192	4.60888827340239	3.60420988074718	6.74309323417788	5.26284701200963	4.42713331233699	7.48080146581897	5.19269365961831	4.58845343576171	5.10673099010596	6.77400656010759	4.5288230096428	6.17454091681898	5.26279251166852
miR-425-5p	12.2034918850039	11.5501390236857	12.2231177577941	11.7216110673211	12.8683783093706	11.1768452261589	12.3218325267078	12.3348650353797	11.5287643350949	11.00809898742	10.8589977868551	11.9199182726336	10.9996764608685	10.7908120415034	10.3078848530861	10.6711483686249
miR-375a-3p	12.9578847595068	11.1838219909566	9.76862946877703	10.4461300194407	10.4160567944472	10.8699705171146	10.8284534473575	12.2652009668614	10.8183496136219	11.3476780783747	10.2590555919705	11.2750484616446	10.997815426947	8.18578439224205	11.2977265667688	10.0082713426558
miR-365-2b-5p	7.79020738215637	4.10318255372435	4.90137541078524	5.16963171312831	0.285278552405459	3.20339726546589	2.84134202766078	6.77419304576164	5.83226640000993	0.285278552405457	4.39320182835174	3.20098824121078	4.75244868565362	4.92075366404978	0.285278552405459	4.62629545545043
miR-365-2b-3p	8.33171597288948	8.08358936716733	8.34331243041485	8.4469137823533	7.66998561673725	9.94296783282748	7.64734309559599	5.60205350073906	9.68066453564678	7.97860836018157	9.75580840073766	8.96902836866148	9.02755406211345	11.1168659146144	8.15616904161867	7.45412472765944
miR-338-3p	5.19011759693385	3.76484887578788	4.45262186022825	0.285278552405457	0.285278552405459	3.92654098152042	4.2527261036977	0.285278552405459	0.285278552405459	0.285278552405457	5.64220794110552	7.06794645661771	6.05632034006439	6.48261569040368	5.19867838964975	5.46004509013009
miR-338-1b-5p	0.285278552405459	0.285278552405459	3.53076036608074	0.285278552405457	5.30441882034319	0.285278552405459	0.285278552405457	5.26396833147919	0.285278552405459	3.80178887274205	3.74413001474674	4.49129392732747	1.94793155912111	0.55298272505897	5.19867838964975	2.05433011324638
miR-31a-5p	0.285278552405459	5.75252723077452	6.04081861940432	6.08467835425969	6.06336875713744	2.85061950523286	0.285278552405457	0.285278552405459	0.285278552405459	0.285278552405457	2.53270225923823	4.57415121490412	6.01275158113115	4.74475745639542	3.70641932500067	5.14806774948878
miR-30e-5p	8.74161768356043	9.17305204751661	8.5698462345356	7.95148719577949	7.6504750639078	8.3080049500014	6.83585841751186	8.72797696265034	9.13484995986807	7.91240355315579	8.85828923053476	8.60527298008707	9.03664655438758	7.97685117351418	9.70054388546155	8.66788759214718
miR-30e-3p	9.76486252170038	12.1759959868375	11.1750459858302	12.2288294234892	11.8403702459181	11.4566726079657	11.728426655835	11.906974803833	11.7280229756583	10.2428645856823	10.7837392499363	10.3415409154245	9.95761670976315	9.68110129646694	10.4242912474778	9.69539231103147
miR-30c-2-5p	9.81147364726412	11.9254537713554	10.5149407963737	10.3533043862422	11.3684179538979	10.3197144892351	10.6070083980782	11.4469205501054	11.4894587326705	11.5992028484915	11.3419555449718	11.357406702936	11.7624755571867	11.3589562035873	11.2024011289734	10.6987965647981
miR-30c-1-5p_gac-miR-30c-2-5p	4.72382660575384	4.72069525529509	1.83527349493963	5.48175718434096	4.96857842321873	3.20339726546589	1.43600199979723	3.88246505625689	2.65247235322932	6.72610272100488	5.40359980934441	2.55386045467149	5.60676201829776	5.92722100850044	5.97182988375758	5.4276204738489
miR-30c-1-5p	7.74571920815151	9.0300060454524	9.26051313313698	8.03355471454043	7.70823256534907	9.60455253709867	8.03859129521203	6.36449984534945	8.59412638651463	9.50798722150627	8.77549301874525	9.46598310371054	9.49549463444544	8.5974619060333	8.11980118557901	8.67394758886993
miR-30bb-5p	6.06080250134394	8.55481164166091	7.07091718930201	6.87199270447116	8.07312636748845	8.38762949904965	5.7748559371166	0.285278552405459	7.77595087395306	6.54131477965605	7.12699627380257	8.06137977344787	7.96195709403151	7.66340163758529	7.97801266760207	6.69959063192461
miR-30bb-3p	3.49839780753422	6.83276123537213	6.95547911326329	4.91633377472129	3.60420988074718	6.15287198972976	3.71315502837604	0.285278552405459	0.285278552405459	0.285278552405457	3.89940231905983	4.7268257766424	3.47469706283775	3.94311954534316	5.60169763189234	4.01234756094718
miR-30a-5p	12.9180323998712	13.244917292228	13.1135105072688	13.6095928072704	13.9203563186855	13.4760726872795	13.6758798491192	13.0919561318638	13.4695766262392	12.9686620686665	13.403378781074	12.9618940367066	13.0681704405369	13.7159760073372	13.9540193482541	13.2055767540144
miR-301c-5p	3.26614687684957	2.38143446686325	4.7331314629102	4.77078534483491	3.89693040661182	0.285278552405459	0.285278552405457	0.285278552405459	0.285278552405459	5.62351882452462	0.285278552405457	3.85937751417623	0.285278552405459	0.973836256955224	0.285278552405459	0.965219832573246
miR-301a-5p	0.285278552405459	0.285278552405459	0.285278552405457	0.285278552405457	0.285278552405459	0.285278552405459	0.285278552405457	0.285278552405459	0.285278552405459	0.285278552405457	1.45484904161235	4.79750278101793	3.71112970318712	3.74348129778029	0.285278552405459	2.13687357974773
miR-29b-2b-3p	0.285278552405459	4.66503122113961	4.10407755316922	0.285278552405457	0.285278552405459	0.285278552405459	0.285278552405457	0.285278552405459	7.70762936520428	0.285278552405457	0.285278552405457	0.913351225474506	0.285278552405459	0.285278552405457	4.7685237094173	1.87356271376467
miR-29b-1a/2a-3p	5.78115005862224	5.19953716827432	5.65329838976072	4.42649961138638	6.38002918047875	6.63122180985601	3.11335360490131	0.285278552405459	0.285278552405459	3.80178887274205	4.67698818657778	4.49129392732747	3.08362985895486	3.96623845106686	1.84226087865314	3.13756449843362
miR-29b-1a-5p	3.87400864003995	6.44368121356171	2.31563504492845	5.88692499852127	5.40098543838255	5.98097000696523	2.06789849245723	2.20195662242965	0.285278552405459	7.76543671616645	5.05284811703788	4.96038609674448	4.85469733343109	6.11993633785052	5.45371175852778	4.81360398737892
miR-29a-3p	1.5355867388698	7.32818173443428	7.28384644216388	4.91633377472129	4.83667914305397	7.14046435175116	6.90908926726741	8.01279104141936	7.64811424437975	5.56006879050351	6.0920066883362	6.7581778034052	6.24386580213301	6.67731138977866	7.86537118399483	6.46810730957727
miR-27e-3p	9.80877310926748	8.21731424558784	8.96733995996542	7.67290045454225	6.59940284566675	8.22372776413604	9.2513025274861	4.18035190136584	6.85936436260995	7.99868942914205	7.39838714253958	8.75485248171937	9.06358517673003	10.2229375474696	7.66120490679971	8.69282924814936
miR-27c-1-5p	6.87242812347322	6.29024594062506	7.64898300283334	6.36383802038701	6.98933946298376	5.93459184723195	7.36452568524621	8.75081206596403	4.63650932176317	5.8348625897322	7.47446929861508	7.59992700432543	6.73878421212957	7.06503105874549	6.68653748148135	7.44807553732945
miR-27c-1-3p	9.44483169470801	10.1844538340844	10.563686775141	9.35783715067804	9.82450116017891	8.63970542782998	10.4254857073949	9.50193420402241	10.0734618763056	9.91750682966751	10.5633807080429	10.6432477712674	10.8180714354664	10.5647695931664	10.2247117417854	10.1065963715309
miR-27b-5p	4.97572930890553	5.23054645871759	4.14297375507265	3.67919756829172	2.74198609519184	0.285278552405459	6.05851243631193	0.285278552405459	7.30698420318316	0.945402314888274	5.68553491215543	5.99338027287962	5.32740774334528	5.78494070686327	3.94683032382026	6.22091402258213
miR-27b-3p	10.529728913875	8.98468391121957	10.6149523130613	9.94615040635666	10.1329201883474	11.0191042089331	10.3102450021229	8.10429327892127	10.6840447373393	10.491271852052	9.72758478062966	10.325187304504	10.0249551550207	11.0697802676487	9.5122981709278	10.3982553219063
miR-27a-5p	4.1717529613674	0.861900239436125	5.50442496509853	4.77078534483491	3.23657486336083	0.285278552405459	6.4259419943273	0.285278552405459	3.70551669775641	0.285278552405457	4.16732669269344	5.31380080916291	5.03972691565623	5.84229804839393	6.07674280532305	6.11290049748479
miR-27a-3p_gac-miR-27b-3p_gac-miR-27e-3p	6.35541609884806	2.58710708393988	5.50442496509853	3.67919756829172	0.285278552405459	5.93459184723195	3.71315502837604	3.88246505625689	3.50541222133544	0.285278552405457	4.98510463657586	4.57415121490412	5.15108676972981	5.22863789655903	5.45371175852778	5.8199715240096
miR-27a-3p	5.19011759693385	4.76373006095637	6.88265490141449	5.28134656884903	4.14015933310125	4.26318544019369	0.285278552405457	4.63780331621357	8.30912796794616	0.285278552405457	4.16732669269344	4.57415121490412	5.95253442509636	6.28991597691163	6.07674280532305	6.97109664902661
miR-26b-3p	7.26806608133265	2.4879327977823	2.31563504492845	4.77078534483491	7.59030849172855	0.285278552405459	0.285278552405457	8.20694610045678	6.72756242360362	0.285278552405457	6.0920066883362	6.09508895912547	4.64239677426863	5.66289545105332	6.58348041580605	4.41098786035524
miR-26a-1b-3p	5.48894883341865	4.18461522842903	5.08236624046846	0.285278552405457	5.57665411556316	3.20339726546589	0.285278552405457	0.285278552405459	7.42515718102728	0.285278552405457	5.50382602427329	3.92398702746912	3.55788819763319	3.44744496877386	4.49328046179557	4.23479379449851
miR-26-5p	13.6612835025362	13.4203519206271	13.4280051444347	13.1040819906334	14.1754160927258	13.1936105907575	13.8337915627911	13.6392920850444	13.6539052357997	13.8231924041636	14.3387147219374	13.7159079315765	13.9302699049803	14.5269504685192	14.2435449470524	13.9912176334609
miR-24-3p	8.0772721500593	8.75002862001017	9.05599005992435	8.28210216406591	8.71345568813544	7.77490018065054	8.41681511782688	9.46788435928133	9.45267790963029	6.77349438094359	8.21980802532087	8.47925691796544	9.14150839426244	8.62405350290615	8.50533637618272	8.55702858068944
miR-24-3-5p	0.285278552405459	0.285278552405459	0.285278552405457	0.285278552405457	0.285278552405459	0.285278552405459	7.33825102764972	0.285278552405459	0.285278552405459	0.285278552405457	0.285278552405457	1.34947016399133	0.285278552405459	0.285278552405457	0.285278552405459	0.285278552405459
miR-24-2-5p	6.87242812347322	5.53378500305854	6.96636360360356	4.91633377472129	6.12121044945422	4.10466026636105	7.48916724047004	4.63780331621357	7.75353462315755	8.09883028345403	7.34534108079355	7.07507676489616	7.72153669563243	7.19548281802613	6.78272106899776	6.91372350418384
miR-23b-2-5p	7.60337907397191	6.4169704043288	7.89668303268751	6.0217250301953	4.53005140218186	7.87653159039701	4.88130656438571	5.49791995460048	2.99585278511294	7.51521318516644	7.09521768902148	7.65806251106838	6.97657045215635	5.46610493623731	6.78272106899776	7.6157575195283
miR-23b-2-3p	9.55528950304602	8.83760532801239	9.39196497872033	7.77186164936065	7.7818127339196	9.63387587998621	8.31270733503134	6.94233220576613	9.81662238029566	8.55176254560808	8.6110718433215	8.8659112270383	9.15493130218531	9.88554768400112	8.08249279829076	9.03709679155772
miR-23a-3p_gac-miR-23b-2-3p	5.43393039066088	3.56037024457835	0.285278552405457	5.28134656884903	4.69149624760784	5.73255650801649	4.55609005145311	0.285278552405459	7.29150802513798	5.2474270654882	5.84689630134762	3.20098824121078	5.6828644114842	5.01245362092627	7.42330635239284	5.91659668461438
miR-23a-3p	12.9428764124578	11.9006642091622	11.742990082374	11.858504445756	12.1024275119719	12.0380031834678	12.4736336473349	12.5298271307042	11.8767369142581	12.072343846787	12.1629788870948	12.4214258155658	12.9596585126709	12.7670075195419	12.0034185899792	12.0849163248229
miR-23a-3-5p	0.285278552405459	0.285278552405459	1.9272763885847	4.91633377472129	0.285278552405459	0.285278552405459	0.285278552405457	0.285278552405459	0.285278552405459	6.4155085561657	0.285278552405457	0.285278552405459	4.71668943988971	4.8726211007608	0.285278552405459	3.96794166989915
miR-22b-5p	9.85400860332803	8.45905070055805	8.97274791048194	9.61403705140841	9.05509525442762	9.18160603422183	9.75191774608316	8.50435701764731	8.62532488529557	9.614629846273	9.67212018656922	9.00494010642613	8.58727249739553	10.6880917817931	9.8034916476794	8.54668652035335
miR-22b-3p	2.19518400425547	5.74717609288437	5.11207554334527	4.77078534483491	4.53005140218186	2.38265308270354	0.285278552405457	0.285278552405459	2.65247235322932	5.66431972971884	3.89940231905983	0.285278552405459	3.47469706283775	5.73196863877322	3.0565582698508	3.89865990238436
miR-22a-5p	8.14735146623553	8.02620335658463	7.81924833127144	8.00128572474367	7.79963600880992	9.23520596980949	8.26468612184873	9.29999101361333	9.32927103851285	8.57602261935879	9.03618590776924	8.55260791394759	9.07245408538733	9.80047284109535	7.40327272649308	8.16306573169205
miR-22a-3p	14.242765919056	14.2268724019192	14.8448565087852	15.440590718447	14.21185426744	15.5043914055659	13.9823550113284	14.7307258557232	14.6573315653376	14.2598197571086	14.2753205534413	14.3420260036355	14.1891121987354	14.4670510268086	13.4306134426761	14.6491014174083
miR-223-5p	7.61579207813517	8.64748521008412	7.57090413690993	9.22441884271727	10.2924797652631	8.23333872588447	8.66953909175561	9.18732396517792	7.54746820502024	7.2596576709688	9.28534588277885	9.40221229195167	9.290331002764	8.03404179587759	8.55157616356709	7.70976803458915
miR-223-3p	13.0771371300227	11.9221927899265	11.4240799314151	11.9938138983217	13.367919122851	12.0624722424468	13.0976896192844	11.71421359651	12.2358138719928	12.5107753442392	13.4209106636552	13.458803401497	13.433021074028	12.4558760756309	12.5107753442392	11.1636996425392
miR-222c-5p	4.5275754650418	6.67544503715975	4.72032862303281	6.4619498288387	0.285278552405459	7.20049370088231	0.285278552405457	0.285278552405459	0.285278552405459	0.285278552405457	5.40359980934441	4.8648784511842	5.068383042051	4.21812727400611	0.285278552405459	4.47585156503458
miR-222a-5p	5.69017046244014	5.88023498168116	0.285278552405457	0.285278552405457	0.285278552405459	0.285278552405459	0.285278552405457	0.285278552405459	0.285278552405459	0.285278552405457	6.45957488508089	5.57750543553671	6.28106774727746	4.23726027531382	6.65299649289115	4.5226544951885
miR-222-3p	9.59971045455212	9.11607150025441	8.41855528774441	9.13801295079352	7.7818127339196	8.75094558246707	9.10313519416685	8.17353353331694	8.46211347453696	9.63401731794322	9.83490702589979	10.0893801698186	9.97095879653097	9.27880230650105	9.25161385168242	9.28686316274046
miR-221a-5p	0.285278552405459	4.30604208424857	1.51776297585625	2.81030290316445	0.285278552405459	5.29217533500261	6.12149540551157	0.285278552405459	0.285278552405459	0.285278552405457	0.285278552405457	0.285278552405459	0.909609206440867	0.285278552405457	0.285278552405459	0.285278552405459
miR-221-3p	9.66984306773291	9.48415416793435	8.07320190076022	8.61627887242915	7.74549168972641	8.43837135665393	8.42307901336969	8.08645122821307	6.81675441020251	8.9193236476315	9.91899847196229	9.35319678124594	9.85238314635241	9.51171681575026	9.95223707262146	9.16307633557055
miR-21a-3p	5.90769012258188	6.66979964056689	5.13154720911319	5.5724054902318	5.73323574210546	7.6796919912553	0.285278552405457	0.285278552405459	3.27301355808435	2.78142011996885	2.86970925210038	5.65568426962716	2.54544525479121	2.94089436852849	4.33308036137247	4.13790983373365
miR-218a-2-5p_gac-miR-218b-5p	0.285278552405459	0.285278552405459	5.68658981463363	4.60888827340239	0.285278552405459	0.285278552405459	0.285278552405457	0.285278552405459	0.285278552405459	0.285278552405457	3.74413001474674	3.64613190426976	2.17571644010308	3.57323708022393	0.285278552405459	3.64026798738544
miR-218a-2-5p	4.1717529613674	6.69503175339352	6.77533883552295	6.68149029718652	6.1768222225768	5.61983215500129	4.88130656438571	2.20195662242965	0.285278552405459	7.43495472645234	5.2388572690453	6.49661903773803	7.39378581232206	5.83603646617585	2.57356472455471	5.05561015567266
miR-2188-5p	10.7299948737052	9.56240836688543	9.95469224488597	10.3436846849644	10.6745366636672	12.2017753608627	10.851858766305	10.1476083959631	11.2887640730453	11.3243969920848	12.8715388852459	11.0347321061835	10.2851164533913	12.5076394043378	13.6910931680294	11.5203966656515
miR-2188-3p	11.6830452260122	11.6347968625269	12.251273680826	13.9922083689837	12.7914147505806	12.2844207526772	12.2632499360704	12.8991002806682	12.1675132801879	12.1051299308603	13.6783325316602	11.4873527522189	10.6284250096283	12.6925004345845	13.7985336237147	13.2113546270141
miR-2184-5p	0.285278552405459	5.71464563399607	4.02299031881633	0.285278552405457	0.285278552405459	0.285278552405459	0.285278552405457	0.285278552405459	0.285278552405459	2.92264850744532	5.17947958712851	1.68390082373086	5.25446342824654	4.60444962978541	0.285278552405459	3.28963666555197
miR-217a-5p_gac-miR-217b-5p	0.285278552405459	0.285278552405459	3.50112685309845	0.285278552405457	0.285278552405459	0.285278552405459	0.285278552405457	0.285278552405459	0.285278552405459	0.285278552405457	2.09217765701493	0.285278552405459	1.34393512304794	0.285278552405457	0.285278552405459	0.285278552405459
miR-217a-5p	0.285278552405459	4.13630920853542	5.56296424745749	0.285278552405457	6.28200051958667	2.85061950523286	0.285278552405457	4.82159364767127	2.99585278511294	6.89846298130368	1.45484904161235	5.42958739782977	3.71112970318712	5.30316200441616	5.73590599859807	4.49162185030261
miR-214a-5p	0.285278552405459	0.285278552405459	4.08422899815748	0.285278552405457	0.285278552405459	0.285278552405459	0.285278552405457	0.285278552405459	0.285278552405459	0.285278552405457	3.89940231905983	4.53331732490754	2.96671764017175	2.07048840408061	0.285278552405459	0.285278552405459
miR-214a-3p	9.9478177363997	7.4566803488043	9.14010769267503	9.58711233457804	7.54875661692004	10.9406084863421	9.04339919560985	9.86844685904861	9.53054835940158	11.9092635559291	11.0368122829063	10.2043945916453	11.3515286160486	11.571510100862	9.07924613124326	9.3824776563829
miR-212a-5p	5.25504111820915	7.37229858848464	6.61857802268081	5.28134656884903	5.40098543838255	5.98097000696523	5.7748559371166	7.44062182582202	3.50541222133544	4.73733718601771	7.39838714253958	5.85110145647467	7.30024109868589	6.54536771977075	6.87289099543743	7.01813173700103
miR-212-3p	0.285278552405459	4.53444117585389	0.285278552405457	0.285278552405457	2.74198609519184	0.285278552405459	6.73876145663168	0.285278552405459	0.285278552405459	0.285278552405457	0.285278552405457	0.285278552405459	0.285278552405459	2.62948494274888	0.285278552405459	0.285278552405459
miR-210-5p	9.86184615897725	10.0175293812228	10.7147446717555	10.415846941736	10.5137723784099	9.8862214475454	10.9901198452491	7.2613983483098	10.3392380812113	9.1269754250153	9.76593616535289	9.87734312114966	10.3108276013008	10.7493483320233	10.9565141326583	10.0424657834929
miR-210-3p	3.49839780753422	6.71435610897968	4.61359768709103	5.65769328193339	7.05016333856931	0.285278552405459	3.34212426260747	0.285278552405459	7.50783895048581	7.34996703243255	8.08068284858085	7.40433622013771	7.60900591368127	8.0216805258646	8.86891931803363	6.82625751180356
miR-21-5p	15.9473693809845	16.2609540393022	15.855312073005	16.0014618299271	16.3773094380481	15.3554350566559	15.6093533122998	15.2672413430177	15.3012047674118	15.6862676708238	16.0325973037432	16.0985599876484	15.9604660608552	16.0793789031792	16.0769071217649	16.0825552730379
miR-20a-5p	5.82457504296659	6.55505418095031	7.04033893449661	6.4619498288387	6.51561240857085	6.50994073314144	5.95856170139686	0.285278552405459	3.27301355808435	4.95028259575069	6.1550159987428	6.02317886608478	6.47547654532041	5.89746195620585	7.9367958282318	6.00165821612601
miR-206-1-3p	14.8083945183814	10.9105792680094	10.1818016345651	13.3553228806387	11.5778621466329	13.7179714251631	12.1535732872288	14.5107053652009	12.9808988671708	12.0683114675586	13.1898393968219	12.866874759808	12.2914847388496	13.7873089527947	10.7076781666469	12.4684239619801
miR-205-1-5p	9.88766803965294	8.71070656154253	8.42941241931317	8.22735502599922	8.6753487997886	8.78401969593347	8.959697450918	8.08645122821307	9.45961860739697	9.29228643586301	6.60206098547585	11.3419720762418	10.4253331973116	8.09299540711643	7.67797772656477	9.67136101884188
miR-204-2b-3p	5.25504111820915	4.54681368618757	5.18843335714861	5.88692499852127	5.20092187422218	4.10466026636105	2.50584256030418	0.285278552405459	7.49438354576521	5.40017251120581	5.64220794110552	6.06675357061089	4.39337341819051	2.07048840408061	4.33308036137247	5.08709233207794
miR-204-1/2b-5p	13.2252432898569	10.7723740640047	12.8610948948393	12.6963729399716	11.7458570819054	13.4010412738025	11.9785667499396	13.379341445332	11.8695891231027	12.3532015988342	12.8332215923589	12.8882845987368	10.9591254291888	11.5398350168082	11.4916403230529	11.7467135052818
miR-200b-5p	5.31716836518269	0.285278552405459	0.285278552405457	0.285278552405457	0.285278552405459	0.285278552405459	0.285278552405457	0.285278552405459	0.285278552405459	0.285278552405457	4.58845343576171	4.40338643837659	5.75515274365988	3.71646607114142	0.285278552405459	4.17744753015962
miR-200b-3p	11.2983399479695	9.68115993027047	9.35775555597805	8.74852305973598	10.0828520647734	9.17663310314675	9.69869625708435	11.1934195041248	11.2916840733894	9.34186167696029	7.68124893710761	10.8599894426022	12.0928818391327	8.71387106860822	9.22332645279517	9.91705603707018
miR-200a-3p	9.75927852142004	6.73342503966765	8.20196124776753	7.16201490716036	6.06336875713744	4.40600336746974	6.18184339376878	8.10429327892127	6.63249081248888	7.44083791913694	6.60206098547585	8.57541446401179	9.86162236070312	7.28784234779104	9.18863277430268	8.60493909283443
miR-19b-3p	1.5355867388698	6.79176595099322	5.51187359895056	6.64017381715572	8.14460010896949	5.13697975960727	3.11335360490131	7.2613983483098	4.82029168312693	0.285278552405457	6.21538816953074	5.45166994635048	5.03972691565623	5.62707776887777	7.89436673290506	5.56065833296
miR-19b-2-5p	5.05078809366533	5.13544444119558	0.285278552405457	4.42649961138638	0.285278552405459	0.285278552405459	0.285278552405457	0.285278552405459	0.285278552405459	5.44769367608354	0.285278552405457	1.68390082373086	3.08362985895486	2.94089436852849	0.285278552405459	1.42550036706175
miR-19a-1-3p	0.285278552405459	4.16869226312876	6.1968394374192	5.65769328193339	3.89693040661182	0.285278552405459	0.285278552405457	0.285278552405459	0.285278552405459	0.285278552405457	3.74413001474674	3.64613190426976	4.34734574431285	1.1456947372336	5.52960133862139	4.37742857712885
miR-199-5p	9.03757146576657	7.30104919713407	9.05024655071531	8.55089889530073	8.0132831474393	11.3634681487402	8.82899429904362	3.50662690089558	8.49626634318082	10.5678666129355	10.1297390226402	8.85144972058714	10.8596528352378	10.9498616424397	8.54244600895707	9.00242937824656
miR-199-3p	11.8486443779965	10.0850967701871	11.5449545094699	11.704175278003	11.2224472581407	13.2708904715417	11.4541983984526	11.2385484078949	11.8002000576985	12.9950169116545	12.7438159165575	12.1039418261244	13.3350822109148	13.2382530600385	10.9478960098119	11.7162065524412
miR-196d-5p	3.87400864003995	0.285278552405459	0.943785595074379	4.77078534483491	5.94022592770158	2.38265308270354	1.43600199979723	0.285278552405459	0.285278552405459	0.285278552405457	2.09217765701493	3.09273413779041	3.97601973623408	4.49742627690083	0.285278552405459	4.82609679504977
miR-196d-3p	3.87400864003995	0.285278552405459	0.285278552405457	5.65769328193339	0.285278552405459	0.285278552405459	3.11335360490131	0.285278552405459	3.88121690580299	3.80178887274205	4.49412823696706	5.23958851442451	2.96671764017175	5.08817202825141	0.285278552405459	3.66829173894552
miR-196a-5p	8.36885777256734	3.72184793297783	6.29076129434095	6.4619498288387	5.87447456069106	7.9599407853919	6.05851243631193	0.285278552405459	6.13939065384423	6.81031779183561	6.81212429321237	5.23958851442451	6.19272223675021	6.88263888544687	3.41777475051935	5.88111628381113
miR-194a-5p	1.5355867388698	3.29296293402334	4.84351466151285	5.04853464551563	6.28200051958667	2.38265308270354	0.285278552405457	0.285278552405459	5.38436029163919	0.285278552405457	4.83925638187383	6.36318103556317	5.4845072766308	5.12971981910603	6.87289099543743	5.66865030190448
miR-193a-2-5p	8.41930044352726	0.504102242364853	5.97766774199461	6.87199270447116	0.285278552405459	6.94375603162898	3.34212426260747	6.86071071692111	0.285278552405459	7.09033456387727	7.1426268655731	4.92924748463483	6.24386580213301	8.82395953529775	4.88866926122095	6.47605643996793
miR-191-5p	13.128394500088	12.3416548119791	12.7711386604472	12.6040368461071	12.8379759735782	12.2157815691663	12.2157815691663	12.6325301632927	11.9314314399975	11.8363753795804	11.5729299650555	12.2986869112277	11.6980318857051	11.5490758585989	11.5723545027106	11.9227974906993
miR-18c-5p	5.73637731398736	4.29141099297626	6.49623829365368	7.2742987000814	0.285278552405459	0.285278552405459	1.43600199979723	0.285278552405459	0.285278552405459	0.285278552405457	4.49412823696706	5.10673099010596	4.29980107465025	4.34701744539732	5.91636642086466	5.05561015567266
miR-18a/b-5p	0.285278552405459	6.15938877067524	5.43559792930391	0.285278552405457	1.98341361822195	2.38265308270354	1.43600199979723	0.285278552405459	0.285278552405459	5.68429547580293	2.86970925210038	3.92398702746912	1.94793155912111	4.01139366564285	5.37360745418812	3.05506170512421
miR-184-3p	8.81880760768839	8.44507262612457	6.75036654884406	7.80962054147291	7.68923583181312	8.07130662309667	7.41568159928741	2.9970056341656	5.38436029163919	5.56006879050351	5.35074861248365	8.00649462441388	8.92159931528467	5.19966803390706	5.10255819486249	7.38192156891276
miR-183-5p	3.69839280805169	7.03512894432913	5.51928397296033	7.37847104560914	6.1768222225768	7.51609745615254	6.47500171071209	5.13103307812321	7.76478628541089	4.57562787732184	5.76847040910665	5.72984352252841	3.91421599733214	6.01852351929284	5.28879260272584	6.69619191752587
miR-182b-5p	4.97572930890553	4.43144486829726	0.285278552405457	5.04853464551563	3.89693040661182	6.50994073314144	0.285278552405457	0.285278552405459	4.03782357671323	4.61778598910985	4.91402277844211	4.15687322821101	2.83948900511302	3.96623845106686	0.285278552405459	4.07649427620999
miR-182a-5p_gac-miR-182b-5p	0.285278552405459	1.59215828814096	4.88998741806536	2.04141189171904	2.74198609519184	0.285278552405459	0.285278552405457	0.285278552405459	0.285278552405459	0.285278552405457	3.14270940504353	1.68390082373086	1.67731368694254	2.37689306933208	4.15284317033605	2.6111917233087
miR-182a-5p	0.285278552405459	6.08073829849898	5.95051659260876	5.04853464551563	0.285278552405459	6.94375603162898	5.73513110391919	0.285278552405459	2.20095650023068	0.285278552405457	0.285278552405457	2.55386045467149	2.17571644010308	4.55955099698467	3.94683032382026	4.92232593611001
miR-181b-3-3p	0.285278552405459	3.20201735003461	0.285278552405457	0.285278552405457	0.285278552405459	0.285278552405459	0.285278552405457	0.285278552405459	0.285278552405459	3.56374996634015	3.37217830411066	0.285278552405459	1.34393512304794	2.89344018652932	0.285278552405459	1.6668565952834
miR-181b-2/3-5p_gac-miR-181c-5p	9.63976861525694	8.4359552830882	9.61022932917056	9.49741259023575	9.1484617823794	9.22078418179097	9.42364298534304	6.77419304576164	9.04541320996786	9.17188233893292	8.96763650443157	9.12316699946756	9.07068465999397	9.18214532643382	9.09806294589042	9.42004747930198
miR-181b-1-5p	7.47299531224716	6.95384228151668	7.69224116064985	5.38502906348265	8.22594188047263	8.15459625053222	7.44059503540407	0.285278552405459	6.65685248987314	5.07657358621704	6.32904415857733	7.0535792396616	6.73878421212957	6.46243242195451	7.16231903168858	6.42358649093099
miR-181a-5p	11.0396740449817	10.8978074583167	11.5021201918313	10.544582354992	10.9684509774444	11.3830287958981	11.0510448210756	10.3630022795327	11.6686118588363	11.7253713711369	11.1484398139165	10.9309724800745	11.3764509475073	11.7676710199009	11.3717600551371	11.2386228957085
miR-181a-2-3p_gac-miR-181a-3-3p	11.0522868479029	11.7405725568808	11.7547116179412	11.9395009643829	11.2615539023892	11.6176111746876	11.4519027207017	11.6654722717367	10.8304480800796	11.3311437190638	10.88362375024	10.9456349698134	10.7389507472726	10.4382035615544	10.6083634241282	10.8998031371607
miR-181a-1-3p	7.41735314174912	6.08498645023841	4.81970457863239	3.30919870525636	0.285278552405459	0.285278552405459	4.46188283993889	5.87575963114301	2.65247235322932	0.285278552405457	4.58845343576171	5.65568426962716	6.20567910257665	5.92722100850044	6.98496904861797	6.41120215599175
miR-17a-5p	1.5355867388698	6.56421213366131	7.51269271140787	6.20289870932499	7.13684561340432	5.98097000696523	0.285278552405457	0.285278552405459	2.65247235322932	3.56374996634015	6.9066986675544	3.20098824121078	5.52642056298664	6.16059198194655	7.59209282795854	4.01234756094718
miR-16c-5p	13.6173964377115	14.8866281299589	14.7557253339362	14.6552821586112	15.7129726612838	12.4273454580271	15.1503478845786	14.5004256222522	14.1021849207879	14.5012979990639	14.5194391246057	14.1409104330316	14.4564228824303	14.4564228824303	14.7453763865795	14.3508525041834
miR-16a-5p_gac-miR-16c-5p	10.0196411639774	11.4627548346056	10.9088467420329	10.984992491089	11.7788033582326	10.0556014589885	10.6911645744572	9.63062467025175	11.0172714612342	10.3460031609681	11.0647703502661	10.4227363914161	10.8810125716498	10.6835217452588	11.0752244502625	10.383803242902
miR-16a-5p	7.89577231395932	8.93377574707188	9.23429869312871	8.55089889530073	9.68283279540599	9.39359980061746	8.74648205031453	8.87032648089104	8.50970428077658	8.10625303130434	8.78049716274823	9.04543517015677	8.77717773253894	8.68541980254374	8.66529166633405	8.29023876156713
miR-15c-5p	13.229793006483	13.7046096018586	13.6003607871806	13.977510335639	14.3259798044878	13.1603049671637	14.2230404685775	12.7632159245987	13.7091882310787	14.251527851028	14.0573673624938	13.4143422889411	13.7727463138161	14.2978280439025	14.5876081584621	13.1102768558205
miR-15b-1-5p	5.78115005862224	6.83780469774045	7.04033893449661	6.0217250301953	7.6504750639078	6.87173819717311	5.14652909212879	0.285278552405459	7.74219451831739	5.07657358621704	7.61556121051277	6.90944251037911	6.49671696856637	7.49676719707057	9.1227762422637	6.3648611098918
miR-15a-2-5p	12.6090242003945	13.4186436125718	12.7665728872171	13.1383338301894	13.5388208491508	11.5776140985852	13.1529093090016	12.3647789158612	12.693950984566	12.9009218884778	13.2707491291955	12.3718036428719	12.7158522048408	13.1075663019208	14.4739504084118	13.1956821457944
miR-155-5p	9.11394013819862	10.7405814424739	10.045383004281	10.1364518142174	9.92129331639642	7.82661063528944	10.1438681140024	8.82800335337275	9.46652607379646	10.0485015345968	10.4995670926739	9.42471457495382	10.086666089905	9.58168740306532	9.45991991465083	9.18688289088021
miR-152a-5p	5.64243458404858	6.16742372643802	4.46802121866964	5.8144872842765	5.40098543838255	7.83925374904035	0.285278552405457	4.18035190136584	5.26265087542405	5.30015965504635	5.84689630134762	6.13657512098341	7.05741619643525	7.2221371250824	4.99957390655874	6.299169770883
miR-152a-3p	6.23183593583127	5.89965860581419	5.8364941512762	6.31216102986039	6.71661519736725	8.73750067080535	4.64452085280241	0.285278552405459	4.63650932176317	7.12728641618243	5.76847040910665	5.81748368181748	7.02122872981924	6.68080964312143	6.51044439174602	7.17285910109626
miR-150-5p	11.8662844499106	11.8275199767669	11.2429184606147	10.5389733376367	10.792714880245	9.44826823314164	12.0235758035145	10.1083620542196	13.5426881453562	12.5775500557485	10.7535193718632	10.8850552169876	11.9352947968915	12.9022047530068	13.4216159892711	13.259859929887
miR-150-3p	6.52295330055169	6.41359651089095	6.67274642978764	5.95589884336376	4.83667914305397	0.285278552405459	0.285278552405457	0.285278552405459	3.27301355808435	7.0134642506533	6.21538816953074	5.94749557178724	4.78734298347241	6.17554725210195	7.27685180150975	7.31258775356227
miR-148a-3p	6.91322803951812	7.22031588534229	8.21571018362839	6.79878189829055	6.38002918047875	8.73750067080535	5.26284701200963	5.95655742076586	7.45324757957225	8.21324134750867	8.9632420645873	8.26215490293481	8.9235612404414	8.05979509854752	8.96771715638359	8.34877250384294
miR-146a-5p	12.1452775021469	13.372416649893	12.7975198862542	13.8018857937465	12.6145451313798	13.1358525149252	11.6677356995308	12.5486822968828	12.5517945128789	12.5732044462687	12.2376547119917	12.5812953211644	12.7250212978341	12.2814450114811	10.8752155082546	12.8550261033131
miR-146a-3p	0.285278552405459	0.285278552405459	0.285278552405457	0.285278552405457	0.285278552405459	0.285278552405459	0.285278552405457	0.285278552405459	5.91539091688536	0.285278552405457	0.285278552405457	0.285278552405459	2.83948900511302	0.973836256955224	2.57356472455471	2.77479704747173
miR-145-5p	7.10152894644778	6.9973136368341	7.10825054295309	5.04853464551563	6.06336875713744	7.11988637660192	5.95856170139686	6.53205204663093	8.50970428077658	8.26721503257067	7.53494297816346	7.96487551892244	5.25446342824654	6.67731138977866	5.91636642086466	6.97109664902661
miR-145-3p	7.82269573942251	7.1306917434129	7.71177723930365	6.76073447607888	0.285278552405459	8.93300496514583	6.90908926726741	5.87575963114301	8.19731024309004	8.05347345603871	4.98510463657586	7.15126882187525	5.96782598244865	6.77546768229809	4.88866926122095	8.3081609092977
miR-144-5p	8.50854290922657	9.59962811951721	10.0086694589512	11.8289311430223	10.2379648619346	9.99191551668962	8.58826021820848	10.0860881951816	10.5077571741632	8.5075997643436	10.7849847775973	8.82842749768702	8.68071498061571	9.49343211784931	11.0170899380094	10.2010456287206
miR-144-3p	2.64613920854858	7.4032476214635	7.49400919908079	6.0217250301953	3.89693040661182	7.41837156752774	0.285278552405457	4.82159364767127	5.5496008240986	4.81186641299757	7.62671896985225	5.40716158274565	6.07055569466664	5.73869749487046	8.93320372437897	6.90785867675187
miR-143-3p	10.9940458852955	11.8355788171757	11.8259126859866	11.7522317491789	9.99275883940186	12.2487334195984	10.8998076776212	12.2691607178017	11.4835119931021	11.4938479425245	10.7998478342189	12.0782232186417	10.6332283001621	10.4415584249939	10.184193272019	12.4887021636194
miR-142-5p	6.80897968435918	10.5484196826631	9.35827215358595	9.17464632037466	9.09893944285621	6.74309323417788	9.93619714867266	4.42713331233699	9.53384052202861	9.35126319758636	8.32630194177075	7.7230528245548	8.93722051587084	7.74754217447977	9.9348973975249	8.23509645081344
miR-142-3p	4.03054829044727	8.38776531841598	4.70741114947613	6.76073447607888	5.87447456069106	7.51609745615254	8.17102763271109	0.285278552405459	5.3247886675263	6.76413977420209	7.6919118922745	6.70401391358181	7.40506367657596	5.64151172509437	9.15907011402904	6.91372350418384
miR-140-5p	0.285278552405459	0.285278552405459	4.23585973242528	2.81030290316445	6.28200051958667	6.47795763052034	0.285278552405457	0.285278552405459	4.53502115881302	0.285278552405457	5.45458310025551	1.34947016399133	1.67731368694254	7.57592825259347	0.285278552405459	3.94521542723763
miR-140-3p	6.6730433046496	10.1297310201197	10.0030644304078	10.3275079220781	10.1258731063315	10.438725195398	9.64075097140485	9.61203779589703	10.0157668092214	10.258771682843	10.5735069520645	9.37213515991962	8.96033968045593	12.2906323978416	11.3794714818375	9.66137387346521
miR-139-5p	9.69052827244854	8.36872648147039	8.39357182863356	7.1909157041546	8.92310537519495	7.8642123588512	8.3850810784719	7.05670934406487	3.70551669775641	8.58401949363985	7.54673937148557	9.65984256127851	8.31273026495716	7.44009670349984	7.20922876306761	7.90935240600462
miR-138bb-3p	0.285278552405459	0.285278552405459	0.285278552405457	0.285278552405457	0.285278552405459	6.54123015290378	0.285278552405457	0.285278552405459	0.285278552405459	0.285278552405457	0.285278552405457	0.285278552405459	0.285278552405459	0.285278552405457	0.285278552405459	0.285278552405459
miR-1388-5p	0.285278552405459	7.04388444261625	5.26976591344547	7.89990809113977	6.06336875713744	6.15287198972976	7.02892715759847	2.9970056341656	7.42515718102728	6.91546371277478	4.49412823696706	5.49484618397541	5.98295715844351	5.36535500634506	4.99957390655874	5.48389409598035
miR-1388-3p	9.87996988709562	9.68711048762543	10.1373453695654	10.3045513252884	9.3852422973874	7.91287042067786	9.62181483609079	8.72797696265034	8.90501016885806	9.13969090219855	7.42419624717222	8.73247888199058	8.94689856488197	8.90769969878363	10.5639361385295	9.28290357056533
miR-135a-1-5p	0.285278552405459	0.285278552405459	0.285278552405457	0.285278552405457	0.285278552405459	0.285278552405459	0.285278552405457	0.285278552405459	0.285278552405459	0.285278552405457	1.45484904161235	0.285278552405459	0.285278552405459	5.04539214318604	0.285278552405459	2.21494883561561
miR-133b-3p	0.285278552405459	0.285278552405459	4.61359768709103	0.285278552405457	0.285278552405459	5.43228564503812	0.285278552405457	0.285278552405459	0.285278552405459	6.77349438094359	5.59753938135527	4.35733885150657	3.08362985895486	6.68778080445009	4.63745615844115	2.77479704747173
miR-133a-5p	6.87242812347322	5.6700982459011	3.37610292467394	6.55381219745491	0.285278552405459	7.20049370088231	7.12427364628486	7.8531269811473	7.83051346692751	6.21038721918854	5.45458310025551	5.21397780289642	5.98295715844351	8.34859207536692	1.84226087865314	6.17281697176425
miR-133a-3p_gac-miR-133b-3p	3.69839280805169	0.285278552405459	0.285278552405457	0.285278552405457	3.60420988074718	4.40600336746974	0.285278552405457	0.285278552405459	0.285278552405459	0.285278552405457	6.68978936263235	5.6171243461906	3.78204945387294	7.9625514383208	4.63745615844115	4.5226544951885
miR-133a-3p	11.2473949805231	7.74272386238294	8.89512718008922	11.2955639337854	10.4559406873161	12.1876318410341	10.7950346720097	12.8907715723165	11.0452242906425	12.6649665262132	13.0613305047638	12.2585388668897	11.5897681303258	14.8279708439875	10.5973842047006	11.5352145247603
miR-132a-5p	0.285278552405459	0.285278552405459	3.82193902248476	0.285278552405457	0.285278552405459	0.285278552405459	0.285278552405457	0.285278552405459	0.285278552405459	0.285278552405457	0.285278552405457	0.285278552405459	0.285278552405459	0.285278552405457	0.285278552405459	0.285278552405459
miR-132-3p	6.93320331142958	7.63530240832401	7.04033893449661	6.4619498288387	6.82501600008001	0.285278552405459	8.94671256913604	0.285278552405459	6.63249081248888	0.285278552405457	7.11119447894324	4.26058513428051	7.41625406267992	6.80141003373432	7.89436673290506	7.25369247118244
miR-130c-3p	4.89655010438702	0.285278552405459	6.48870828352998	2.04141189171904	4.69149624760784	0.285278552405459	6.37515506545371	0.285278552405459	0.285278552405459	0.285278552405457	2.86970925210038	3.92398702746912	3.78204945387294	2.98683723228633	5.19867838964975	3.01197081923135
miR-130c-2-5p	7.1190748174622	6.74689302377446	5.8364941512762	6.5086120468492	6.82501600008001	4.10466026636105	2.84134202766078	3.50662690089558	0.285278552405459	5.49369932094756	2.09217765701493	6.32779977676137	4.43797791533729	3.47993611225567	4.99957390655874	4.64051172773913
miR-130b-5p	10.7596628288309	10.5331490509367	9.81640916467809	9.81305633849026	10.2987599330239	9.86782768287684	9.62996077577151	11.7781317322317	9.99441850545908	9.67577427207604	8.54203029636986	10.4435465227254	8.92159931528467	9.03342309897703	8.88345432503862	8.75295084017841
miR-130b-3p	0.285278552405459	5.63576113016792	4.8552739464761	3.97341175400098	2.74198609519184	7.20049370088231	2.50584256030418	5.13103307812321	6.83821669113849	0.285278552405457	0.285278552405457	5.71165801592219	3.08362985895486	1.98251657849569	4.7685237094173	2.4266314783873
miR-129-1b/2-3p	5.05078809366533	0.285278552405459	0.285278552405457	3.30919870525636	3.89693040661182	5.67729501013681	0.285278552405457	8.62049533912941	2.99585278511294	5.90463606002199	4.49412823696706	5.6171243461906	1.67731368694254	4.43250551513303	5.52960133862139	4.09725798366051
miR-129-1a/2-5p	2.19518400425547	2.63424956183082	5.78208887243782	3.67919756829172	0.285278552405459	6.84691056912283	0.285278552405457	0.285278552405459	0.285278552405459	5.47087987317442	3.57010805434946	3.09273413779041	0.285278552405459	0.778701464059704	0.285278552405459	3.775241095555
miR-129-1a-3p_gac-miR-129-1b/2-3p	0.285278552405459	0.285278552405459	4.54264486531423	0.285278552405457	0.285278552405459	0.285278552405459	2.06789849245723	0.285278552405459	0.285278552405459	4.53220065184061	0.285278552405457	0.285278552405459	3.29237377384595	0.285278552405457	0.285278552405459	2.72229672968938
miR-128-2-3p	12.9245954783106	12.8113418710156	12.6919965613605	12.9961591110269	13.1459898908944	12.4681094106111	13.0285090365561	12.7757954512285	12.7317112701028	12.6915794603935	12.8927797607282	12.3654564030127	12.145101362277	12.7642792759066	13.1673634341892	12.4881495358801
miR-126b-5p	8.85066524126767	8.10779966139897	9.33746258792483	9.25210784786285	8.59597560703643	10.0088021770978	9.64879098537683	0.285278552405459	8.98415732969055	9.28902876985141	9.06107485579364	10.6587554269741	9.29791340308626	8.868355941498	8.53325770559788	10.0840184365903
miR-126b-3p	12.5390563434873	12.7408205460025	13.1881971628029	13.4691905796279	12.4724683231776	13.413512437817	12.8380198567236	12.5503102900177	12.8967813153079	13.5099252937505	13.1661368370477	14.3911036430547	13.3729965863989	12.6516927383336	12.4752321073123	14.1733784082302
miR-125b-2/3-5p	13.6042187928474	11.440962539411	12.6952204409322	12.8020088919717	11.7652615467233	14.6511312555606	12.6611861528444	13.0947478762464	13.7573349040723	14.589509129058	13.4547611031112	13.5526215862493	13.7789906263861	15.0096810238208	11.7788779203893	12.5483520378723
miR-125b-2-3p	8.42636469365519	5.51501639410761	7.25971637334018	6.64017381715572	4.53005140218186	7.23916904295543	8.83370407530268	9.94470079105441	7.38196865817121	8.24721078241754	7.09521768902148	7.40998647233682	6.88287972918523	7.19058322497331	6.47249135792005	7.51904372966191
miR-125a-5p	13.5150847217832	13.3214279405804	12.8715366898777	13.234297225941	13.0750441255722	14.0263319140702	13.6988104045044	13.869619530412	14.0854557674594	14.8454455746816	13.3037098738748	13.2562045418309	13.2270316031717	14.23379632452	14.0780698245779	13.0002889466423
miR-125a-1-3p	0.285278552405459	4.08632954885461	6.73453647504342	4.91633377472129	6.67859278022343	6.68824161124861	6.97878181719905	0.285278552405459	0.285278552405459	0.285278552405457	2.53270225923823	4.20966093084203	4.19973614582428	4.39891568824729	5.37360745418812	5.53805487041608
miR-124-3p	0.285278552405459	3.84718676605883	0.285278552405457	0.285278552405457	0.285278552405459	0.285278552405459	0.285278552405457	0.285278552405459	0.285278552405459	4.77508301590918	0.285278552405457	0.913351225474506	1.34393512304794	3.07455382712457	1.84226087865314	1.28777051458919
miR-122-5p	13.143208836948	8.0050622351239	8.74361342490783	8.51706317483844	10.9899565492244	9.61928870831657	10.7002192878474	9.15344843446231	11.3628269480024	7.79788700155303	4.98510463657586	6.03785048978711	8.69226867878365	8.40784181963149	8.03119833412686	13.4489935389757
miR-122-3p	0.285278552405459	0.285278552405459	2.01376219155055	0.285278552405457	5.73323574210546	0.285278552405459	0.285278552405457	0.285278552405459	0.285278552405459	0.285278552405457	0.285278552405457	0.285278552405459	0.285278552405459	3.03136207876398	0.285278552405459	4.70956476089791
miR-10c-5p	9.5776709386118	6.91857287769422	7.7036693317377	8.37317834625714	7.72698240622892	9.9975663939004	9.75688554230676	10.3481044400688	8.78304414023646	8.31604478089913	7.31806824189252	7.30473308786344	6.67499691495196	7.61302212066822	7.06365979193074	7.02356579936053
miR-10b-5p	12.4880625272143	12.5908918240162	13.5231044204822	14.5271038050827	13.1053658882111	14.8709186396023	13.198810015752	14.2439602533528	13.7270950365655	12.9027879499498	12.8688983593358	13.1923719568432	12.6736359351854	12.5602235470158	10.6578187172206	12.231818106699
miR-10545-5p	0.285278552405459	5.92831234491403	0.285278552405457	0.285278552405457	0.285278552405459	0.285278552405459	0.285278552405457	0.285278552405459	0.285278552405459	0.285278552405457	0.285278552405457	0.285278552405459	1.67731368694254	0.285278552405457	0.285278552405459	0.285278552405459
miR-103a-5p	0.285278552405459	3.35055677132913	0.285278552405457	0.285278552405457	0.285278552405459	0.285278552405459	0.285278552405457	0.285278552405459	0.285278552405459	0.285278552405457	0.285278552405457	0.285278552405459	0.285278552405459	0.285278552405457	0.285278552405459	0.285278552405459
miR-103-3p	8.02238419227552	10.1415058776344	8.28364380192129	9.3831016375423	9.5522491528278	8.68243188642816	9.85975337112792	8.5309855173111	8.48950014331944	8.14280449705165	9.31323836697409	9.00866880628964	9.14823545909469	8.68629025692182	10.3186209415451	8.8654061795283
miR-101b-5p	8.54144874210281	7.64684281162775	6.03048357596019	6.25856399342971	7.21861358206181	4.8675391178421	4.13555514376715	0.285278552405459	5.65010325651776	8.9892389799087	8.44451393633178	7.52379995388025	7.51324344860093	8.73253157050819	9.8670378607717	8.10016489278761
miR-101b-3p	0.285278552405459	6.57633300393443	6.31651011372321	5.04853464551563	0.285278552405459	0.285278552405459	4.2527261036977	0.285278552405459	0.285278552405459	6.22409809215865	3.57010805434946	4.30977293419884	4.43797791533729	2.74092558901056	7.38295698652551	5.89896555327121
miR-101a-3p	9.3214260476629	11.6712772224489	9.7180059813738	11.4955870901022	11.318295366378	10.6949553373554	11.7775297242869	10.6957386762777	10.8517090972378	10.44005652262	11.2955183999946	9.91756489753331	9.98980739223506	10.1200752048971	12.6501121555899	11.5120848569954
miR-100-2-5p	13.7125693674639	12.5049745853883	13.4608474809406	14.6792233989133	13.7792704193137	15.6124330771569	13.7426674982477	14.8404156534436	14.5341118748705	14.1821573001577	13.9008733509722	13.9079574324624	13.9996225733478	14.4575704856509	11.641327245917	13.451893430573
miR-1-3p	13.5105216724349	11.1766246981694	12.6382937560955	14.3795682569851	13.16716858513	14.6548238450723	12.6605235788546	15.1226346859629	14.1886631612007	12.9533096448184	13.8555041389506	13.4235368521307	12.9899329490095	13.9375236866165	10.163499150123	13.0816645951002
let-7j-5p	11.1684905500426	12.2136460273264	11.8553966696737	11.8197083443724	11.3105468002532	10.9139626978133	11.3544890099079	10.5633337253917	11.550869123493	10.5366165151752	11.10022415568	10.4558900247417	10.8243855623242	10.4605081544677	11.0545006374094	11.2243887707623
let-7j-3p	1.5355867388698	4.47093514709079	5.36332212573145	4.21766996423407	6.06336875713744	0.285278552405459	0.285278552405457	0.285278552405459	0.285278552405459	2.0168409780916	3.37217830411066	2.55386045467149	4.48124461183333	3.96623845106686	3.41777475051935	3.39401669551792
let-7i-5p	9.1485258180672	10.3108895938377	10.387369426722	9.90313569024666	10.1364308627623	10.8435442266507	9.50561573201443	10.8197093239043	10.7278226693168	10.4282596338956	10.1119837744954	10.1480332236913	10.2018842201488	10.4884740729366	9.68817837631399	10.3242269817172
let-7h-1-5p	13.5389086327382	14.0165118245583	13.3362242705597	13.6911921473756	14.2457704227818	12.6593795050316	13.5572000305673	14.4749369996511	13.2404252712966	12.7837177868281	12.9736556362096	12.7481073690294	12.7127355727801	12.6913085680273	13.3501605476323	13.0790165865835
let-7h-1-3p	7.90591609258575	8.48981458411158	8.00489962765045	7.40337984256026	6.95793806587369	7.50026262657471	8.18583834406586	7.8531269811473	7.12686602156371	7.88677193971379	7.75428578615594	8.03967562782959	8.50055926870182	8.33311360711972	8.56064890079782	7.10783736714057
let-7g-5p	14.8027223503831	15.3682948631247	14.9819461094431	15.6778347183025	15.3664870446455	14.2018014198317	15.2480189197541	15.3880070834957	15.1145561416918	14.8020751700676	14.7112327610835	14.3267517956571	14.4134412231677	14.8192802862086	14.9693750926692	14.8551219649533
let-7g-1-3p	0.285278552405459	0.285278552405459	2.24587985010671	0.285278552405457	0.285278552405459	0.285278552405459	0.285278552405457	0.285278552405459	0.285278552405459	0.285278552405457	2.86970925210038	0.285278552405459	3.55788819763319	1.78863464762698	0.285278552405459	1.13549074892276
let-7f-5p	12.3661610616625	13.8652443041642	13.1059169918511	13.5981758877757	13.1067087857169	11.7968218166635	12.3901686818758	12.7319961455925	12.6269370089402	12.0263775765327	12.1373651006844	11.8626101813345	12.265616751191	11.9388645188486	12.6270843670685	12.7561807645098
let-7f-3p	0.285278552405459	0.285278552405459	0.285278552405457	0.285278552405457	5.30441882034319	0.285278552405459	5.65224124219417	0.285278552405459	0.285278552405459	0.285278552405457	4.28468026246543	4.35733885150657	3.29237377384595	4.03345210327431	0.285278552405459	3.05506170512421
let-7e-5p	15.3375768748026	16.8847367995559	16.2753356586328	17.2754004589101	17.380656535997	15.9566119322169	16.3916593235658	16.9686873337625	16.4588719038514	15.2836277723084	16.2979521449675	15.7632261085855	15.9794660759779	15.1031558286065	15.3832540644629	15.5838518402503
let-7e-1-3p	4.97572930890553	5.5523125758924	5.24316128798096	5.8144872842765	6.28200051958667	0.285278552405459	5.8135161887907	2.9970056341656	4.98328562138816	5.51616344113995	5.45458310025551	5.40716158274565	5.30350043509595	4.73132501914125	6.0252397941961	4.37742857712885
let-7d-5p	14.7085252109515	14.1651382293232	13.376817827094	14.2589400434296	13.0492022923661	13.3074629392555	13.5461226892161	15.0930621865232	13.5960254796668	13.9046699931178	13.7086754590221	13.4922299796193	13.00054332333	13.5318150403757	13.7197255280031	13.6381281724166
let-7c-2/d-3p	5.12213417524448	4.83608376704293	5.71913030717476	4.60888827340239	6.42665379255676	7.6512943289309	3.53953458044389	0.285278552405459	2.99585278511294	0.285278552405457	4.49412823696706	5.88395367277762	6.36431404927664	6.30812605306469	4.33308036137247	5.87511711343523
let-7c-2-5p	12.7920949668821	10.5122048993872	11.2558685235693	12.1212722737263	11.1771467503597	12.1321999743059	11.0938809799089	13.0986472647446	11.9744685673276	12.8240876023908	12.1157498181991	12.4566580746633	12.1686591648198	12.257119239031	10.4242912474778	12.0730912121447
let-7b-5p	16.2998588364069	14.378592972824	13.8549263694357	15.0975072380563	14.4558209004938	14.4062803657351	14.5527597013756	16.1366305415041	14.8602725132732	15.9692971967486	15.255476520587	15.2582248743344	14.6216922644999	15.1046725434917	15.4011212082379	15.325014015396
let-7b-1-3p	10.0519731009388	9.84322590653358	9.41548754145197	9.90313569024666	10.2049078535546	10.511623526576	9.80324552936658	10.524106347215	9.31785789239337	11.6546765764748	10.5546441379924	11.3397535877666	10.9677076838665	10.8987688756831	10.1303679362271	9.57472732609891
let-7a-5p_gac-let-7c-2-5p	10.6627940263865	10.1962830962756	9.58352566191256	11.6673737395416	10.9142641902766	10.209604945335	10.6220605614541	10.6809526023422	10.3297990597156	10.03008254155	11.476008354029	10.0428616317897	9.97380183249426	10.661780123151	11.7344690665956	11.0207253911532
let-7a-5p	18.3612831893193	17.544381555129	17.102161109174	18.4791096176033	18.0183206432862	17.0456538165489	17.5530192566842	18.5672100602615	17.5137795534981	17.6868422952488	18.1154371715157	17.6101478903705	17.73392615374	17.7020992001365	17.862082819592	17.9500617727051
let-7a-5-3p	1.5355867388698	6.38287106284181	7.10579148533013	5.95589884336376	7.13684561340432	5.13697975960727	5.65224124219417	0.285278552405459	5.3247886675263	6.9069883889911	7.20350888033214	7.36415243696651	7.16746943550648	7.78052309334686	6.78272106899776	5.85086781174952
let-7a-4-3p	0.285278552405459	0.285278552405459	0.539650203365536	0.285278552405457	0.285278552405459	0.285278552405459	0.285278552405457	0.285278552405459	0.285278552405459	5.49369932094756	0.285278552405457	0.285278552405459	0.285278552405459	1.98251657849569	0.285278552405459	0.285278552405459
let-7a-3/7-3p	7.45928466266526	6.74689302377446	7.85336368021554	5.8144872842765	6.06336875713744	3.72329154185445	7.24232781171867	8.47722776616942	5.05835979963211	5.90463606002199	7.77449187926857	8.07922042421136	7.79195894234419	7.35287956045045	6.35224672573518	6.08198251818165
REV_let-7a-5p_gac-let-7g-5p	2.98919639213922	6.46665425775919	6.68926527684516	7.4756253497617	7.61064409450349	7.14046435175116	7.84690110665232	8.8063668968148	8.18898159442249	6.1684550017556	6.53257628009082	5.63653313134334	5.6261672651245	6.05672049263346	7.01167904973476	6.28566478056838
REV_miR-1306-5p	3.26614687684957	3.80660514257435	0.285278552405457	0.285278552405457	0.285278552405459	0.285278552405459	0.285278552405457	0.285278552405459	0.285278552405459	6.46253534086851	4.16732669269344	1.34947016399133	3.47469706283775	3.19687347885256	5.52960133862139	4.05542736198856
REV_miR-135b-5p	0.285278552405459	0.285278552405459	3.16555887500116	0.285278552405457	0.285278552405459	0.285278552405459	0.285278552405457	0.285278552405459	0.285278552405459	0.285278552405457	0.285278552405457	0.285278552405459	2.37239267662343	0.285278552405457	0.285278552405459	3.58253259053931
REV_miR-181a-2-3p	0.285278552405459	0.285278552405459	4.06410355345399	0.285278552405457	0.285278552405459	0.285278552405459	0.285278552405457	0.285278552405459	0.285278552405459	0.285278552405457	0.285278552405457	0.285278552405459	0.285278552405459	0.285278552405457	0.285278552405459	0.285278552405459
REV_miR-183a-3p	0.285278552405459	0.285278552405459	4.37305852716668	0.285278552405457	0.285278552405459	0.285278552405459	0.285278552405457	0.285278552405459	0.285278552405459	0.285278552405457	0.285278552405457	0.285278552405459	0.285278552405459	0.285278552405457	0.285278552405459	0.285278552405459
REV_miR-18a-3p	6.29494883586892	4.79518413577911	4.08422899815748	5.65769328193339	5.8055828591006	3.20339726546589	2.06789849245723	0.285278552405459	0.285278552405459	0.285278552405457	1.45484904161235	5.28948508745016	2.69994553703849	2.79357570975026	0.285278552405459	2.35946344018926
REV_miR-7132b-3p	10.3574908129047	12.9188461272608	11.7165401901472	11.0691244105132	11.3443334781206	9.94296783282748	11.8208712671611	9.13620763984136	11.1106218444448	11.2396099143016	10.3014492714774	10.9844951015278	10.9662808488061	10.7784159401449	12.5686970103817	11.0298671360931
REV_miR-723-3p	0.285278552405459	3.72184793297783	0.285278552405457	0.285278552405457	0.285278552405459	0.285278552405459	0.285278552405457	0.285278552405459	0.285278552405459	0.285278552405457	0.285278552405457	0.285278552405459	0.285278552405459	0.285278552405457	0.285278552405459	0.285278552405459
