Gene	T9_Immature	T26_Immature	T31_Immature	T32_Immature	T13_Immature	T23_Immature	T1_Immature	T3_Immature	T12_Immature	T44_Mature	T47_Mature	T41_Mature	T43_Mature	T45_Mature	T63_Mature	T69_Mature
miR-99a-5p	0.146695177282988	-1.52362406506102	-0.0280556457747814	-0.452338501733827	-1.27045264311901	1.76381459254741	-0.990318526423392	0.332077832987725	0.0280556457747796	0.599619709652019	-0.0289878853739296	0.605112501081384	0.751128603509258	1.53364326350893	-1.51406706447598	-0.31452941790279
miR-92a-3p	-0.081671777375913	-0.0743574725910179	0.236706053632613	-0.00779305362362948	0.328204329653811	-1.6119029933841	1.47815588400538	0.396209908229302	0.527052672988226	1.10178685370288	-0.149771545950941	-0.518212475362866	-0.747037007297578	0.00779305362362948	1.13328337078808	-0.372545831152785
miR-92a-2-5p	0.287313785825422	1.33478647839956	-0.00196473285386034	0.00196473285386123	1.1015605233983	-1.71334726996804	2.04450218877624	-1.87718506569999	-0.0391644338169908	0.944815288952546	-0.280415120399304	-0.746496959833959	-1.01392060117302	-0.0174889890724836	1.43768384624965	0.522620023307168
miR-9-5p	-3.50080727829719	1.68343612508271	-0.123719801856819	1.87085645696677	-4.75111546476153	0.850279094920627	2.34109170388556	-4.75111546476153	-4.75111546476153	-1.56159853064565	-2.16668476506661	0.27740679199592	-0.283945331513373	0.12371980185682	1.8653432828297	0.455362934812477
miR-8159-5p	4.77845817389359	-0.529328285321243	2.05880920003495	-0.529328285321245	-0.529328285321243	-0.529328285321243	-0.529328285321245	-0.529328285321243	-0.529328285321243	3.71759381411391	2.75550121662276	2.66955622864244	0.529328285321242	3.38413027916148	-0.529328285321243	1.05895587603796
miR-737-5p	-0.568573167098035	0.526634343669562	0.816265252154745	0.362691718613257	1.49270689660077	0.611775934122253	0.177317465070941	-2.11609523807854	1.1173624474436	-2.00807715758006	-2.3222968913991	-0.902674374501588	0.00100680386645458	-1.58045837484962	-0.00100680386645458	-1.30471055618581
miR-730-5p	0.757915946210901	-4.27397386656633	-4.27397386656633	-2.51784052725275	-0.0292010167899281	3.60542490245822	-0.423697275204637	3.52719880924128	-1.56339963385885	1.02227794180195	0.0292010167899273	-1.16344603481781	1.36220389031963	1.1591636174216	-0.406409248635732	1.55873726445679
miR-725-3p	1.8263169331337	-1.55913605060307	-2.16995287806105	0.144335304082456	-1.70790938219516	0.552006293041913	-1.1883926218708	0.614923272274585	-0.214834325277686	1.1772265888789	-2.30320356000654	2.16786386101606	3.61688148742904	-0.36363889475273	-0.144335304082455	0.830963456694693
miR-724-5p	0	0	5.28483887342001	-2.55351295663786e-15	0	3.43801298944899	-2.55351295663786e-15	8.32276468623964	0	-2.55351295663786e-15	-2.55351295663786e-15	0	3.00709522144049	3.1621664163684	0	0.48685133258174
miR-722-3p	-2.29295724589158	-0.647165259977429	-0.564473606746489	-2.29295724589159	-2.29295724589158	3.3563560489349	-2.29295724589159	5.67742155657504	1.95678536051597	-2.29295724589159	0.564473606746489	1.21350252567436	0.896461264540707	2.08398446099279	-2.29295724589158	1.95968823739129
miR-7133-3p	0.462891095303829	0.141836221525719	-1.8979695608393	-0.141836221525719	2.78533030997398	-1.8979695608393	-1.8979695608393	-1.8979695608393	-1.8979695608393	2.55408907277296	-1.8979695608393	3.82510839040822	2.76692829922035	1.29668799901091	-1.8979695608393	0.243383365142545
miR-7132a-5p_gac-miR-7132b-5p	0.295442934824932	0.890714499832859	-0.181227507973936	-0.505399395755516	0.739917101679648	-0.617152005545453	1.19844345671053	1.02246591149806	0.806402244723204	-0.0157382719684112	-1.42805556471229	-0.859739203565834	0.0157382719684112	-0.204471597771841	1.24778387489543	-0.415804206932268
miR-7-5p	-3.314913130968	1.63162480257519	1.35506153989045	0.76060406806712	-0.469560442140578	0.108427483330543	1.19365277897424	-5.67577378711112	1.73486879518426	-0.108427483330542	0.44771849155611	-1.42773501460905	-0.564211604660352	-0.454959857124433	0.549392052229435	-0.172653275181673
miR-551a-3p	0.676669704684354	-1.01566713998128	-0.196708711072779	0.588899430003351	-0.878423732457918	0.971838088026178	-3.2864791535361	0.196708711072779	-2.82055141383065	0.974924203940373	0.68161475519547	-0.918643352677019	-0.36239475949275	1.37511206606517	-6.71435562950668	0.421931079811112
miR-499a-5p	3.70317619787493	-4.68354514016877	-0.470488273341445	-4.68354514016878	-2.22683759738239	-4.68354514016877	-0.162209385548975	0.162209385548975	-0.789740924492746	1.75727902843065	0.95245412623063	2.00307168673326	1.59986473606895	3.96988853629233	-1.26240436757356	0.483183306994383
miR-489-3p	3.27180960475508	-3.68337281554532	-3.90219650550472	-0.878276352653816	-3.90219650550471	1.79349494905505	-3.90219650550472	-3.90219650550471	-3.90219650550471	2.8101111176896	0.572927429223192	1.97610922113687	0.564973627743444	1.48950213206611	-0.481055732909504	0.481055732909505
miR-460-5p	1.27866966573286	-0.24113908076583	-2.01633903893291	-3.24882346238371	-3.24882346238371	-0.683482509556304	2.20102908913002	-3.24882346238371	-3.24882346238371	3.32096144942697	2.35046435634362	1.73065048869211	1.14591925904267	2.86602901868209	-0.960537290234456	0.24113908076583
miR-458-3p	0	0	-2.55351295663786e-15	-2.55351295663786e-15	2.45670754278638	0	-2.55351295663786e-15	0	0	-2.55351295663786e-15	3.75429660003185	3.63870847506366	0.624330654035408	3.51076135690145	1.55698232624768	3.54060392578494
miR-456-3p	0.826634165607685	1.03400165152301	-0.00701388586709673	-0.76197924566245	0.213313174066227	0.923796096635755	0.079619469034574	1.64690007839299	0.635067861677972	-0.777798309460417	-0.55034724461504	-1.84964075329655	-0.803793811417782	-0.228189243105531	0.00701388586709673	-0.290801749370573
miR-455-5p	-0.131447444119082	-4.96830306695811	-0.141506076018302	0.131447444119082	-2.51159552417173	1.8242467597976	-2.74773905905939	-4.96830306695811	-3.71343372750794	-4.96830306695811	0.3439577619917	1.12120293804721	1.45820976803943	1.33712141551236	0.92095929745541	0.591159641391573
miR-455-3p	0.411176369673997	-1.62522298454072	-0.960496754516067	-2.02886251152529	-5.71699571312081	1.3819934334553	-5.71699571312081	-5.71699571312081	1.6213290332967	0.971162250932474	1.1247220082763	0.226700223578041	1.80676593567249	1.58488263198017	-0.899716070663779	-0.226700223578041
miR-454b-3p	2.36086065614312	6.28197335912855	-2.55351295663786e-15	-2.55351295663786e-15	0	0	-2.55351295663786e-15	0	0	-2.55351295663786e-15	-2.55351295663786e-15	3.63870847506366	1.05865657064248	-2.55351295663786e-15	1.55698232624768	1.92967028321016
miR-451-5p	-0.409145771312863	0.13949478667403	-1.11862870406404	0.52675829915756	0.0355214656496354	0.952571962576108	-0.325871466603953	-0.641765709454628	0.0300205666071989	-0.530125256189482	0.682243107641044	-0.66339256027662	-0.633215414697192	1.10689178760407	1.61770248890726	-0.0300205666071989
miR-429a-3p	1.8907193168156	0.174580845705977	0.671157437172849	-0.653931488436682	-1.65860988109189	1.4802734723388	2.72501705582684e-05	-0.835686449502087	2.2179817039799	-0.0701261022207618	-0.674366326077362	-0.156088771733118	1.51118679826851	-0.733996752196274	0.911721154979904	-2.72501705573802e-05
miR-425-5p	0.664040205613627	0.0106873442953965	0.683666078403769	0.182159387930753	1.32892662998027	-0.362606453231397	0.782380847317466	0.795413355989369	-0.0106873442953948	-0.531352691970355	-0.680453892535223	0.380466593243277	-0.539775218521832	-0.74863963788691	-1.23156682630419	-0.868303310765421
miR-375a-3p	2.10867277727077	0.334610008720606	-1.080582513459	-0.403081962795287	-0.433155187788879	0.0207585348785706	-0.0207585348785706	1.41598898462535	-0.0308623686141338	0.498466096138662	-0.590156390265566	0.425836479408545	0.148603444710982	-2.66342758999398	0.448514584532726	-0.840940639580207
miR-365-2b-5p	3.28045874025528	-0.406566088176738	0.391626768884146	0.659883071227219	-4.22447008949563	-1.3063513764352	-1.66840661424031	2.26444440386055	1.32251775810884	-4.22447008949563	-0.116546813549345	-1.30876040069031	0.242700043752528	0.411005022148693	-4.22447008949563	0.116546813549345
miR-365-2b-3p	-0.00579822876268388	-0.253924834484831	0.00579822876268565	0.109399580701135	-0.667528584914912	1.60545363117532	-0.690171106056173	-2.73546070091311	1.34315033399461	-0.358905841470592	1.41829419908549	0.631514167009314	0.69003986046128	2.77935171296225	-0.181345160033496	-0.883389473992728
miR-338-3p	0.837443614970879	-0.587825106175095	0.099947878265275	-4.06739542955752	-4.06739542955752	-0.426133000442551	-0.0999478782652741	-4.06739542955752	-4.06739542955752	-4.06739542955752	1.28953395914254	2.71527247465474	1.70364635810142	2.12994170844071	0.846004407686775	1.10737110816712
miR-338-1b-5p	-1.71585228377829	-1.71585228377829	1.52962952989699	-1.71585228377829	3.30328798415944	-1.71585228377829	-1.71585228377829	3.26283749529544	-1.71585228377829	1.80065803655831	1.742999178563	2.49016309114373	-0.0531992770626388	-1.44814811112478	3.197547553466	0.0531992770626393
miR-31a-5p	-3.85500671754693	1.61224196082213	1.90053334945193	1.94439308430729	1.92308348718504	-1.28966576471953	-3.85500671754694	-3.85500671754693	-3.85500671754693	-3.85500671754694	-1.60758301071416	0.433865944951725	1.87246631117875	0.604472186443031	-0.433865944951724	1.00778247953639
miR-30e-5p	0.105037397443303	0.536471761399483	-0.0667340515815251	-0.685093090337638	-0.986105222209328	-0.328575336115724	-1.80072186860527	0.0913966765332095	0.498269673750938	-0.724176732961332	0.221708944417632	-0.0313073060300582	0.400066268270454	-0.659729112602944	1.06396359934442	0.0313073060300582
miR-30e-3p	-1.2145300961829	1.19660336895424	0.195653367946926	1.24943680560593	0.860977628034851	0.477279990082463	0.74903403795175	0.92758218594971	0.748630357774996	-0.736528032200987	-0.195653367946926	-0.637851702458782	-1.02177590812012	-1.29829132141633	-0.555101370405488	-1.28400030685181
miR-30c-2-5p	-1.5382074766898	0.575772647401429	-0.834740327580214	-0.996376737711772	0.0187368299439292	-1.02996663471878	-0.742672725875735	0.0972394261514946	0.139777608716541	0.249521724537624	-0.00772557898208603	0.00772557898208603	0.412794433232749	0.00927507963336005	-0.147279994980508	-0.650884559155848
miR-30c-1-5p_gac-miR-30c-2-5p	-0.122375908732447	-0.125507259191197	-3.01092901954665	0.635554669854669	0.122375908732446	-1.64280524902039	-3.41020051468906	-0.963737458229394	-2.19373016125697	1.87990020651859	0.557397294858121	-2.2923420598148	0.760559503811471	1.08101849401416	1.1256273692713	0.581417959362614
miR-30c-1-5p	-0.889985539300103	0.394301298000784	0.624808385685366	-0.60215003291119	-0.927472182102547	0.968847789647056	-0.597113452239583	-2.27120490210217	-0.0415783609369811	0.872282474054659	0.139788271293636	0.830278356258921	0.85978988699382	-0.0382428414183167	-0.515903561872605	0.0382428414183149
miR-30bb-5p	-1.33439645434999	1.15961268596698	-0.324281766391918	-0.523206251222767	0.677927411794528	0.992430543355724	-1.62034301857732	-7.10992040328847	0.380751918259136	-0.853884176037879	-0.268202681891359	0.666180817753942	0.566758138337581	0.26820268189136	0.582813711908147	-0.695608323769313
miR-30bb-3p	-0.422863124667273	2.91150030317064	3.0342181810618	0.995072842519797	-0.317051051454313	2.23161105752827	-0.208105903825458	-3.63598237979603	-3.63598237979603	-3.63598237979604	-0.0218586131416623	0.805564844440907	-0.446563869363745	0.0218586131416618	1.68043669969084	0.091086628745682
miR-30a-5p	-0.406115636779747	-0.0792307444230058	-0.210637529382208	0.285444770619424	0.596208282034564	0.151924650628544	0.351731812468278	-0.232191904787122	0.145428589588242	-0.355485967984496	0.0792307444230076	-0.362253999944347	-0.25597759611407	0.391827970686276	0.629871311603125	-0.118571282636561
miR-301c-5p	2.29661883208533	1.41190642209902	3.76360341814597	3.80125730007068	2.92740236184758	-0.684249492358775	-0.684249492358778	-0.684249492358775	-0.684249492358775	4.65399077976038	-0.684249492358778	2.88984946941199	-0.684249492358775	0.00430821219098909	-0.684249492358775	-0.00430821219098898
miR-301a-5p	0	0	-2.55351295663786e-15	-2.55351295663786e-15	0	0	-2.55351295663786e-15	0	0	-2.55351295663786e-15	1.16957048920689	4.51222422861247	3.42585115078166	3.45820274537483	0	1.85159502734227
miR-29b-2b-3p	0	4.37975266873415	3.81879900076376	-2.55351295663786e-15	0	0	-2.55351295663786e-15	0	7.42235081279882	-2.55351295663786e-15	-2.55351295663786e-15	0.628072673069047	0	-2.55351295663786e-15	4.48324515701184	1.58828416135921
miR-29b-1a/2a-3p	1.58478102739562	1.0031681370477	1.4569293585341	0.230130580159759	2.18366014925213	2.43485277862939	-1.08301542632531	-3.91109047882116	-3.91109047882116	-0.39458015848457	0.480619155351162	0.294924896100849	-1.11273917227177	-0.23013058015976	-2.35410815257348	-1.058804532793
miR-29b-1a-5p	-1.13260846685123	1.43706410667053	-2.69098206196273	0.880307891630087	0.394368331491366	0.974352900074048	-2.93871861443395	-2.80466048446153	-4.72133855448572	2.75881960927527	0.0462310101466965	-0.0462310101466965	-0.151919773460091	1.11331923095934	0.447094651636603	-0.193013119512257
miR-29a-3p	-5.18215785772213	0.610437137842346	0.566101845571946	-1.80141082187064	-1.88106545353796	0.42271975515923	0.191344670675479	1.29504644482742	0.930369647787817	-1.15767580608842	-0.625737908255731	0.0404332068132742	-0.473878794458918	-0.0404332068132742	1.1476265874029	-0.24963728701466
miR-27e-3p	1.58825210440554	-0.0032067592740983	0.746818955103477	-0.547620550319686	-1.62111815919519	0.0032067592740983	1.03078152262416	-4.0401691034961	-1.36115664225199	-0.221831575719888	-0.822133862322356	0.53433147685743	0.843064171868093	2.0024165426077	-0.559316098062228	0.47230824328742
miR-27c-1-5p	-0.0584556697552721	-0.640637852603426	0.718099209604848	-0.567045772841477	0.0584556697552721	-0.996291945996544	0.433641892017718	1.81992827273554	-2.29437447146532	-1.09602120349629	0.543585505386593	0.669043211096938	-0.192099581098921	0.134147265517005	-0.244346311747138	0.517191744100958
miR-27c-1-3p	-0.700693408099614	0.0389287312767514	0.418161672333426	-0.787687952129577	-0.321023942628715	-1.50581967497764	0.279960604587277	-0.643590898785209	-0.0720632265020438	-0.22801827314011	0.417855605235253	0.497722668459762	0.672546332658785	0.419244490358745	0.0791866389778253	-0.0389287312767497
miR-27b-5p	-0.127408574906029	0.127408574906029	-0.960164128738912	-1.42394031551984	-2.36115178861972	-4.8178593314061	0.95537455250037	-4.8178593314061	2.2038463193716	-4.15773556892328	0.582397028343872	0.890242389068066	0.224269859533723	0.681802823051711	-1.1563075599913	1.11777613877057
miR-27b-3p	0.212012760561539	-1.33303224209391	0.297236159747769	-0.371565746956826	-0.184795964966046	0.70138805561958	-0.00747115119056652	-2.21342287439221	0.366328584025794	0.173555698738562	-0.590131372683826	0.00747115119056474	-0.292760998292756	0.752064114335226	-0.805417982385686	0.0805391685928587
miR-27a-5p	-0.299516191733757	-3.60936891366503	1.03315581199738	0.299516191733757	-1.23469428974033	-4.1859906006957	1.95467284122614	-4.1859906006957	-0.765752455344743	-4.1859906006957	-0.303942460407717	0.842531656061754	0.568457762555075	1.37102889529278	1.60547365222189	1.64163134438364
miR-27a-3p_gac-miR-27b-3p_gac-miR-27e-3p	1.57578817310807	-2.19252084180011	0.724797039358545	-1.10043035744827	-4.49434937333453	1.15496392149196	-1.06647289736395	-0.897162869483096	-1.27421570440455	-4.49434937333453	0.20547671083587	-0.20547671083587	0.371458843989821	0.449009970819044	0.674083832787796	1.04034359826962
miR-27a-3p	0.213193767988741	-0.213193767988741	1.90573107246937	0.304422739903917	-0.836764495843858	-0.713738388751417	-4.69164527653965	-0.339120512731544	3.33220413900104	-4.69164527653965	-0.809597136251672	-0.402772614040994	0.975610596151248	1.31299214796652	1.09981897637794	1.9941728200815
miR-26b-3p	2.05122568338853	-2.72890760016182	-2.90120535301567	-0.446055053109202	2.37346809378443	-4.93156184553866	-4.93156184553866	2.99010570251267	1.51072202565951	-4.93156184553866	0.875166290392083	0.878248561181358	-0.574443623675482	0.446055053109203	1.36664001786193	-0.805852537588877
miR-26a-1b-3p	1.43464770546957	0.130314100479958	1.02806511251939	-3.76902257554362	1.52235298761409	-0.850903862483178	-3.76902257554362	-3.76902257554361	3.37085605307821	-3.76902257554362	1.44952489632422	-0.130314100479957	-0.496412930315882	-0.606856159175216	0.438979333846499	0.180492666549435
miR-26-5p	-0.10826666533389	-0.349198247243015	-0.341545023435378	-0.665468177236638	0.405865924855682	-0.57593957711256	0.0642413949210479	-0.130258082825637	-0.115644932070387	0.0536422362935642	0.569164554067356	-0.0536422362935625	0.160719737110183	0.757400300649092	0.473994779182332	0.221667465590855
miR-24-3p	-0.453910328376782	0.218846141574089	0.524807581488268	-0.249080314370174	0.182273209699362	-0.756282297785543	-0.114367360609203	0.936701880845252	0.921495431194213	-1.75768809749249	-0.311374453115214	-0.0519255604706412	0.610325915826364	0.0928710244700657	-0.0258461022533556	0.0258461022533574
miR-24-3-5p	0	0	-2.55351295663786e-15	-2.55351295663786e-15	0	0	7.05297247524426	0	0	-2.55351295663786e-15	-2.55351295663786e-15	1.06419161158587	0	-2.55351295663786e-15	0	0
miR-24-2-5p	-0.0676154304204832	-1.40625855083516	0.026320049709863	-2.02370977917241	-0.81883310443948	-2.83538328753265	0.549123686576336	-2.30224023768013	0.813491069263854	1.15878672956033	0.405297526899849	0.135033211002463	0.781493141738731	0.255439264132426	-0.157322484895937	-0.0263200497098621
miR-23b-2-5p	0.723733313394849	-0.46267535624826	1.01703727211045	-0.857920730381762	-2.3495943583952	0.996885829819951	-1.99833919619135	-1.38172580597658	-3.88379297546412	0.63556742458938	0.215571928444419	0.778416750491324	0.0969246915792938	-1.41354082433975	-0.0969246915792947	0.736111758951246
miR-23b-2-3p	0.703531225520676	-0.0141529495129564	0.540206701194988	-1.07989662816469	-1.06994554360574	0.782117602460868	-0.539050942494002	-1.90942607175921	0.964864102770317	-0.299995731917262	-0.240686434203843	0.0141529495129582	0.303173024659971	1.03378940647578	-0.769265479234578	0.185338514032374
miR-23a-3p_gac-miR-23b-2-3p	0.169543573492262	-1.70401657259027	-4.97910826476316	0.0169597516804156	-0.572890569560773	0.468169690847876	-0.7082967657155	-4.97910826476315	2.02712120796936	-0.0169597516804165	0.582509484179011	-2.06339857595783	0.418477594315585	-0.251933196242341	2.15891953522423	0.652209867445768
miR-23a-3p	0.849204494060476	-0.193007709235143	-0.350681836023389	-0.235167472641351	0.00875559357451117	-0.0556687349296023	0.379961728937586	0.436155212306886	-0.216935004139295	-0.021328071610343	0.0693069686974237	0.327753897168487	0.865986594273531	0.673335601144542	-0.0902533284181448	-0.00875559357451117
miR-23a-3-5p	0	0	1.64199783617924	4.63105522231583	0	0	-2.55351295663786e-15	0	0	6.13023000376024	-2.55351295663786e-15	0	4.43141088748425	4.58734254835534	0	3.68266311749369
miR-22b-5p	0.735657959003305	-0.659299943766671	-0.145602733842779	0.495686407083687	-0.0632553898971029	0.0632553898971029	0.633567101758439	-0.613993626677411	-0.493025759029152	0.496279201948282	0.553769542244501	-0.113410537898597	-0.531078146929195	1.56974113746834	0.68514100335468	-0.571664123971368
miR-22b-3p	-1.49149447835558	2.06049761027331	1.42539706073421	1.08410686222386	0.843372919570802	-1.30402539990751	-3.4013999302056	-3.40139993020559	-1.03420612938174	1.97764124710778	0.212723836448778	-3.40139993020559	-0.211981419773305	2.04529015616217	-0.630120212760254	0.211981419773305
miR-22a-5p	-0.261295551662633	-0.382443661313532	-0.589398686626727	-0.407361293154494	-0.60901100908824	0.826558951911327	-0.14396089604943	0.891343995715163	0.920624020614689	0.167375601460623	0.627538889871081	0.14396089604943	0.663807067489172	1.39182582319718	-1.00537429140509	-0.245581286206109
miR-22a-3p	-0.0659073594824253	-0.0818008766192193	0.536183230246792	1.13191743990855	-0.0968190110984697	1.1957181270275	-0.32631826721004	0.422052577184756	0.348658286799132	-0.0488535214298587	-0.0333527250971244	0.0333527250971244	-0.119561079803036	0.158377748270157	-0.87805983586229	0.340428138869877
miR-223-5p	-0.983738608690437	0.0479545232585128	-1.02862654991568	0.624888155891668	1.69294907843747	-0.366191960941135	0.0700084049300056	0.587793278352311	-1.05206248180536	-1.33987301585681	0.685815195953241	0.802681605126065	0.690800315938398	-0.565488890948012	-0.047954523258511	-0.889762652236454
miR-223-3p	0.59381142008762	-0.56113292000861	-1.05924577852	-0.489511811613333	0.884593412915958	-0.420853467488325	0.614363909349281	-0.769112113425063	-0.247511837942263	0.0274496343041637	0.937584953720162	0.97547769156189	0.949695364092964	-0.0274496343041637	0.0274496343041655	-1.31962606739585
miR-222c-5p	0.0258619500036081	2.17373152212156	0.218615107994622	1.96023631380051	-4.21643496263273	2.69878018584412	-4.21643496263273	-4.21643496263273	-4.21643496263273	-4.21643496263273	0.901886294306219	0.363164936146011	0.566669527012816	-0.283586241032083	-4.21643496263273	-0.0258619500036081
miR-222a-5p	3.4289010485805	3.61896556782152	-1.97599086145418	-1.97599086145418	-1.97599086145418	-1.97599086145418	-1.97599086145418	-1.97599086145418	-1.97599086145418	-1.97599086145418	4.19830547122125	3.31623602167707	4.01979833341782	1.97599086145418	4.39172707903151	2.26138508132886
miR-222-3p	0.404897053314151	-0.0787419009835588	-0.776258113493556	-0.056800450444447	-1.41300066731837	-0.443867818770903	-0.0916782070711193	-1.02127986792103	-0.732699926701009	0.439203916705253	0.640093624661818	0.894566768580615	0.776145395293	0.0839889052630838	0.0568004504444488	0.0920497615024942
miR-221a-5p	0	4.02076353184311	1.23248442345079	2.52502435075899	0	5.00689678259715	5.83621685310611	0	0	-2.55351295663786e-15	-2.55351295663786e-15	0	0.624330654035408	-2.55351295663786e-15	0	0
miR-221-3p	0.628643076131892	0.442954176333325	-0.967998090840798	-0.424921119171872	-1.29570830187461	-0.602828634947091	-0.618120978231337	-0.954748763387954	-2.22444558139851	-0.121876343969525	0.877798480361264	0.311996789644917	0.81118315475139	0.470516824149234	0.911037081020433	0.121876343969527
miR-21a-3p	1.67219502502882	2.43430454301383	0.89605211156013	1.33691039267874	1.4977406445524	3.44419689370224	-3.9502165451476	-3.9502165451476	-0.962481539468705	-1.45407497758421	-1.36578584545268	1.42018917207411	-1.69004984276185	-1.29460072902457	0.0975852638194121	-0.0975852638194112
miR-218a-2-5p_gac-miR-218b-5p	0	0	5.40131126222817	4.32360972099693	0	0	-2.55351295663786e-15	0	0	-2.55351295663786e-15	3.45885146234129	3.3608533518643	1.89043788769762	3.28795852781848	0	3.35498943497999
miR-218a-2-5p	-1.55618134922117	0.96709744280495	1.04740452493438	0.953555986597949	0.448887911988233	-0.108102155587281	-0.846627746202858	-3.52597768815892	-5.44265575818311	1.70702041586377	-0.489077041543267	0.768684727149457	1.66585150173349	0.108102155587281	-3.15436958603386	-0.672324154915909
miR-2188-5p	-0.213300562539098	-1.38088706935883	-0.988603191358287	-0.599610751279823	-0.268758772577018	1.25847992461841	-0.0914366699392808	-0.795687040281184	0.345468636801034	0.38110155584053	1.92824344900167	0.0914366699392826	-0.658178982852938	1.56434396809353	2.74779773178519	0.5771012294072
miR-2188-3p	-0.590790118361566	-0.63903848184694	-0.0225616635478154	1.71837302460989	0.517579406206796	0.0105854083033741	-0.0105854083033758	0.625264936294418	-0.106322064185855	-0.168705413513472	1.40449718728644	-0.786482592154853	-1.64541033474553	0.418665090210679	1.52469827934093	0.937519282640316
miR-2184-5p	-0.6993111356627	4.73005594592791	3.03840063074817	-0.699311135662703	-0.6993111356627	-0.6993111356627	-0.699311135662703	-0.6993111356627	-0.6993111356627	1.93805881937716	4.19488989906035	0.6993111356627	4.26987374017838	3.61985994171726	-0.6993111356627	2.30504697748381
miR-217a-5p_gac-miR-217b-5p	0	0	3.21584830069299	-2.55351295663786e-15	0	0	-2.55351295663786e-15	0	0	-2.55351295663786e-15	1.80689910460947	0	1.05865657064248	-2.55351295663786e-15	0	0
miR-217a-5p	-4.02868697701356	-0.177656320883595	1.24899871803847	-4.02868697701356	1.96803499016765	-1.46334602418615	-4.02868697701356	0.507628118252252	-1.31811274430608	2.58449745188467	-2.85911648780667	1.11562186841075	-0.602835826231891	0.989196474997147	1.42194046917905	0.177656320883594
miR-214a-5p	0	0	3.79895044575202	-2.55351295663786e-15	0	0	-2.55351295663786e-15	0	0	-2.55351295663786e-15	3.61412376665437	4.24803877250208	2.68143908776629	1.78520985167515	0	0
miR-214a-3p	0.220038139586372	-2.27109924800902	-0.587671904138292	-0.140667262235281	-2.17902297989329	1.21282888952876	-0.684380401203471	0.140667262235281	-0.197231237411746	2.18148395911574	1.30903268609299	0.476614994831962	1.62374901923526	1.84373050404869	-0.648533465570063	-0.345301940430423
miR-212a-5p	-1.00812774515884	1.10912972511665	0.355409159312825	-0.98182229451896	-0.862183424985442	-0.28219885640276	-0.488312926251386	1.17745296245403	-2.75775664203255	-1.52583167735028	1.1352182791716	-0.412067406893317	1.0370722353179	0.28219885640276	0.609722132069446	0.754962873633042
miR-212-3p	0	4.24916262344844	-2.55351295663786e-15	-2.55351295663786e-15	2.45670754278638	0	6.45348290422622	0	0	-2.55351295663786e-15	-2.55351295663786e-15	0	0	2.34420639034342	0	0
miR-210-5p	-0.314800533419596	-0.159117311174057	0.538097979358646	0.23920024933911	0.337125686013064	-0.290425244851443	0.81347315285227	-2.91524834408704	0.162591388814441	-1.04967126738155	-0.410710527043955	-0.299303571247185	0.134180908903927	0.572701639626498	0.779867440261436	-0.134180908903925
miR-210-3p	-3.43981261765222	-0.223854316206754	-2.32461273809541	-1.28051714325305	0.111952913382873	-6.65293187278098	-3.59608616257897	-6.65293187278098	0.569628525299372	0.411756607246116	1.14247242339442	0.466125794951274	0.670795488494829	1.08347010067816	1.9307088928472	-0.111952913382874
miR-21-5p	-0.0335945644066484	0.279990093911028	-0.125651872386197	0.0204978845359491	0.396345492656945	-0.625528888735253	-0.37161063309131	-0.713722602373485	-0.679759177979317	-0.294696274567363	0.0516333583520208	0.117596042257194	-0.0204978845359509	0.0984149577880444	0.0959431763737868	0.101591327646744
miR-20a-5p	-0.264522389447199	0.465956748536524	0.951241502082821	0.372852396424906	0.426514976157059	0.420843300727655	-0.13053573101693	-5.80381888000833	-2.81608387432944	-1.1388148366631	0.0659185663290129	-0.0659185663290138	0.386379112906621	-0.191635476207935	1.84769839581802	-0.0874392162877795
miR-206-1-3p	2.14074515748731	-1.75707009288468	-2.48584772632892	0.687673519744664	-1.08978721426117	1.05032206426903	-0.514076073665294	1.8430560043069	0.31324950627676	-0.599337893335406	0.522190035927883	0.199225398913917	-0.376164622044485	1.11965959190061	-1.95997119424715	-0.199225398913919
miR-205-1-5p	1.14030491091494	-0.0366565671954717	-0.317950709424833	-0.520008102738776	-0.0720143289494022	0.0366565671954717	0.212334322180004	-0.660911900524932	0.712255478658967	0.544923307125011	-2.14530214326215	2.59460894750383	1.67797006857355	-0.654367721621572	-1.06938540217323	0.923997890103879
miR-204-2b-3p	0.117278273595876	-0.590949158425701	0.0506705125353371	0.749162153907994	0.0631590296089071	-1.03310257825222	-2.63192028430909	-4.85248429220781	2.35662070115193	0.262409666592535	0.504445096492245	0.928990725997611	-0.744389426422766	-3.06727444053267	-0.804682483240804	-0.0506705125353362
miR-204-1/2b-5p	1.05935911547	-1.39351011038218	0.695210720452421	0.530488765584765	-0.420027092481472	1.23515709941565	-0.18731742444729	1.21345727094512	-0.296295051284202	0.18731742444729	0.667337417971989	0.722400424349944	-1.20675874519802	-0.626049157578676	-0.674243851333964	-0.41917066910511
miR-200b-5p	5.03188981277723	0	-2.55351295663786e-15	-2.55351295663786e-15	0	0	-2.55351295663786e-15	0	0	-2.55351295663786e-15	4.30317488335625	4.11810788597113	5.46987419125442	3.43118751873596	0	3.89216897775416
miR-200b-3p	1.60841185429205	-0.0087681634069412	-0.332172537699366	-0.941405033941436	0.392923971095971	-0.513294990530664	0.0087681634069412	1.50349141044741	1.60175597971195	-0.348066416717126	-2.0086791565698	1.17006134892477	2.40295374545525	-0.976057025069192	-0.466601640882242	0.227127943392771
miR-200a-3p	2.39493838795605	-0.630915093796341	0.837621114303538	-0.202325226303625	-1.30097137632655	-2.95833676599425	-1.1824967396952	0.739953145457282	-0.731849320975109	0.0764977856729496	-0.762279147988137	1.2110743305478	2.49728222723913	-0.0764977856729487	1.82429264083869	1.24059895937044
miR-19b-3p	-4.00067922708548	1.25549998503794	-0.0243923670047188	1.10390785120044	2.60833414301421	-0.399286206348009	-2.42291236105397	1.72513238235452	-0.715974282828354	-5.25098741354983	0.679122203575462	-0.0845960196047999	-0.496539050299051	0.0908118029224836	2.35810076694978	0.0243923670047197
miR-19b-2-5p	4.19539863393172	4.28005498146198	-0.570110907328148	3.57111015165278	-0.570110907328145	-0.570110907328145	-0.570110907328148	-0.570110907328145	-0.570110907328145	4.59230421634994	-0.570110907328148	0.828511363997255	2.22824039922125	2.08550490879488	-0.570110907328145	0.570110907328145
miR-19a-1-3p	-3.40985240710279	0.473561303620511	2.50170847791095	1.96256232242514	0.201799447103567	-3.40985240710279	-3.4098524071028	-3.40985240710279	-3.40985240710279	-3.4098524071028	0.0489990552384927	-0.0489990552384927	0.652214784804596	-2.54943622227465	1.83447037911314	0.682297617620594
miR-199-5p	0.110631916349721	-1.62589035228278	0.123307001298464	-0.376040654116119	-0.913656401977553	2.4365285993233	-0.0979452503732308	-5.42031264852127	-0.430673206236033	1.64092706351865	1.20279947322335	-0.0754898288297152	1.93271328582095	2.02292209302283	-0.384493540459784	0.0754898288297134
miR-199-3p	0.0904410729266409	-1.67310653488276	-0.21324879559997	-0.0540280270668614	-0.535756046929198	1.51268716647186	-0.304004906617292	-0.519654897174931	0.0419967526286165	1.23681360658463	0.985612611487678	0.345738521054507	1.57687890584497	1.48004975496863	-0.810307295258003	-0.0419967526286165
miR-196d-5p	1.63659327018071	-1.95213681745377	-1.29362977478485	2.53336997497568	3.70281055784235	0.145237712844307	-0.801413370062005	-1.95213681745377	-1.95213681745377	-1.95213681745378	-0.145237712844306	0.855318767931172	1.73860436637485	2.2600109070416	-1.95213681745377	2.58868142519054
miR-196d-3p	0.483185968116531	-3.10554411951796	-3.10554411951796	2.26687061000997	-3.10554411951796	-3.10554411951796	-0.277469067022107	-3.10554411951796	0.490394233879576	0.410966200818636	1.10330556504365	1.8487658425011	-0.424105031751663	1.69734935632799	-3.10554411951796	0.277469067022107
miR-196a-5p	2.20280132727013	-2.44420851231939	0.124704849043733	0.295893383541478	-0.291581884606162	1.79388434009469	-0.10754400898529	-5.88077789289176	-0.0266657914529889	0.644261346538393	0.646067847915148	-0.926467930872706	0.0266657914529889	0.716582440149653	-2.74828169477787	-0.284940161486089
miR-194a-5p	-3.41043791464445	-1.65306171949091	-0.10250999200139	0.10250999200139	1.33597586607242	-2.5633715708107	-4.66074610110879	-4.66074610110878	0.438335638124943	-4.66074610110879	-0.106768271640417	1.41715638204892	0.538482623116558	0.183695165591789	1.92686634192319	0.722625648390236
miR-193a-2-5p	2.05933932247679	-5.85585887868562	-0.382293379055856	0.512031583420691	-6.07468256864501	0.583794910578511	-3.017836858443	0.500749595870645	-6.07468256864501	0.730373442826802	0.782665744522632	-1.43071363641564	-0.116095318917457	2.46399841424728	-1.47129185982952	0.116095318917457
miR-191-5p	0.91261293092173	0.125873242812816	0.555357091280934	0.388255276940846	0.622194404411884	1.77635683940025e-15	-1.77635683940025e-15	0.416748594126464	-0.284350129168745	-0.379406189585882	-0.64285160411079	0.0829053420614638	-0.517749683461217	-0.666705710567356	-0.643427066455667	-0.29298407846699
miR-18c-5p	1.41296805396358	-0.0319982670475252	2.17282903362989	2.95088944005761	-4.03813070761832	-4.03813070761832	-2.88740726022656	-4.03813070761832	-4.03813070761832	-4.03813070761833	0.170718976943281	0.783321730082172	-0.0236081853735346	0.0236081853735355	1.59295716084088	0.732200895648877
miR-18a/b-5p	-2.3409026149965	3.53320760327328	2.80941676190195	-2.3409026149965	-0.642767549180014	-0.243528084698419	-1.19017916760473	-2.3409026149965	-2.3409026149965	3.05811430840097	0.243528084698419	1.29780586006716	-0.678249608280852	1.38521249824089	2.74742628678616	0.42888053772225
miR-184-3p	1.42000602358831	1.04627104202448	-0.648435035256023	0.410818957372828	0.290434247713034	0.672505038996591	0.0168800151873274	-4.40179594993448	-2.0144412924609	-1.83873279359657	-2.04805297161644	0.607693040313792	1.52279773118459	-2.19913355019302	-2.29624338923759	-0.0168800151873274
miR-183-5p	-2.19510415614805	1.14163198012938	-0.374212991239411	1.4849740814094	0.283325258377058	1.62260049195279	0.581504746512342	-0.762463886076537	1.87128932121115	-1.3178690868779	-0.125026555093098	-0.163653441671331	-1.9792809668676	0.125026555093098	-0.604704361473908	0.802694953326124
miR-182b-5p	0.91857038244392	0.374285941835654	-3.77188037405615	0.991375719054025	-0.16022851984979	2.45278180667983	-3.77188037405615	-3.77188037405615	-0.0193353497483812	0.560627062648239	0.856863851980498	0.0997143017494011	-1.21766992134859	-0.0909204753947468	-3.77188037405615	0.0193353497483821
miR-182a-5p_gac-miR-182b-5p	-1.39532870293124	-0.0884489671957398	3.20938016272866	0.360804636382337	1.06137883985514	-1.39532870293124	-1.39532870293124	-1.39532870293124	-1.39532870293124	-1.39532870293124	1.46210214970683	0.0032935683941604	-0.0032935683941604	0.696285813995376	2.47223591499935	0.930584467972002
miR-182a-5p	-2.96506683684042	2.83039290925311	2.70017120336288	1.79818925626976	-2.96506683684042	3.6934106423831	2.48478571467331	-2.96506683684042	-1.04938888901519	-2.96506683684042	-2.96506683684042	-0.696484934574385	-1.07462894914279	1.3092056077388	0.696484934574386	1.67198054686414
miR-181b-3-3p	0	2.91673879762915	-2.55351295663786e-15	-2.55351295663786e-15	0	0	-2.55351295663786e-15	0	0	3.27847141393469	3.0868997517052	0	1.05865657064248	2.60816163412386	0	1.38157804287794
miR-181b-2/3-5p_gac-miR-181c-5p	0.479596554600779	-0.72421677756796	0.450057268514405	0.337240529579596	-0.0117102782767606	0.0606121211348079	0.263470924686885	-2.38597901489452	-0.1147588506883	0.0117102782767589	-0.192535556224593	-0.0370050611886015	-0.0894874006621897	0.0219732657776621	-0.0621091147657395	0.259875418645819
miR-181b-1-5p	0.626682065424039	0.107529034693554	0.845927913826729	-1.46128418334047	1.37962863364951	1.3082830037091	0.594281788580945	-6.56103469441766	-0.18946075694998	-1.76973966060608	-0.517269088245789	0.207265992838479	-0.107529034693554	-0.383880824868616	0.316005784865462	-0.42272675589213
miR-181a-5p	-0.153857309830766	-0.295723896495744	0.308588837018815	-0.64894899982049	-0.225080377368032	0.189497441085626	-0.142486533736836	-0.830529075279822	0.475080504023797	0.531840016324422	-0.0450915408959869	-0.262558874737971	0.182919592694805	0.574139665088394	0.178228700324638	0.0450915408959887
miR-181a-2-3p_gac-miR-181a-3-3p	-0.104633527243125	0.583652181734763	0.597791242795193	0.782580589236909	0.104633527243124	0.460690799541553	0.294982345555677	0.508551896590612	-0.326472295066415	0.174223343917797	-0.273296624906086	-0.21128540533261	-0.417969627873452	-0.718716813591673	-0.548556951017826	-0.257117237985325
miR-181a-1-3p	2.17965871761934	0.847292026108633	-0.417989845497385	-1.92849571887342	-4.95241587172432	-4.95241587172432	-0.775811584190892	0.638065207013232	-2.58522207090046	-4.95241587172432	-0.649240988368068	0.417989845497385	0.967984678446873	0.689526584370663	1.74727462448819	1.17350773186197
miR-17a-5p	-4.21810854610614	0.810516848685379	1.75899742643193	0.449203424349059	1.38315032842838	0.227274721989294	-5.46841673257048	-5.46841673257048	-3.10122293174662	-2.18994531863578	1.15300338257847	-2.55270704376515	-0.227274721989294	0.406896696970619	1.8383975429826	-1.74134772402876
miR-16c-5p	-0.883465372946549	0.38576631930081	0.254863523278138	0.154420347953151	1.21211085062577	-2.07351635263093	0.649486073920542	-0.000436188405844362	-0.39867688987017	0.000436188405842586	0.0185773139476133	-0.359951377626462	-0.0444389282277857	-0.0444389282277893	0.244514575921441	-0.150009306474686
miR-16a-5p_gac-miR-16c-5p	-0.766447409076063	0.676666261552072	0.122758168979393	0.198903918035542	0.992714785179105	-0.730487114064953	-0.0949239985963395	-1.15546390280175	0.231182888180715	-0.4400854120854	0.278681777212579	-0.363352181637364	0.0949239985963377	-0.102566827794687	0.289135877209015	-0.402285330151544
miR-16a-5p	-0.866057577467411	0.171945855645143	0.472468801701977	-0.210930996126002	0.921002903979254	0.631769909190723	-0.0153478411122023	0.108496589464306	-0.252125610650157	-0.655576860122393	0.0186672713214939	0.283605278730036	0.0153478411122023	-0.0764100888829962	-0.0965382250926794	-0.471591129859604
miR-15c-5p	-0.51117426596441	-0.0363576705888189	-0.140606485266837	0.236543063191519	0.585012532040324	-0.580662305283743	0.482073196130084	-0.977751347848747	-0.0317790413687007	0.510560578580579	0.316400090046415	-0.326624983506353	0.0317790413687025	0.556860771455019	0.846640886014706	-0.630690416626898
miR-15b-1-5p	-1.07362138883454	-0.0169667497163291	0.185567487039833	-0.833046417261482	0.795703616451022	0.0169667497163282	-1.70824235532799	-6.56949289505132	0.887423070860617	-1.77819786123974	0.760789763055998	0.0546710629223375	-0.358054478890407	0.641995749613794	2.26800479480693	-0.489910337564977
miR-15a-2-5p	-0.39521989480483	0.414399517372503	-0.237671207982164	0.134089734990109	0.534576753951542	-1.42662999661407	0.148665213802367	-0.639465179338073	-0.310293110633237	-0.103322206721517	0.266505033996177	-0.632440452327339	-0.288391890358502	0.103322206721517	1.46970631321255	0.191438050595156
miR-155-5p	-0.637550221532249	0.989091082743013	0.293892644550098	0.384961454486504	0.169802956665549	-1.92487972444143	0.392377754271514	-0.923487006358121	-0.284964285934413	0.297011174865974	0.748076732943071	-0.326775784777046	0.335175730174081	-0.169802956665547	-0.29157044508004	-0.564607468850662
miR-152a-5p	-0.0860263501139604	0.43896279227548	-1.2604397154929	0.0860263501139613	-0.327475495779993	2.11079281487781	-5.44318238175708	-1.5481090327967	-0.465810058738494	-0.428301279116187	0.118435367185085	0.408114186820869	1.32895526227271	1.49367619091986	-0.728887027603795	0.570708836720459
miR-152a-3p	-0.0401625470145568	-0.372339877031643	-0.435504331569628	0.0401625470145568	0.444616714521416	2.46550218795952	-1.62747763004342	-5.98671993044037	-1.63548916108266	0.855287933336596	-0.503528073739183	-0.454514801028349	0.749230246973414	0.408811160275595	0.238445908900188	0.900860618250433
miR-150-5p	0.0193822365718788	-0.019382236571877	-0.603983752724016	-1.30792887570205	-1.0541873330937	-2.39863398019709	0.176673590175758	-1.73854015911917	1.69578593201745	0.730647842409809	-1.09338284147556	-0.961846996351101	0.0883925835527322	1.05530253966807	1.5747137759324	1.4129577165483
miR-150-3p	0.457230252818834	0.34787346315809	0.607023382054782	-0.109824204369093	-1.22904390467889	-5.7804444953274	-5.7804444953274	-5.7804444953274	-2.7927094896485	0.947741202920447	0.149665121797887	-0.118227475945621	-1.27838006426045	0.109824204369093	1.21112875377689	1.24686470582941
miR-148a-3p	-1.22329018350997	-0.916202337685801	0.0791919606002942	-1.33773632473754	-1.75648904254935	0.600982447777252	-2.87367121101846	-2.17996080226223	-0.683270643455842	0.0767231244805782	0.826723841559206	0.125636679906714	0.787043017413305	-0.0767231244805782	0.8311989333555	0.21225428081485
miR-146a-5p	-0.431972381569608	0.795166766176459	0.220270002537674	1.22463591002996	0.037295247663236	0.55860263120865	-0.909514184185728	-0.0285675868337627	-0.0254553708376584	-0.0040454374478518	-0.339595171724858	0.00404543744785357	0.147771414117546	-0.295804872235482	-1.70203437546196	0.277776219596527
miR-146a-3p	0	0	-2.55351295663786e-15	-2.55351295663786e-15	0	0	-2.55351295663786e-15	0	5.6301123644799	-2.55351295663786e-15	-2.55351295663786e-15	0	2.55421045270756	0.688557704549764	2.28828617214925	2.48951849506627
miR-145-5p	0.117323803517429	0.0131084939037462	0.124045400022736	-1.93567049741472	-0.920836385792919	0.135681233671565	-1.0256434415335	-0.452153096299429	1.52549913784622	1.28300988964031	0.550737835233106	0.980670375992085	-1.72974171468382	-0.306893753151699	-1.06783872206569	-0.0131084939037462
miR-145-3p	0.802805234082355	0.110801238072748	0.691886733963497	-0.259156029261276	-6.7346119529347	1.91311445980568	-0.110801238072748	-1.14413087419714	1.17741973774988	1.03358295069855	-2.0347858687643	0.131378316535094	-1.05206452289151	-0.244422823042067	-2.13122124411921	1.28827040395754
miR-144-5p	-1.49174957859386	-0.400664368303218	0.0083769711308026	1.82863865520192	0.237672374114215	-0.0083769711308026	-1.41203226961195	0.0857957073611768	0.507464686342777	-1.49269272347683	0.784692289776826	-1.17186499013341	-1.31957750720471	-0.50686036997112	1.01679745018892	0.200753140900149
miR-144-3p	-3.23407205398429	1.52303635893062	1.61379793654791	0.141513767662419	-1.98328085592106	1.53816030499487	-5.59493271012742	-1.05861761486161	-0.330610438434276	-1.06834484953531	1.74650770731938	-0.473049679787227	0.190344432133765	-0.14151376766242	3.0529924618461	1.027647414219
miR-143-3p	-0.494634082517793	0.346898849362445	0.337232718173281	0.263551781365594	-1.49592112841145	0.760053451785069	-0.588872290192134	0.780480749988383	-0.00516797471118302	0.00516797471118124	-0.688832133594415	0.589543250828372	-0.855451667651224	-1.04712154281937	-1.30448669579426	1.00002219580607
miR-142-5p	-2.20910029500434	1.53033970329952	0.340192174222425	0.156566341011128	0.0808594634926862	-2.27498674518565	0.918117169309133	-4.59094666702654	0.515760542665081	0.333183218222837	-0.69177803759278	-1.29502715480873	-0.080859463492688	-1.27053780488376	0.916817418161372	-0.782983528550085
miR-142-3p	-2.73188883469321	1.6253281932755	-2.05502597566436	-0.00170264906160611	-0.887962564449431	0.753660331012052	1.4085905075706	-6.47715857273503	-1.43764845761418	0.00170264906160611	0.929474767134011	-0.0584232115586767	0.642626551435477	-1.12092540004612	2.39663298888856	0.151286379043351
miR-140-5p	-1.95852974264803	-1.95852974264803	1.99205143737179	0.566494608110954	4.03819222453317	4.23414933546685	-1.95852974264804	-1.95852974264803	2.29121286375952	-1.95852974264804	3.21077480520202	-0.894338131062161	-0.566494608110955	5.33211995753997	-1.95852974264803	1.70140713218414
miR-140-3p	-3.39777665312686	0.058911062343256	-0.0677555273686963	0.256687964301662	0.0550531485550749	0.367905237621516	-0.430068986371609	-0.458782161879432	-0.0550531485550767	0.187951725066506	0.502686994288073	-0.698684797856838	-1.11048027732053	2.21981244006512	1.308651524061	-0.409446084311254
miR-139-5p	1.57948693696765	0.257685145989502	0.282530493152667	-0.920125631326292	0.812064039714055	-0.246828976629695	0.274039742991004	-1.05433199141602	-4.40552463772448	0.472978158158954	-0.564301963995317	1.54880122579761	0.201688929476269	-0.670944631981053	-0.901812572413281	-0.20168892947627
miR-138bb-3p	0	0	-2.55351295663786e-15	-2.55351295663786e-15	0	6.25595160049832	-2.55351295663786e-15	0	0	-2.55351295663786e-15	-2.55351295663786e-15	0	0	-2.55351295663786e-15	0	0
miR-1388-5p	-5.453623118804	1.30498277140679	-0.469135757763989	2.16100641993032	0.324467085927978	0.413970318520304	1.29002548638901	-2.74189603704386	1.68625550981782	1.17656204156532	-1.24477343424239	-0.244055487234052	0.244055487234051	-0.373546664864397	-0.739327764650714	-0.25500757522911
miR-1388-3p	0.668672650713683	0.475813251243483	0.926048133183428	1.09325408890644	0.173945061005456	-1.29842681570408	0.410517599708852	-0.483320273731605	-0.306287067523877	-0.0716063341833877	-1.78710098920972	-0.478818354391361	-0.264398671499972	-0.303597537598312	1.3526389021476	0.0716063341833859
miR-135a-1-5p	0	0	-2.55351295663786e-15	-2.55351295663786e-15	0	0	-2.55351295663786e-15	0	0	-2.55351295663786e-15	1.16957048920689	0	0	4.76011359078058	0	1.92967028321016
miR-133b-3p	-2.64393490080783	-2.64393490080783	1.68438423387774	-2.64393490080783	-2.64393490080783	2.50307219182483	-2.64393490080783	-2.64393490080783	-2.64393490080783	3.8442809277303	2.66832592814198	1.42812539829328	0.154416405741565	3.7585673512368	1.70824270522786	-0.154416405741565
miR-133a-5p	0.680826027996824	-0.52150384957529	-2.81549917080245	0.362210101978516	-5.90632354307093	1.00889160540592	0.93267155080847	1.66152488567091	1.63891137145112	0.0187851237121457	-0.73701899522088	-0.977624292579971	-0.208644937032884	2.15698997989053	-4.34934121682325	-0.0187851237121466
miR-133a-3p_gac-miR-133b-3p	0.0470914636522566	-3.36602279199398	-3.36602279199398	-3.36602279199398	-0.0470914636522566	0.754702023070304	-3.36602279199398	-3.36602279199398	-3.36602279199398	-3.36602279199398	3.03848801823291	1.96582300179116	0.130748109473505	4.31125009392136	0.986154814041714	0.87135315078906
miR-133a-3p	-0.167994248749721	-3.67266536688992	-2.52026204918363	-0.119825295487486	-0.95944854195676	0.772242611761278	-0.620354557263109	1.47538234304369	-0.370164938630344	1.2495772969403	1.64594127549096	0.843149637616808	0.174378901052926	3.41258161471464	-0.818005024572271	0.119825295487484
miR-132a-5p	0	0	3.53666047007931	-2.55351295663786e-15	0	0	-2.55351295663786e-15	0	0	-2.55351295663786e-15	-2.55351295663786e-15	0	0	-2.55351295663786e-15	0	0
miR-132-3p	0.0540936556747864	0.756192752569214	0.161229278741814	-0.417159826916101	-0.0540936556747873	-6.59383110334934	2.06760291338124	-6.59383110334934	-0.246618843265916	-6.59383110334934	0.232084823188443	-2.61852452147429	0.537144406925122	-0.0776996220204724	1.01525707715026	0.374582815427643
miR-130c-3p	1.89714607862819	-2.71412547335338	3.48930425777115	-0.957992134039802	1.692092221849	-2.71412547335338	3.37575103969488	-2.71412547335338	-2.71412547335338	-2.71412547335338	-0.12969477365846	0.924583001710277	0.782645428114105	-0.0125667934725127	2.19927436389091	0.0125667934725131
miR-130c-2-5p	2.29903200031326	1.92685020662552	1.01645133412726	1.68856922970027	2.00497318293107	-0.715382550787889	-1.97870078948816	-1.31341591625336	-4.53476426474348	0.673656503798617	-2.72786516013401	1.50775695961243	-0.382064901811654	-1.34010670489327	0.179531089409805	-0.179531089409805
miR-130b-5p	0.944930077246701	0.718416299352514	0.00167641309391442	-0.00167641309391442	0.484027181439702	0.0530949312926676	-0.18477197581266	1.96339898064758	0.179685753874908	-0.13895847950813	-1.27270245521431	0.628813771141266	-0.893133436299504	-0.781309652607147	-0.931278426545553	-1.06178191140576
miR-130b-3p	-3.24324225407246	2.10724032369	1.32675313999818	0.444890947523064	-0.786534711286079	3.67197289440439	-1.02267824617374	1.60251227164529	3.30969588466057	-3.24324225407246	-3.24324225407246	2.18313720944427	-0.444890947523064	-1.54600422798223	1.24000290293938	-1.10188932809062
miR-129-1b/2-3p	0.785906344268559	-3.97960319699131	-3.97960319699131	-0.955683044140412	-0.367951342784951	1.41241326074004	-3.97960319699131	4.35561358973264	-1.26902896428383	1.63975431062522	0.229246487570294	1.35224259679383	-2.58756806245423	0.167623765736264	1.26471958922462	-0.167623765736264
miR-129-1a/2-5p	-0.219532778787674	0.219532778787674	3.36737208939468	1.26448078524857	-2.12943823063768	4.43219378607969	-2.12943823063769	-2.12943823063768	-2.12943823063768	3.05616309013127	1.15539127130632	0.678017354747262	-2.12943823063768	-1.63601531898344	-2.12943823063768	1.36052431251185
miR-129-1a-3p_gac-miR-129-1b/2-3p	0	0	4.25736631290877	-2.55351295663786e-15	0	0	1.78261994005177	0	0	4.24692209943515	-2.55351295663786e-15	0	3.00709522144049	-2.55351295663786e-15	0	2.43701817728392
miR-128-2-3p	0.154558114743079	0.0413045074480802	-0.0780408022070542	0.226121747459398	0.37595252732687	-0.301927952956449	0.258471672988575	0.00575808766099151	-0.0383260934646952	-0.078457903173998	0.122742397160634	-0.404580960554808	-0.624936001290516	-0.00575808766099151	0.397326070621649	-0.281887827687417
miR-126b-5p	-0.30592611056057	-1.04879169042927	0.180871236096586	0.0955164960346053	-0.560615744791809	0.852210825269529	0.492199633548589	-8.87131279942278	-0.17243402213769	0.132437418023169	-0.0955164960346035	1.50216407514582	0.141322051258012	-0.288235410330245	-0.623333646230366	0.927427084762105
miR-126b-3p	-0.492402732690522	-0.290638530175253	0.156738086625086	0.43773150345015	-0.558990753000165	0.382053361639173	-0.19343921945419	-0.481148786160031	-0.134677760869888	0.478466217572755	0.134677760869886	1.35964456687695	0.341537510221096	-0.379766337844144	-0.556226968865527	1.14191933205241
miR-125b-2/3-5p	0.329464303168567	-1.83379195026785	-0.579534048746618	-0.47274559770714	-1.50949294295548	1.37637676588175	-0.613568336834481	-0.180006613432392	0.482580414393507	1.31475463937921	0.180006613432392	0.277867096570425	0.50423613670722	1.73492653414198	-1.4958765692895	-0.726402451806489
miR-125b-2-3p	1.17692198550739	-1.73442631404019	0.0102736651923774	-0.609268890992083	-2.71939130596595	-0.0102736651923765	1.58426136715488	2.6952580829066	0.132525950023406	0.997768074269738	-0.154225019126329	0.160543764189018	-0.366562978962579	-0.0588594831744915	-0.776951350227752	0.269601021514107
miR-125a-5p	0.0968283906014058	-0.0968283906014058	-0.546719641304149	-0.183959105240804	-0.343212205609614	0.608075582888409	0.280554073322566	0.451363199230169	0.667199436277565	1.42718924349976	-0.114546457306961	-0.162051789350896	-0.191224728010091	0.81553999333817	0.659813493396092	-0.417967384539521
miR-125a-1-3p	-4.0190097571392	-0.217958760690048	2.43024816549876	0.612045465176635	2.37430447067877	2.38395330170395	2.6744935076544	-4.0190097571392	-4.0190097571392	-4.0190097571392	-1.77158605030643	-0.0946273787026302	-0.104552163720381	0.0946273787026293	1.06931914464346	1.23376656087142
miR-124-3p	0	3.56190821365337	-2.55351295663786e-15	-2.55351295663786e-15	0	0	-2.55351295663786e-15	0	0	4.48980446350373	-2.55351295663786e-15	0.628072673069047	1.05865657064248	2.78927527471911	1.55698232624768	1.00249196218373
miR-122-5p	4.42526778510229	-0.712878816721839	0.0256723730620916	-0.200877877007303	2.2720154973787	0.901347656470827	1.9822782360017	0.435507382616573	2.6448858961567	-0.920054050292704	-3.73283641526988	-2.68009056205863	-0.0256723730620916	-0.310099232214247	-0.686742717718882	4.73105248712995
miR-122-3p	0	0	1.72848363914509	-2.55351295663786e-15	5.4479571897	0	-2.55351295663786e-15	0	0	-2.55351295663786e-15	-2.55351295663786e-15	0	0	2.74608352635852	0	4.42428620849245
miR-10c-5p	1.86234506962849	-0.79675299128909	-0.0116565372456092	0.657852477273828	0.0116565372456101	2.28224052491709	2.04155967332345	2.63277857108544	1.06771827125315	0.600718911915818	-0.397257627090787	-0.410592781119876	-1.04032895403136	-0.10230374831509	-0.651666077052568	-0.691760069622786
miR-10b-5p	-0.516014391866113	-0.41318509506425	0.519027501401743	1.52302688600226	0.101288969130611	1.86684172052187	0.194733096671506	1.23988333427231	0.723018117485077	-0.101288969130612	-0.135178559744686	0.188295037762746	-0.330440983895084	-0.443853372064675	-2.34625820185984	-0.772258812381466
miR-10545-5p	0	5.64303379250857	-2.55351295663786e-15	-2.55351295663786e-15	0	0	-2.55351295663786e-15	0	0	-2.55351295663786e-15	-2.55351295663786e-15	0	1.39203513453708	-2.55351295663786e-15	0	0
miR-103a-5p	0	3.06527821892367	-2.55351295663786e-15	-2.55351295663786e-15	0	0	-2.55351295663786e-15	0	0	-2.55351295663786e-15	-2.55351295663786e-15	0	0	-2.55351295663786e-15	0	0
miR-103-3p	-0.914653300633454	1.20446838472546	-0.653393690987677	0.446064144633327	0.615211659918835	-0.254605606480814	0.922715878218954	-0.406051975597872	-0.447537349589529	-0.794232995857316	0.376200874065121	0.0716313133806725	0.21119796618572	-0.250747235987154	1.38158344863618	-0.0716313133806725
miR-101b-5p	1.02292704086222	0.128321110387158	-1.48803812528041	-1.25995770781089	-0.299908119178782	-2.6509825833985	-3.38296655747345	-7.23324314883513	-1.86841844472283	1.47071727866811	0.925992235091184	0.00527825263965997	-0.00527825263965997	1.21400986926759	2.34851615953111	0.581643191547012
miR-101b-3p	-3.99597096654281	2.29508348498616	2.03526059477494	0.767285126567364	-3.99597096654281	-3.99597096654281	-0.0285234152505698	-3.99597096654281	-3.99597096654281	1.94284857321038	-0.71114146459881	0.0285234152505707	0.156728396389016	-1.54032392993771	3.10170746757724	1.61771603432294
miR-101a-3p	-1.45229783909484	0.897553335691175	-1.05571790538394	0.721863203344462	0.544571479620309	-0.0787685494023496	1.00380583752916	-0.0779852104800831	0.0779852104800831	-0.333667364137728	0.5217945132369	-0.856158989224435	-0.78391649452268	-0.653648681860631	1.8763882688322	0.738360970237663
miR-100-2-5p	-0.191846024253371	-1.399440806329	-0.443567910776684	0.774808007195968	-0.125144972403541	1.70801768543959	-0.161747893469563	0.936000261726347	0.629696483153184	0.277741908440396	-0.00354204074511166	0.00354204074510989	0.0952071816304816	0.553155093933599	-2.26308814580034	-0.452521961144249
miR-1-3p	0.215168953804614	-2.11872802046094	-0.6570589625348	1.08421553835473	-0.128184133500367	1.35947112644198	-0.6348291397757	1.82728196733256	0.893310442570396	-0.342043073811947	0.560151420320301	0.128184133500367	-0.305419769620825	0.642170967986122	-3.13185356850737	-0.213688123530112
let-7j-5p	0.0341331971813101	1.07928867446507	0.721039316812348	0.685350991511054	0.176189447391861	-0.220394655048013	0.220131657046581	-0.571023627469655	0.416511770631697	-0.597740837686128	-0.0341331971813084	-0.678467328119652	-0.309971790537148	-0.673849198393588	-0.0798567154519834	0.0900314179009989
let-7j-3p	-1.84751076094449	1.0878376472765	1.98022462591716	0.834572464419782	2.68027125732315	-3.09781894740883	-3.09781894740883	-3.09781894740883	-3.09781894740883	-1.36625652172269	-0.010919195703631	-0.829237045142798	1.09814711201904	0.583140951252574	0.034677250705061	0.0109191957036314
let-7i-5p	-1.10786108892605	0.0545026868444918	0.130982519728727	-0.353251216746592	-0.119956044230923	0.587157319657495	-0.750771174978818	0.563322416911072	0.471435762323553	0.17187272690237	-0.144403132497818	-0.108353683301926	-0.0545026868444918	0.232087165943305	-0.568208530679255	0.0678400747239323
let-7h-1-5p	0.250583861810068	0.728187053630114	0.0478994996315603	0.402867376447437	0.957445651853625	-0.628945265896576	0.268875259639186	1.18661222872295	-0.047899499631562	-0.504606984100016	-0.314669134718537	-0.540217401898724	-0.575589198148036	-0.597016202900807	0.0618357767041662	-0.2093081843446
let-7h-1-3p	0.00957207643597879	0.593470567961814	0.108555611500678	-0.492964173589505	-0.93840595027608	-0.396081389575063	0.289494327916092	-0.0432170350024679	-0.769477994586056	-0.00957207643597791	-0.142058229993833	0.14333161167982	0.604215252552049	0.436769590969948	0.66430488464805	-0.788506649009194
let-7g-5p	-0.109526178428142	0.45604633431344	0.0696975806318267	0.76558618949122	0.454238515834266	-0.710447108979489	0.335770390942901	0.475758554684434	0.202307612880587	-0.110173358743632	-0.201015767727775	-0.585496733154166	-0.498807305643522	-0.0929682426025931	0.0571265638579863	-0.0571265638579845
let-7g-1-3p	0	0	1.96060129770125	-2.55351295663786e-15	0	0	-2.55351295663786e-15	0	0	-2.55351295663786e-15	2.58443069969492	0	3.27260964522773	1.50335609522152	0	0.850212196517305
let-7f-5p	-0.142391783745486	1.3566914587562	0.597364146443121	1.08962304236771	0.598155940308908	-0.711731028744529	-0.11838416353222	0.223443300184465	0.118384163532221	-0.482175268875286	-0.371187744723583	-0.645942664073493	-0.242936094216955	-0.569688326559426	0.118531521660547	0.247627919101797
let-7f-3p	0	0	-2.55351295663786e-15	-2.55351295663786e-15	5.01914026793773	0	5.36696268978871	0	0	-2.55351295663786e-15	3.99940171005997	4.07206029910111	3.00709522144049	3.74817355086885	0	2.76978315271875
let-7e-5p	-0.789823992502704	0.757335932250523	0.147934791327486	1.14799959160474	1.2532556686917	-0.170788935088426	0.264258456260482	0.841286466457149	0.331471036546024	-0.843773094996955	0.17055127766216	-0.364174758719862	-0.147934791327485	-1.02424503869881	-0.744146802842421	-0.543549027055072
let-7e-1-3p	-0.379601700015272	0.196981566971603	-0.112169720939844	0.459156275355699	0.926669510665866	-5.07005245651534	0.458185179869894	-2.3583253747552	-0.372045387532637	0.160832432219151	0.0992520913347112	0.0518305738248479	-0.0518305738248488	-0.624005989779556	0.669908785275302	-0.977902431791955
let-7d-5p	1.09144838490985	0.54806140328154	-0.240258998947736	0.641863217387874	-0.567874533675626	-0.309613886786174	-0.0709541368255415	1.47598536048156	-0.0210513463748772	0.287593167076093	0.0915986329803822	-0.124846846422402	-0.616533502711677	-0.0852617856659954	0.10264870196144	0.0210513463748772
let-7c-2/d-3p	0.143025204100779	-0.143025204100779	0.74002133603105	-0.370220697741314	1.44754482141306	2.67218535778719	-1.43957439069981	-4.69383041873825	-1.98325618603077	-4.69383041873825	-0.484980734176641	0.904844701633918	1.38520507813293	1.32901708192098	-0.646028609771236	0.896008142291523
let-7c-2-5p	0.673583920919421	-1.60630614657554	-0.862642522393388	0.00276122776362087	-0.941364295602998	0.0136889283431625	-1.02463006605377	0.980136218781931	-0.144042478635049	0.705576556428083	-0.00276122776361909	0.338147028700639	0.05014811885707	0.138608193068301	-1.69421979848491	-0.0454198338179612
let-7b-5p	1.19876894563289	-0.72249691794995	-1.24616352133825	-0.00358265271769831	-0.645268990280146	-0.694809525038872	-0.548330189398404	1.03554065073014	-0.240817377500786	0.868207305974646	0.154386629813057	0.157134983560409	-0.479397626274103	0.00358265271769831	0.300031317463988	0.223924124622062
let-7b-1-3p	-0.115664793952051	-0.324411988357305	-0.752150353438912	-0.264502204644225	0.0372699586637495	0.343985631685085	-0.364392365524299	0.356468452324094	-0.849780002497514	1.48703868158396	0.387006243101483	1.17211569287575	0.800069788975586	0.731130980792223	-0.0372699586637477	-0.59291056879197
let-7a-5p_gac-let-7c-2-5p	0.0208736840839379	-0.445637246026905	-1.05839468038998	1.02545339723906	0.272343847974051	-0.432315396967562	-0.0198597808484546	0.039032260039674	-0.312121282586904	-0.611837800752523	0.83408801172647	-0.599058710512837	-0.668118509808282	0.0198597808484546	1.09254872429311	0.378805048850637
let-7a-5p	0.643270512381058	-0.173631121809233	-0.615851567764242	0.761096940665063	0.30030796634794	-0.672358860389362	-0.164993420253996	0.849197383323272	-0.204233123440162	-0.0311703816894244	0.397424494577479	-0.10786478656777	0.0159134768017459	-0.0159134768017459	0.144070142653728	0.232049095766904
let-7a-5-3p	-5.04720932704999	-0.199925003077976	0.522995419410345	-0.626897222556021	0.554049547484531	-1.44581630631251	-0.930554823725616	-6.29751751351433	-1.25800739839348	0.324192323071318	0.620712814412354	0.781356371046728	0.584673369586695	1.19772702742707	0.199925003077977	-0.731928254170262
let-7a-4-3p	0	0	0.254371650960076	-2.55351295663786e-15	0	0	-2.55351295663786e-15	0	0	5.2084207685421	-2.55351295663786e-15	0	0	1.69723802609023	0	0
let-7a-3/7-3p	0.464674244918689	-0.247717393972104	0.858753262468973	-1.18012313347007	-0.931241660609132	-3.27131887589212	0.247717393972104	1.48261734842286	-1.93625061811446	-1.08997435772457	0.779881461522005	1.08461000646479	0.797348524597617	0.358269142703879	-0.642363692011386	-0.912627899564919
REV_let-7a-5p_gac-let-7g-5p	-3.62172438632878	-0.144266520708802	0.0783444983771702	0.864704571293708	0.999723316035492	0.529543573283166	1.23598032818432	2.19544611834681	1.5780608159545	-0.442465776712398	-0.0783444983771711	-0.974387647124658	-0.984753513343496	-0.554200285834533	0.40075827126677	-0.325255997899617
REV_miR-1306-5p	0.992975055427625	1.53343332115241	-1.98789326901649	-1.98789326901649	-1.98789326901649	-1.98789326901649	-1.98789326901649	-1.98789326901649	-1.98789326901649	4.18936351944657	1.89415487127149	-0.923701657430612	1.2015252414158	0.923701657430612	3.25642951719944	1.78225554056662
REV_miR-135b-5p	0	0	2.8802803225957	-2.55351295663786e-15	0	0	-2.55351295663786e-15	0	0	-2.55351295663786e-15	-2.55351295663786e-15	0	2.08711412421797	-2.55351295663786e-15	0	3.29725403813385
REV_miR-181a-2-3p	0	0	3.77882500104853	-2.55351295663786e-15	0	0	-2.55351295663786e-15	0	0	-2.55351295663786e-15	-2.55351295663786e-15	0	0	-2.55351295663786e-15	0	0
REV_miR-183a-3p	0	0	4.08777997476123	-2.55351295663786e-15	0	0	-2.55351295663786e-15	0	0	-2.55351295663786e-15	-2.55351295663786e-15	0	0	-2.55351295663786e-15	0	0
REV_miR-18a-3p	3.54818821247454	2.04842351238474	1.33746837476311	2.91093265853902	3.05882223570623	0.456636642071521	-0.678862130937146	-2.46148207098891	-2.46148207098891	-2.46148207098892	-1.29191158178203	2.54272446405579	-0.0468150863558821	0.0468150863558825	-2.46148207098891	-0.387297183205109
REV_miR-7132b-3p	-0.692004960398501	1.86935035395768	0.667044416844062	0.0196286372100793	0.29483770481739	-1.10652794047568	0.771375493857894	-1.9132881334618	0.0611260711416701	0.190114140998487	-0.748046501825756	-0.0650006717753708	-0.0832149244971045	-0.271079833158257	1.51920123707849	-0.0196286372100776
REV_miR-723-3p	0	3.43656938057237	-2.55351295663786e-15	-2.55351295663786e-15	0	0	-2.55351295663786e-15	0	0	-2.55351295663786e-15	-2.55351295663786e-15	0	0	-2.55351295663786e-15	0	0
