Gene	D1_P_M	D2_P_M	D3_P_M	D4_P_M	D5_P_M	D6_P_M	D7_P_M	D8_P_M	D9_P_M	D10_P_M	D15_M_MP	D21_M_MP	D22_M_MP	D24_M_MP	D46_M_MP	D48_M_MP	D50_M_MP	D52_M_MP	D57_M_MP	D60_M_MP
a103_gac-miR-ENSGACG00000022167-5p	296.433359768598	213.358233384124	121.023767914767	121.813278887675	16.3543268441898	88.2874857426091	256.088377282649	155.918041420265	147.282814445744	137.078621471808	51.3823007883119	32.1799308832949	88.9896864496732	98.548358128243	3364.51040829845	2559.00521695765	2216.21092985254	164.703212030094	200.417263941022	287.052225932865
a109_gac-miR-ENSGACG00000022167-3p	108.294540101222	72.9297234113006	36.521965465403	12.9073672993563	33.4520321812972	38.846493726748	31.1759763648443	32.5930369070611	66.1945233464016	36.0270735919496	21.5250178978064	0	13.6101873393618	61.1679464244267	194.376122456789	241.627185824288	73.6399201375053	47.2267274638262	0	95.6840753109551
a10_gac-miR-99a-5p	20645.71164506	38360.2586662227	11421.3495530924	16228.5942475719	12538.5650400431	34378.440648286	13309.9150523339	11410.2055961395	16475.8168609194	14050.5587008604	23989.9796248132	12919.5426859281	7191.41360262124	16419.0626559642	45045.1634711976	10494.9799614988	15944.7960412017	20520.0130830325	14834.1363489355	14179.9132094967
a57_gac-miR-99a-3p	11.0130040780903	31.8097729772694	0	6.45368364967814	0	0	0	0	4.96458925098012	6.1509637839914	22.2193733138646	5.5965097188339	0	24.3539045949106	0	14.2733358714769	0	0	0	4.66751586882708
a244_gac-miR-96-5p	6.42425237888603	0	0	0	20.0712193087783	0	0	0	4.96458925098012	0	0	0	6.28162492585929	3.96458912010173	0	0	84.1599087285775	54.901070676698	0	9.33503173765416
a165_gac-miR-92a-3p	366676.135279338	493463.456500138	559487.150134208	510507.351161403	637928.766940352	321945.614009569	341173.183920946	384233.145847118	454935.100602814	1634812.82030947	688146.489927876	889512.052966319	1132141.44813757	756037.516915537	510010.883285797	612998.994720302	795942.336800521	368686.664294132	1023297.96150986	538939.387309987
a44_gac-miR-92a-2-5p	280.831603991304	193.962030349204	483.378954689157	227.492348651155	236.394360747834	214.715165326025	535.558736838932	406.091622004194	258.158641050966	513.166121407283	271.492967678783	82.5485183528	92.1304989126028	109.309385739948	110.213265310551	103.991447063618	277.026366231568	317.599742194231	451.889332246423	172.698087146602
a181_gac-miR-9-5p	72.502276847428	111.722129481141	79.4889836599948	94.3851233765429	130.834614753518	57.9165906471516	126.930760914009	106.588039614984	89.3626065176422	99.2941296558612	67.3524753576521	71.3554989151322	57.5815618203768	87.2209606422381	44.0853061242203	0	91.1732344559589	37.1910478777631	41.8214886814598	81.6815277044739
a46_gac-miR-9-1/3/5/6-3p	9.17750339840861	14.7411143065395	40.1025503149523	26.6214450549223	30.4785182096264	11.300798175054	42.3102536380029	116.277861398164	24.8229462549006	21.9677277999693	0	23.7851663050441	17.7979372899346	13.5928769832059	14.0271428577064	12.2342878898374	0	9.44534549276524	0	9.33503173765416
a167_gac-miR-8159-5p	1569.35308112787	720.762904777641	1610.54706532728	158.921959873324	0	285.345153920113	59.0116695477409	184.106613880426	347.521247568608	69.4180198479029	102.764601576624	30.7808034535864	27.2203746787236	224.848840097198	24.046530613211	78.5033472931232	0	19.4810250788283	98.3076552122627	56.0101904259249
a125_gac-miR-737-5p	1010.44312416479	1129.63486475376	2902.42207904467	2093.41363386435	2393.67874719505	1796.12060994764	2389.41590281985	3308.63369251139	1611.83664348488	2301.33916432478	5129.20345842244	1463.48729147506	1681.381605155	1460.10153594604	3372.52591850285	3794.66829383123	715.359224192909	1412.0791511684	3039.39026833051	1540.28023671294
a97_gac-miR-734-5p	0	0	0	0	0	0	17.8148436370539	29.950358238921	0	0	0	1.39912742970847	0	0	0	0	10.5199885910722	0	0	2.33375793441354
a177_gac-miR-730-5p	67.9135251482237	120.256458816506	75.1922818405356	110.519332500738	78.7981202492779	125.721379697475	70.1459468208996	30.8312511283011	57.9202079281014	47.4502920479337	137.482372379537	113.329321806386	107.834561227251	135.928769832059	62.1202040841285	92.7766831646001	105.199885910722	30.1070387581892	379.10907921635	121.355412589504
a168_gac-miR-727b-5p	2.75325101952258	13.1894180637459	0.716116969909863	8.87381501830745	0	9.18189851723134	82.3936518213741	34.3548226858212	44.6813032588211	4.39354555999386	4.16613249634962	2.79825485941695	0	0	4.00775510220184	0	14.0266514547629	0	0	2.33375793441354
a124_gac-miR-727b-3p	55.0650203904517	20.1720511563172	55.8571236529693	61.3099946719424	0	74.1614880237916	160.333592733485	86.327503159243	77.7785649320219	54.4799649439238	27.0798612262725	12.5921468673763	8.37549990114571	37.9467815781166	90.1744897995414	17.3319078439363	0	53.1300683968045	0	4.66751586882708
a232_gac-miR-725-3p	4039.01924563963	499.646190179549	1775.97008537646	116.973016150416	835.557426039513	7504.43628812177	263.88237137386	1277.29468960104	297.875355058807	731.964690294977	109.013800321148	533.067550718929	687.837929381592	1240.35002471754	70.1357142885322	176.377650411822	1241.35865374652	7257.56734300349	213.452533140438	3246.25728676923
a223_gac-miR-724-5p	225.766583600852	392.579149426788	238.466950979984	742.173619712986	135.294885711024	869.455159593214	1909.52855234671	3279.56422716185	148.937677529404	250.43209691965	113.874288233556	464.510306663213	475.309619390019	87.2209606422381	46.0891836753212	149.870026650508	105.199885910722	747.36296211505	132.52523686073	662.787253373445
a248_gac-miR-722-3p	979.239612610199	384.82066821282	378.109760112408	272.668134198902	185.101244736511	234.49156213237	342.935740013287	272.195902818429	256.503777967306	102.808966103856	65.2694091094773	76.9520086339661	13.6101873393618	511.431996493123	196.38000000789	33.6442916970528	98.1865601833404	939.221542436844	37.4763989483211	77.0140118356468
a217_gac-miR-7147-5p	5.50650203904517	0	4.29670181945918	0	57.2401439546641	9.18189851723134	0	0	16.5486308366004	0	0	65.7589891962983	31.4081246292964	7.92917824020346	0	57.0933434859078	0	10.6260136793609	0	21.0038214097219
a156_gac-miR-7133-3p	936.105346637679	268.443450003298	8980.82291963959	1648.10946203656	3261.94482692294	369.394840347076	546.693014112091	761.091456424346	789.369690905839	1120.35411779843	252.74537144521	563.848354172515	775.780678343622	598.086587261061	264.511836745321	697.35440972073	561.066058190517	416.185535774968	575.181253424233	375.73502744058
a99_gac-miR-7132b-5p	441.437913463454	166.807346100315	1613.41153320692	386.414308524479	1149.26315005079	182.931670458686	415.308542288818	375.260370875893	506.388103599972	298.761098079582	180.53240817515	379.163533450997	475.309619390019	237.308977331804	527.019795939542	1167.35496948865	1157.19874501794	533.662020341236	322.622912685547	233.375793441354
a98_gac-miR-7132a-5p_gac-miR-7132b-5p	162.441810151832	110.946281359745	746.193882646077	214.584981351798	387.30019481013	114.420581522421	238.273533645595	119.801432955684	271.397545720247	117.747021007835	41.6613249634962	169.294418994725	224.044622355648	127.999591591856	116.224897963853	517.918187336449	270.013040504186	184.77457120222	133.068373077372	140.025476064812
a100_gac-miR-7132a-5p	162.441810151832	47.3267354052057	243.479769769353	80.6710456209768	24.5314902662846	84.7559863129047	74.5996577301631	96.8982178318034	127.424457441823	79.9625291918882	64.5750536934191	116.127576665803	102.599873789035	84.9554811450371	164.317959190275	196.768130228218	203.386446094062	287.492703436042	153.707549309781	79.3477697700603
a202_gac-miR-7-5p	145.922304034697	89.9983820820305	261.3826940171	278.31510739237	1629.48565647563	172.337172169573	460.959079108769	477.443946043977	218.441927043125	500.8641938393	322.875268467095	383.360915740122	438.666807322507	501.803708630019	128.248163270459	164.143362521985	2016.33114662217	195.400584881581	991.766731588904	359.398721899685
a105_gac-miR-551a-3p	315.706116905256	2599.86705480073	1072.74322092497	2019.19627189305	86.9752836713728	986.700940659399	985.383538674542	2651.48759703389	248.229462549006	224.070823559687	4500.8118068897	509.282384413885	744.372553714325	999.076458265636	4168.06530628991	3018.81053681737	2047.89111239539	1543.72365397382	20879.2424401646	5288.29547938108
a224_gac-miR-499a-5p	298.26886044828	1116.44544669002	305.781946151511	943.044523309219	150.905834062296	2125.25635679609	2681.13396737661	5515.27038040837	211.822474708485	436.718428663389	592.285169897704	1298.39025476946	325.59755865704	1649.83544383662	5775.17510227285	556.660098987601	2871.95688536271	1838.89070062273	898.347302326422	4079.40886935487
a182_gac-miR-489-3p	44.0520163123613	97.7568632959987	52.9926557733298	100.838807026221	177.667459807334	502.17921890396	181.488719552486	92.4937533849032	175.415486867964	117.747021007835	47.9105237080206	57.3642246180474	27.2203746787236	57.203357304325	108.20938775945	83.6009672472221	73.6399201375053	74.3820957555263	1.62940864992701	65.3452221635791
a75_gac-miR-460-5p	361.593633897299	193.962030349204	120.307650944857	113.746174325577	42.3725740963098	116.539481180244	239.386961372911	81.9230387123428	256.503777967306	0	39.5782587153214	97.9389200795932	36.6428120675125	286.016786521625	74.1434693907341	70.3471553665649	17.5333143184536	45.4557251839327	48.8822594978102	72.3464959668197
a47_gac-miR-458-3p	129.402797917561	139.652661851427	182.609827327015	392.867992174157	397.707493710978	38.1401938408071	239.386961372911	114.516075619404	79.4334280156819	133.563785023813	130.538818218955	243.448172769275	122.491686054256	287.715896144526	96.1861224528442	221.236706007893	185.853131775609	213.110607680516	247.670114788905	280.050952129625
a60_gac-miR-456-3p	392.797145451889	467.836417202279	658.111495347164	579.218107558613	704.722811285995	358.800342057963	676.964058208047	439.565551800635	413.71577091501	767.991763886926	597.84001322617	632.40559822823	682.603241943376	449.697680194396	194.376122456789	411.887692291192	596.132686827424	435.666560853797	504.573545260729	513.426745570979
a164_gac-miR-455-5p	725.940518814121	1169.203118945	515.604218335101	616.326788544263	144.215427626037	677.341590617297	762.697993211369	617.505915455401	589.131257782974	301.397225415579	800.591794715185	291.018505379363	469.02799446416	544.847819076838	230.445918376606	352.755300823644	70.1332572738146	405.559522095608	423.103112764379	534.4305669807
a102_gac-miR-455-3p	948.953851395451	1698.33153773763	646.653623828606	1172.15029287279	673.500914583451	1240.26259971217	1259.28675959425	731.141098185425	1343.74882393195	374.330081711477	880.442667561886	393.154807748081	587.331930567843	667.750081799991	2224.30408172202	803.384904765988	929.265658878043	1201.32987986108	962.98051210686	1054.85858635492
a155_gac-miR-454b-3p	190.892070686899	221.892562719489	195.499932785393	273.474844655111	596.932929812926	299.47115163893	126.930760914009	214.056972119347	246.574599465346	292.610134295591	387.450322160514	787.708742925871	720.292991498531	134.796030083459	200.387755110092	668.807737977777	417.292880779197	86.7791117147807	202.589808807591	98.0178332453686
a1_gac-miR-451-5p	82203.8156898858	175069.35274507	82491.6621148268	58577.6663567599	223748.005826318	102412.070861655	55291.7075107786	64729.7712974234	151583.803600176	288734.148402564	319737.476341928	241436.227525354	273804.514205842	155573.875292038	376037.641851843	329079.914708827	167201.192003638	189981.317905107	151303.085278705	194836.114912449
a134_gac-miR-429a-3p	1891.48345041201	171.462434828696	841.437439644089	75.8307828837182	56.4967654617464	674.516391073533	246.067527736807	433.399301574975	191.964117704565	157.28893104778	15.9701745693402	117.526704095512	233.467059744437	240.707196577605	30.0581632665138	46.8981035777099	154.293166002392	2186.00714748186	55.3998940975182	161.029297474534
a17_gac-miR-425-5p	22149.9044520592	15400.5852097268	33942.5121397877	26758.585832478	24640.0235262506	30510.0361729879	18409.4140434405	21050.6973775146	38189.2753816227	29707.3976584545	21469.4694645217	47391.2442990854	44156.6824163278	15507.2071583408	32466.8240829371	40000.0042558233	21229.3369767837	116312.936068378	23157.6988689792	17932.5959680336
a247_gac-miR-375a-3p	22113.1944384656	3544.85006666205	18969.2224159424	2196.6725722592	2444.97186320637	23368.6380262397	10265.8036458523	18266.1949541843	6594.62938838526	11992.6219605592	2364.97454709447	7022.22056970683	10596.054312437	9538.80142296476	929.799183710827	3421.52251319119	211293.970851685	59444.8721928113	3904.06312522511	8053.79863166112
a116_gac-miR-365-2b-5p	162.441810151832	290.943045523806	113.862598215668	140.3676193805	100.356096543892	432.255530195814	468.75307319998	373.498585097133	225.061379377765	180.135367959748	174.977564846684	85.3467732122169	72.2386866473818	43.0441104468188	242.469183683211	129.479546834112	84.1599087285775	204.845930374346	102.109608728759	65.3452221635791
a136_gac-miR-365-2b-3p	3917.87620078064	6884.87622927534	1432.23393981973	3284.92497768618	6376.70071224817	11713.2773084434	2180.09149008447	2603.91938100737	4104.0604474769	4516.56483567369	3705.77485550298	638.002107947064	414.587245106713	1960.77250482746	6440.46244923836	1517.05169833983	1371.10517970307	1223.1722413131	2583.69898256759	1827.3324626458
a205_gac-miR-34a-5p	0	21.7237473991108	4.29670181945918	11.2939463869368	0	21.1889965782262	0	0	3.30972616732008	27.2399824719619	0	6.99563714854237	0	9.6282878631042	0	21.4100038072154	0	45.4557251839327	33.6744454318248	7.00127380324062
a174_gac-miR-338-3p	246.874841417192	166.807346100315	172.584189748277	171.022616716471	158.339618991474	239.435661333956	218.23183455391	140.942862300805	82.743154183002	70.2967289599017	427.028580875836	183.28569329181	67.0039992091657	237.875347206104	549.062449001652	340.521012933807	182.346468911918	126.331495965735	329.140547285255	389.737575047061
a3_gac-miR-338-1b-5p	3.67100135936345	16.2928105493331	0	4.03355228104884	0	31.7834948673393	0	0	4.96458925098012	13.1806366799816	2.08306624817481	0	0	0	40.0775510220184	0	0	0	0	0
a4_gac-miR-338-1a-5p	17.4372564569764	26.3788361274917	20.767392127386	26.6214450549223	37.1689246458858	55.7976909893289	18.9282713643697	22.0223222345008	9.92917850196024	22.8464369119681	20.1363070656898	1.39912742970847	6.28162492585929	11.3273974860049	60.1163265330276	15.2928598622967	0	35.4200455978697	38.0195351649635	21.0038214097219
a122_gac-miR-33-5p	7.34200271872689	6.20678497117452	9.30952060882822	16.9409195804051	0	6.35669897346785	0	0	4.96458925098012	46.5715829359349	0	2.79825485941695	3.14081246292964	6.23006861730272	0	0	0	0	0	16.3363055408948
a43_gac-miR-31a-5p	1911.67395788851	414.302896825899	1083.48497547362	798.64335164767	1486.75698583543	1330.6689851126	1026.58036458523	1776.76095787952	1424.83711503129	930.552949606699	442.998755445176	346.983602567702	1430.11660812063	1277.73043642136	374.725102055872	588.265342703014	596.132686827424	1652.93546123392	718.026078401167	1010.51718560106
a214_gac-miR-30e-5p	5390.86549622522	3181.75314584834	7170.47921970746	3255.07669080641	8487.15225364157	1705.71422454721	3417.10969513239	3909.40264306858	1944.46412330055	3347.88171671532	3489.1359656928	4438.03220703528	3768.97495551557	4982.92215409357	5632.89979614469	5869.39961514948	3980.06235028898	5761.6607505868	3344.6328220835	6702.55278763568
a95_gac-miR-30e-3p	4157.4090394791	3957.60126724515	7194.82719668439	6974.01189393344	11926.7645403718	5172.23406474501	6180.63731433038	7272.65169472153	5039.05808974482	5109.69348627286	6503.33282680175	5344.66678148637	5929.85393001117	6328.61697543096	7209.95142886111	7513.89181234179	11768.3605705461	11578.2225718503	10316.8724351212	9815.78587214334
a212_gac-miR-30c-2-5p	16979.2990373958	14262.4160156376	22440.9574860654	20139.5265392769	69865.6842783786	21625.4899077376	22905.435206342	18659.0731828478	22026.2276435151	19340.387555093	14041.9495789464	31993.8469351437	25096.1385162955	23835.6761599259	15409.8183679661	24361.5257606387	40838.5957105422	26585.1055575744	31130.3953930721	20982.8175883121
a211_gac-miR-30c-1-5p_gac-miR-30c-2-5p	125.731796558198	182.324308528251	224.860728551697	198.450772227603	692.828755399311	215.421465211966	224.912400917805	138.300183632665	206.857885457505	359.392026807498	538.125447445159	393.154807748081	238.701747182653	340.954664328749	300.581632665138	434.317220089227	603.146012554805	370.729810591036	566.491073957956	354.731206030858
a213_gac-miR-30c-1-5p	5088.00788407774	5077.92595454215	7338.05059066636	4620.03078271334	2185.53276917809	5534.56590623268	3972.71013106301	6080.80361539035	2217.51653210445	1188.01471942234	8680.83141156048	4172.19799539067	3495.72427124069	7019.58822207726	8983.38306158543	8976.90873916818	7178.13888197492	19140.9926410888	19363.8923957325	11094.685220202
a210_gac-miR-30bb-5p	1332.57349344893	1078.42888874157	1288.29442886784	767.181643855489	2621.89594452079	1375.87217781282	939.733001854591	649.218059473082	1054.14778429145	841.803329294823	1090.83235862754	1166.87227637687	619.786992684783	1069.30632267887	855.655714320093	760.564897151557	1476.3050656138	1815.86767098412	1139.49978251562	1201.88533622297
a89_gac-miR-30bb-3p	92.692784323927	50.430127890793	65.1666442617975	91.1582815517038	81.7716342209488	74.8677879097325	64.5788081843203	89.8510747167631	59.5750710117614	83.4773656398833	87.4887824233419	106.333684657844	69.0978741844521	94.017399133841	240.46530613211	130.499070824932	80.6532458648868	82.6467730616959	59.2018476140145	84.0152856388874
a208_gac-miR-30a-5p	28614.5378458982	26959.9463704179	22438.8091351556	27002.2123902534	28611.1514354171	26305.4329519819	21258.6755976418	20087.8814494222	21152.4599353426	30251.3185987817	27754.7746906811	34821.4834705845	38816.2542918598	35020.9148074815	51379.4204102276	37553.1466778558	40032.0632518934	57492.6373462754	37021.7939349915	34308.5753938134
a110_gac-miR-301c-5p	0	12.413569942349	14.3223393981973	27.4281555111321	10.407298900848	7.06299885940873	0	0	3.30972616732008	0	0	5.5965097188339	13.6101873393618	1.13273974860049	82.1589795951377	0	0	0	0	0
a111_gac-miR-301b-5p	20.1905074764989	5.4309368497777	12.8901054583775	20.1677614052442	0	9.88819840317222	0	95.1364320530433	3.30972616732008	42.178037375941	6.24919874452443	12.5921468673763	39.7836245304421	0	0	13.2538118806572	0	40.1427183442523	0	0
a143_gac-miR-29b-2b-3p	26.614759855385	0	8.59340363891835	0	0	0	0	0	3.30972616732008	0	0	0	0	0	0	0	0	33.6490433179762	0	4.66751586882708
a145_gac-miR-29b-1a/2a-3p	178.043565929127	11.6377218209522	89.5146212387328	69.37709923404	89.2054191501259	26.8393956657532	50.104247729214	0	91.0174696013022	20.2103095759717	32.6347045547387	99.3380475093017	19.8918122652211	109.875755614248	120.232653066055	83.6009672472221	234.946411867279	108.6214731668	142.301688760292	30.338853147376
a107_gac-miR-29b-1a-5p	11.0130040780903	9.31017745676178	0	0	53.5232514900756	0.706299885940873	0	29.950358238921	6.61945233464016	8.78709111998771	27.7742166423308	12.5921468673763	31.4081246292964	11.8937673603052	0	31.6052437154132	31.5599657732166	50.1783979303153	0	16.3363055408948
a144_gac-miR-29a-3p_gac-miR-29b-1a/2a-3p	17.4372564569764	0	3.58058484954931	1.61342091241954	0	2.82519954376349	0	0	0	0	9.0266204087575	1.39912742970847	5.23468743821607	0	0	1.01952399081978	21.0399771821444	7.67434321287176	0	9.33503173765416
a146_gac-miR-29a-3p	423.082906666637	297.925678616377	262.81492795692	209.74471861454	590.985901869584	138.434777644411	161.447020460801	507.394304282898	201.893296206525	534.255140095253	1052.64281074434	428.132993490793	432.385182396647	328.494527094143	689.333877578717	607.63629852859	375.212926414908	659.993516306971	1097.67829383416	340.728658424377
a33_gac-miR-29a-3b-5p	44.0520163123613	34.1373173414599	25.0640939468452	154.081697136066	261.669229507036	30.3708950954575	1.11342772731587	23.7841080132608	92.6723326849622	141.472167031802	76.3790957664096	76.9520086339661	59.6754367956632	82.6900016478361	58.1124489819267	58.1128674767275	175.333143184536	73.2014275689306	241.695616405839	35.0063690162031
a228_gac-miR-27e-3p	3252.50720439601	3043.6521802397	2657.5100753355	2414.48439543584	1706.05364124616	4415.78688690234	3922.6058833338	3087.52957727701	2795.06374830181	1638.79249387771	2771.17246548855	1881.8263929579	1298.20248467759	2124.45339850023	4101.93734710358	1544.57884609197	2026.85113521324	5869.6918896603	1828.73964143474	3078.22671549146
a59_gac-miR-27c-1-5p	1024.2093792624	772.744728911228	572.17745895798	1024.52227938641	408.858171104744	639.907696662431	1267.08075368546	230.793937017568	560.998585360754	422.659082871409	341.622864700669	779.31397834762	921.304989126028	399.857131255974	615.190408187983	854.361104306977	799.519132921486	732.604609782604	457.863830629489	536.764324915114
a231_gac-miR-27c-1-3p	6975.82033313039	6020.58142203928	9227.88327425849	5728.45094954556	6777.38171993082	4392.47899066629	6928.86074708664	3461.90905526352	5131.73042242978	3646.6428147949	5029.21627851005	17268.030737462	12181.1176687288	5582.70785097754	7546.60285744607	8449.81483591435	6157.69998864092	5957.65166956168	2884.59644658744	10525.2482842051
a36_gac-miR-27b-5p	590.113468517674	716.10781604926	393.864333450425	414.649174491821	185.844623229429	366.569640803313	929.712152308749	205.248043225547	438.538717169911	306.669480087571	231.914708963462	312.00541682499	326.644496144683	334.158225837146	318.616530625046	287.505765411178	305.079669141093	678.293873199204	469.81282739562	366.399995702926
a230_gac-miR-27b-3p	12233.6120300787	13640.1858222774	8604.145393467	6374.62602496959	4635.70828183488	6653.34492556302	10271.3707844889	6424.35184224856	6343.09019966893	4816.20464286527	7387.94162685999	7709.19213769369	7906.47190668155	9201.81134775611	7017.57918395542	5095.58090611727	9597.73625792152	14912.4295307964	6184.69209890627	11794.812600526
a42_gac-miR-27a-5p	167.948312190878	83.791597110856	211.970623093319	161.342091241954	65.417307376759	182.931670458686	163.673875915432	199.081792999887	120.805005107183	57.9948013919189	141.648504875887	82.5485183528	114.11618615311	121.203153100253	12.0232653066055	125.401450870833	70.1332572738146	240.856310065514	150.448732009927	207.704456162805
a227_gac-miR-27a-3p_gac-miR-27b-3p_gac-miR-27e-3p	107.376789761381	58.1886091047611	124.604352764316	87.9314397268647	8.17716342209488	93.2315849441952	13.3611327277904	51.0917875840418	86.0528803503221	70.2967289599017	116.651709897789	62.9607343368813	95.2713113755325	79.2917824020346	24.046530613211	107.050019036077	10.5199885910722	135.7768414585	128.180147127591	133.024202261572
a229_gac-miR-27a-3p	727.776019493803	214.134081505521	837.856854794539	207.32458724591	340.467349756314	346.086944111028	384.132565923974	205.248043225547	203.548159290185	152.895385487786	400.643075065621	416.939974053125	493.107556679954	604.883025752664	977.892244937249	644.339162198102	592.626023963733	1059.0593633763	579.526343157372	1598.62418507327
a74_gac-miR-26b-3p	298.26886044828	297.14983049498	302.201361301962	187.963536296876	767.909983184001	437.905929283341	262.768943646545	251.054473473309	385.583098492789	1263.58370305423	611.032766131277	482.698963249424	395.742370329135	230.512538840201	416.806530628991	675.944405913515	529.5060924173	216.652612240303	460.5795117127	319.724837014655
a73_gac-miR-26a-1b-3p	198.234073405626	115.601370088125	164.706903079268	158.921959873324	324.113022912124	126.427679583416	85.7339350033217	192.034649884847	263.123230301946	278.550788503611	149.980769868586	342.786220278576	297.330246490673	216.919661856995	114.221020412752	161.084790549525	234.946411867279	118.066818659566	117.860559011387	238.043309310181
a226_gac-miR-26-5p	92432.1432274122	115242.152407919	103535.475392598	134228.552808743	218420.212167576	113803.275422109	116460.08656633	86552.1308460349	118380.630689621	275187.968731991	239381.112752337	236571.461452257	246188.397156789	131616.995979012	238485.475111623	216987.330014156	170283.548660822	171718.742394845	137648.640792317	143311.407236467
a197_gac-miR-24-6-5p	134.909299956607	68.2746346829197	100.972492757291	90.351571095494	11.1506773937657	99.588283917663	83.50707954869	193.796435663607	57.9202079281014	0.878709111998771	41.6613249634962	69.9563714854237	69.0978741844521	132.530550586258	104.201632657248	61.1714394491869	52.5999429553609	214.291275867111	133.611509294014	364.066237768512
a196_gac-miR-24-4a-5p	4.58875169920431	0	0	0	39.399060124639	0	0	0	0	0	0	0	0	1.69910962290074	16.0310204088074	0	0	14.1680182391479	0	0
a206_gac-miR-24-3p	5118.29364529248	4166.3044119009	4785.0935929377	2900.12409007412	2388.47509774462	3243.32907624049	3547.38073922835	2041.90971758291	3375.92069066648	1560.58738290982	3042.66543316734	4302.31684635356	3997.20732782179	2569.62011970022	4817.32163284661	3367.48774167774	2759.7436737246	6238.65069797144	1841.77491063416	3804.02543309407
a198_gac-miR-24-3-5p	18.3550067968172	6.20678497117452	30.0769127362142	12.1006568431465	0	8.47559863129047	17.8148436370539	0	3.30972616732008	0	0	22.3860388753356	8.37549990114571	20.9556853491091	0	13.2538118806572	21.0399771821444	38.3717160643588	0	7.00127380324062
a199_gac-miR-24-2-5p	748.884277310143	478.698290901835	391.715982540695	450.144434565051	196.251922130277	510.654817535251	380.792282742026	358.523405977672	455.087348006511	341.817844567522	533.959314948809	554.054462164556	559.064618401476	331.892746339945	597.155510228074	386.399592520697	494.439463780393	445.111906346562	301.440600236496	452.749039276227
a119_gac-miR-23b-2-5p	714.927514736031	529.128418792628	222.712377641967	305.743262903502	83.2583912067842	210.47736601038	516.630465474562	258.982509477729	408.75118166403	188.043749967737	129.844462802896	81.1493909230915	77.4733740855979	90.0528100137393	150.290816332569	167.201934494444	322.612983459547	296.938048928807	198.787855291095	270.715920391971
a50_gac-miR-23b-2-3p	12343.7420708596	13265.4511796427	7942.45331327029	5534.84044005522	3140.03075408443	6252.1665903486	6734.01089480636	3702.39281406427	5732.44572179838	2716.9685743002	5574.97963553184	3329.92328270617	4001.39507777236	4890.03749470833	5817.25653084597	3734.51637837286	4169.42214492828	9400.48010167461	6134.18043075853	4266.10950410795
a49_gac-miR-23a-3p_gac-miR-23b-2-3p	74.3377775271098	44.9991910410153	121.739884884677	28.2348659673419	49.806359025487	25.4267958938714	13.3611327277904	39.6401800221014	71.1591125973817	50.9651284959287	45.1331020437875	69.9563714854237	59.6754367956632	58.3360970529255	48.0930612264221	72.3862033482045	31.5599657732166	0	68.4351632969342	51.3426745570979
a51_gac-miR-23a-3p	87718.5774819895	79173.7490923022	119103.142201469	69917.5952397006	51014.3490764783	85665.7005659966	67475.9471307962	45180.1154034124	73730.7698293894	51429.9656161761	83121.2868563354	97317.7075008026	103443.705404075	48788.8000818462	71810.9559212526	77575.5804614772	48230.6410272023	76252.2741630938	65518.5218135649	69471.3061916222
a114_gac-miR-23a-3-5p	417.576404627592	227.323499569267	441.844170434385	255.727214618496	58.7269009404996	267.687656771591	184.829002734434	176.178577876006	218.441927043125	178.377949735751	455.497152934225	121.724086384637	157.040623146482	226.547949720099	128.248163270459	493.449611556774	119.226537365485	580.888747805062	211.279988273868	303.38853147376
a112_gac-miR-23a-2-5p	357.004882198095	198.617119077585	272.124448565748	262.180898268175	155.366105019803	257.799458368419	111.342772731587	166.488756092826	259.813504134626	139.714748807805	125.678330306547	275.628103652569	418.774995057286	120.636783225953	416.806530628991	532.191523207926	126.239863092866	339.442103646251	286.232786170511	240.377067244595
a118_gac-miR-23a-1-5p	158.770808792469	100.860255781586	119.591533974947	87.9314397268647	0	123.602480039653	187.055858189066	66.0669667035023	64.5396602627416	51.8438376079275	111.096866569323	18.1886565862102	19.8918122652211	47.0086995669205	90.1744897995414	18.3514318347561	49.0932800916702	74.3820957555263	43.9940335480292	51.3426745570979
a79_gac-miR-22b-5p	1567.51758044819	3868.37873328452	1843.28508054799	1607.77393922607	2202.63047451519	2202.94934424958	1714.67870006643	2440.95419647206	2449.19736381686	6679.06796030266	4715.36763045171	1730.72063054938	2346.18690980844	1440.27859034553	2362.57163274799	1569.04742187164	1774.37140902751	1665.33247719317	2557.08530795211	1500.60635182791
a14_gac-miR-22b-3p	71.5845265075872	121.8081550593	85.9340363891835	105.67906976348	213.349627467385	48.7346921299202	42.3102536380029	0	104.256374270583	167.833440391765	179.838052759092	184.684820721519	141.336560831834	112.141235111449	90.1744897995414	140.69431073313	136.759851683938	113.934480006481	7.06077081635036	70.0127380324062
a45_gac-miR-22a-5p	2479.76141825001	6306.86937883471	2129.73186851193	2367.69518897567	2143.16019508178	5141.15686976361	2690.04138919513	2857.61653314882	2953.93060433317	2623.82540842833	4093.91953307956	1024.1612785466	1056.359925032	2990.9993061796	1789.46265313312	1352.90833581785	1104.59880206258	2233.82420903898	1891.20030634861	2219.40379562728
a13_gac-miR-22a-3p	175861.155620986	169200.061706703	163176.561114571	176038.742333183	53747.0084164438	189551.112989724	267076.79552353	188652.021189627	193309.52139158	98125.4465369028	79204.4279543507	55038.874829872	65749.7680989691	154178.906291636	101788.964085722	49950.5584062244	51232.3444385215	151754.233693606	83841.2220819941	122888.691552414
a219_gac-miR-223-5p	873.6983235285	457.750391624121	1552.54159076458	1104.38661455117	1974.41327718945	817.895267919531	1003.1983823116	930.222891185312	1305.68697300777	1150.23022760639	636.029561109375	3197.00617688386	2214.2727863654	585.060080152155	617.194285739084	2543.71235709535	578.59937250897	484.073956504219	687.067314052554	819.149034979152
a173_gac-miR-223-3p	37632.3526851745	20587.9057493859	63024.0222878272	33172.7406698019	55189.1626927042	29760.6519940046	12014.9986054655	16231.3323797164	35240.3093665406	34274.0489135121	27550.63419836	67090.9585093808	67025.9848964062	19024.9304476196	21509.6216335173	61103.131341802	22393.549047529	23704.275182281	15390.8509709939	18628.0558324889
a201_gac-miR-222c-5p	85.3507816052001	76.0331158968878	51.5604218335101	108.099201132109	227.473818832821	88.9937856285499	175.921580915907	129.491254738864	94.3271957686223	57.1160922799201	51.3823007883119	79.750263493383	78.5203115732411	101.946577374044	8.01551020440368	23.449051788855	31.5599657732166	34.239377411274	46.1665784145985	119.02165465509
a200_gac-miR-222a-5p	197.316323065785	86.8949895964433	128.901054583775	146.014592573968	211.119491988631	80.5181869972595	356.296872741077	160.322505867166	89.3626065176422	14.0593457919803	68.7411861897687	160.899654416475	150.758998220623	202.194045125188	92.1783673506423	722.842509491225	417.292880779197	133.415505085309	127.093874694306	228.708277572527
a39_gac-miR-222-3p	10584.4146693847	7339.52322841387	7692.52849077175	5429.16137029174	6129.15567410657	8715.03429262443	6505.75821070661	5543.45895286853	6980.21248687805	3013.97225415579	4882.70728572175	3735.67023732163	4091.43170170968	7002.59712584826	6538.6524492423	8120.50858687956	7795.31154598449	10026.2342405703	6571.94822137226	6718.88909317658
a25_gac-miR-221a-5p	87.1862822848818	57.4127609833643	43.6831351645016	14.5207882117758	0	19.0700969204036	51.2176754565299	31.7121440176811	11.5840415856203	13.1806366799816	6.94355416058269	53.166842328922	17.7979372899346	10.7610276117047	0	0	0	48.9977297437197	0	28.0050952129625
a40_gac-miR-221-3p	11120.3808678517	6818.92913895661	6016.09866421276	3739.10296453227	4355.4545900049	5721.73537600701	3479.46164786208	3466.31351971042	4163.63551848866	2376.02943884468	3206.53331135709	2964.75102355226	3010.99221446188	5147.73578751495	2332.51346948147	3892.54259694993	4064.22225901755	3987.70680022683	2860.15531683854	3654.6649252916
a77_gac-miR-21a-3p	39.463264613157	69.0504828043165	147.520095801432	28.2348659673419	42.3725740963098	6.35669897346785	44.5371090926347	16.7369648982206	52.9556186771213	28.1186915839607	0	30.7808034535864	11.5163123640754	26.0530142178114	0	38.7419116511517	66.6265944101238	85.598443528185	0	86.3490435733009
a238_gac-miR-218b-5p	0.917750339840861	4.65508872838089	0.716116969909863	0	37.1689246458858	11.300798175054	0	0	9.92917850196024	0	15.9701745693402	8.39476457825085	0	0	0	0	0	0	0	2.33375793441354
a237_gac-miR-218a-2-5p_gac-miR-218b-5p	22.0260081561807	22.4995955205076	0	4.03355228104884	16.3543268441898	12.7133979469357	0	10.5707146725604	3.30972616732008	0	4.16613249634962	15.3904017267932	6.28162492585929	24.9202744692109	0	29.5661957337737	24.5466400458351	34.8297115045718	53.7704854475912	25.6713372785489
a239_gac-miR-218a-2-5p	539.637199826426	570.248369226659	298.620776452413	509.841008324573	306.271939082099	442.143728598986	1034.37435867644	880.892889380031	378.963646158149	519.317085191274	570.065796583839	584.835265618142	272.203746787236	865.979537805078	264.511836745321	456.746747887262	792.505807194105	1279.84431426969	444.28542521343	627.780884357242
a15_gac-miR-2188-5p	12154.6855008524	22986.8281407448	8072.07048482397	8351.87335313973	27169.7405376496	11352.3580667276	5049.39474337745	4482.86391405498	17395.9207354343	36234.4489423813	35235.0655878769	28025.9215444904	48569.523926744	15340.1280454222	17539.9402047864	21732.1733883145	23221.12148336	12544.0091484855	9487.50343230831	19094.8074193716
a108_gac-miR-2188-3p	17285.8276509026	52043.8919832983	22599.9354533854	44908.7643867416	80355.4981919405	40852.3854028201	52218.6469833868	49653.2894956842	85945.3142498842	146328.792293819	94678.1384012093	76442.7262495522	118241.119854425	58289.6547232328	88174.6200035427	49557.0221457679	50608.1584487846	76074.5836010112	47446.2073410078	80430.6334516282
a137_gac-miR-2187a-5p	0.917750339840861	0.775848121396815	0	0.806710456209768	0	1.41259977188175	30.0625486375284	0	0	2.63612733599631	0	0	0	6.79643849160296	0	0	0	11.2163477726587	0	0
a5_gac-miR-2184-5p	145.004553694856	176.117523557077	80.2051006299046	90.351571095494	179.897595286087	99.588283917663	456.505368199505	179.702149433526	193.618980788225	66.7818925119066	206.223558569306	137.11448811143	94.2243738878893	287.149526270225	521.008163286239	168.221458485264	164.813154593464	131.644502805416	102.652744945401	284.718467998452
a142_gac-miR-217a-5p	145.004553694856	119.480610695109	315.807583730249	101.645517482431	18.5844623229429	61.4480900768559	57.8982418204251	68.7096453716424	82.743154183002	30.754818919957	56.2427887007198	13.9912742970847	0	60.6015765501264	22.0426530621101	16.3123838531165	24.5466400458351	21.8423614520196	0	18.6700634753083
a135_gac-miR-216b-5p	31.2035115545893	27.9305323702853	58.7215915326087	13.7140777555661	0	9.88819840317222	0	0	0	0	16.6645299853985	0	1.04693748764321	1.69910962290074	62.1202040841285	0	14.0266514547629	5.31300683968045	0	0
a58_gac-miR-214a-3p	5360.57973501047	13898.5432467025	2468.4551952793	4534.51947435511	4665.44342155159	11984.4964646447	4490.45402426489	2915.7554638479	6233.86923614737	4957.67680989707	10173.6955560858	1546.03580982786	1369.39423383732	4082.96042383048	10029.4071432601	3592.80254364891	6276.9265260064	4950.54170639558	5387.36813287532	3734.01269506166
a27_gac-miR-212b-5p	9.17750339840861	3.87924060698407	10.7417545486479	15.3274986679856	0	9.18189851723134	0	0	0	0	2.77742166423308	0	1.04693748764321	2.26547949720099	0	0	259.493051913114	12.3970159592544	0	0
a26_gac-miR-212a-5p	11.0130040780903	41.895798555428	19.3351581875663	54.0496005660545	15.610948351272	52.9724914455654	41.1968259106871	0	13.2389046692803	36.0270735919496	20.1363070656898	23.7851663050441	26.1734371910804	74.1944535333324	142.275306128165	96.8547791278792	14.0266514547629	13.57768414585	45.6234421979562	25.6713372785489
a38_gac-miR-210-5p	3712.30012465628	2725.55445046701	3475.31565497256	3247.81629670053	2601.08134671909	2833.67514239478	1585.52108369779	1517.77844840179	2639.50661843776	2463.02164093256	2336.50597503608	3079.47947278835	2778.57209220509	2113.69237088852	4745.18204100698	1975.83749420874	2023.34447234955	3413.31172744804	2815.07501085722	2368.76430342974
a94_gac-miR-210-3p	479.98342773677	238.185373268822	571.46134198807	313.8103674656	1090.53624911029	175.868671599277	296.171775466021	190.272864106087	223.406516294105	423.537791983408	331.207533459795	1053.54295457048	599.895180419562	612.245834118567	30.0581632665138	747.3110852709	1143.17209356318	161.161207470307	213.99566935708	520.428019374219
a52_gac-miR-21-5p	179680.832535403	164568.248421964	212238.450840066	212970.753728923	335706.010509176	211953.532771996	236497.616420527	200614.546627408	275533.048566313	203277.051133348	140491.014397318	253812.908768555	222858.442182148	161395.59122997	170393.715925213	282484.609756391	192119.538313024	238816.115439076	188299.351811515	233053.734846405
a126_gac-miR-20a-5p	163.359560491673	297.925678616377	360.206835864661	304.129841991083	1087.56273513862	182.931670458686	203.757274098804	121.563218734444	168.796034533324	350.60493568751	351.343840525484	472.905071241464	374.803620576271	425.343775599486	180.348979599083	1115.35924595684	511.972778098846	75.5627639421219	261.248520204963	420.076428194437
a203_gac-miR-206-1-3p	7567.76930232774	56339.7630314725	7120.35103181377	81684.2739539763	7274.70193169277	84503.1309537379	34874.7832749876	49770.4482499717	15626.8720990018	9567.38481144262	19610.6800157337	379.163533450997	1151.63123640754	9342.83744645688	93138.2246976197	6128.35870881771	33744.6167372959	877.82679673387	1673.94581969168	6000.09164937721
a240_gac-miR-205-1a-3p	450.615416861863	83.0157489894592	344.452262526644	63.7301260405717	104.816367501398	940.085148187301	247.180955464122	353.238048641392	72.8139756810418	65.9031833999079	7.63790957664096	51.7677148992136	31.4081246292964	167.645482792873	0	61.1714394491869	133.253188820248	857.755437561744	46.7097146312408	142.359233999226
a178_gac-miR-205-1-5p	28664.0963642496	12598.9976433629	18662.008235851	2946.10658607807	3397.98309112688	82668.1638500635	5778.68990476935	12846.9418987184	8577.15536260999	10762.429203761	3541.90697731323	4211.37356342251	6434.47779905519	30321.177590538	2204.26530621101	3542.84586809874	11045.9880206258	117001.855955256	13579.4916884917	24329.4264662611
a101_gac-miR-204-2b-3p	86.268531945041	73.7055715326974	42.9670181945918	50.0160482850056	52.0364945042401	74.1614880237916	188.169285916381	205.248043225547	178.725213035284	23.7251460239668	6.24919874452443	0	1.04693748764321	0	0	0	0	0	64.6332097804379	0
a233_gac-miR-204-1/2b-5p	53930.6809704084	19272.8431836183	10447.430474015	19608.7110590908	17641.8583939232	50698.9121127218	36254.3202291319	32919.8481690211	67650.8028600224	24805.0795226133	8923.16145176482	1192.05657011162	1396.61460851605	10982.4782325561	18119.0608170545	5477.90240267469	3212.10318314071	3177.76842422221	11560.6543712321	1927.68405382558
a234_gac-miR-202-5p	61.4892727693377	79.9123565038719	46.5476030441411	24.201313686293	0	0	8.90742181852693	103.064468057464	0	193.31600463973	224.971154802879	68.5572440557152	11.5163123640754	7.92917824020346	0	84.6204912380419	0	13.57768414585	82.5567049296349	53.6764324915114
a67_gac-miR-200b-5p	92.692784323927	22.4995955205076	56.5732406228792	15.3274986679856	0	126.427679583416	0	31.7121440176811	6.61945233464016	50.08641938393	3.47177708029135	20.9869114456271	27.2203746787236	14.1592468575062	0	13.2538118806572	38.573291500598	487.615961064006	55.3998940975182	21.0038214097219
a133_gac-miR-200b-3p	54556.5867021798	8855.53045762324	32516.0071357272	3867.36992706963	6488.20748618583	50272.3069816135	10073.1806490266	24818.276265393	10645.734217185	13271.1437185174	1371.35194671508	4775.22191759502	9605.65144912649	13297.2319088212	883.710000035506	2298.00707530779	13234.1456475688	85632.092571503	6963.54943357138	10984.9985972845
a128_gac-miR-200a-3p	9810.75113289881	811.537134981068	5978.86058177744	366.246547119235	620.721041586293	4150.21812978857	2131.10067008257	2902.5420705072	1234.52786041039	815.44205593486	97.2097582481577	803.099144652664	1431.16354560827	2022.50682112618	52.1008163286239	135.596690779031	1016.93223047031	15915.9974894027	778.314198448466	2413.1057041836
a221_gac-miR-19c-3p	20.1905074764989	0	7.16116969909863	25.0080241425028	0	10.5944982891131	0	0	3.30972616732008	42.178037375941	25.691150394156	0	2.09387497528643	1.13273974860049	0	0	0	0	0	0
a220_gac-miR-19b-3p	350.580629819209	574.90345795504	363.0713037443	406.582069929723	1121.01476731992	211.889965782262	253.861521828018	251.935366362689	335.937205982988	1192.40826498233	1010.98148578084	629.607343368813	506.717744019316	534.653161339433	82.1589795951377	440.434364034146	382.226252142289	141.680182391479	261.248520204963	585.773241537798
a157_gac-miR-19b-2-5p	100.952537382495	83.0157489894592	63.7344103219778	91.9649920079136	181.384352271923	100.294583803604	62.3519527296885	146.228219637085	84.398017266662	194.194713751729	87.4887824233419	123.123213814346	95.2713113755325	133.096920460558	246.476938785413	46.8981035777099	164.813154593464	49.5880638370175	132.52523686073	105.019107048609
a106_gac-miR-19a-1-5p	0	0	0	0	0	0	0	0	1.65486308366004	9.66580023198649	8.33226499269923	8.39476457825085	0	0	0	12.2342878898374	0	7.08400911957393	0	0
a222_gac-miR-19a-1-3p	44.0520163123613	184.651852892442	121.023767914767	95.1918338327526	286.200719773321	35.3149942970436	34.5162595467919	30.8312511283011	119.150142023523	281.186915839607	216.63888981018	194.478712729478	120.39781107897	177.273770655977	56.1085714308258	83.6009672472221	84.1599087285775	88.5501139946741	58.6587113973722	161.029297474534
a72_gac-miR-199-5p	7234.62592896551	11615.9980735531	4172.81358366477	5434.80834348521	4168.86658828255	9542.11145906119	8116.88813213267	3286.61137027689	6665.78850098264	3774.05563603472	7769.83710569204	4466.01475562945	4698.65544454275	11966.8290740899	15684.3495924669	4638.83415823001	10607.6551626645	6774.67405468587	5758.33016884204	12497.2737387845
a20_gac-miR-199-3p	32061.6081223405	73112.8235679502	24108.0777920155	45316.9598775837	23756.1464981715	66183.1245122035	63381.8733774557	47380.5858410837	50858.907150124	39193.0625224812	46762.0598498602	15687.0167418914	20560.8053198251	34863.463982426	40855.0555118456	22238.8768117519	19493.5388592568	17375.303368035	33849.8784298003	29216.3155809231
a153_gac-miR-196d-5p	149.59330539406	87.6708377178401	51.5604218335101	137.140777555661	80.2848772351133	204.826966922853	427.556247289293	181.463935212286	236.645420963386	152.016676375787	90.266204087575	5.5965097188339	20.9387497528643	16.4247263547072	198.383877558991	14.2733358714769	49.0932800916702	13.57768414585	0	35.0063690162031
a69_gac-miR-196d-3p	451.533167201704	494.991101451168	105.98531154666	395.288123542786	110.76339544474	729.607782176921	329.574607285496	437.803766021875	489.839472763372	293.48884340759	286.074431416007	32.1799308832949	41.8774995057286	68.5307547903299	346.670816340459	69.3276313757451	185.853131775609	41.9137206241458	90.1606119626276	32.6726110817895
a154_gac-miR-196a-5p	906.737335762771	852.6570854151	444.708638314025	676.023362303786	542.666299829933	2164.10285052283	690.325190935837	1115.21039795512	1040.90887962217	631.791851527117	751.292560175048	144.110125259973	171.697747973487	336.990075208647	795.539387787065	258.959093668224	192.86645750299	87.9597799013763	423.103112764379	221.707003769286
a216_gac-miR-194b-5p	34.8745129139527	16.2928105493331	7.87728666900849	0	0	9.88819840317222	15.5879881824221	0	3.30972616732008	0	2.77742166423308	0	5.23468743821607	5.66369874300247	0	0	0	0	0	0
a215_gac-miR-194a-5p	6025.94873139509	3242.26929931729	3064.2645142443	1078.57187995246	380.609788373871	959.861544993646	714.820600936786	856.22788847739	1699.54438691886	326.879789663543	177.060631094859	302.21152481703	67.0039992091657	3241.33479062031	1042.01632657248	331.345297016429	634.705978328022	425.630881267734	1658.73800562569	424.743944063264
a71_gac-miR-194a-3p	121.143044858994	13.9652661851427	25.0640939468452	12.9073672993563	0	30.3708950954575	0	0	31.4423985895408	0	0	1.39912742970847	0	14.1592468575062	0	0	0	0	0	4.66751586882708
a207_gac-miR-193a-2-5p	522.19994336945	1833.32911086067	204.809453394221	684.897177322093	582.065359954572	2003.77277641426	670.283491844152	744.354491526126	1062.42209970975	1041.27029771854	883.914444642177	170.693546424434	100.505998813749	346.051993197451	597.155510228074	321.150057108231	248.973063322042	135.7768414585	285.689649953868	336.06114255555
a195_gac-miR-190b-5p	0	11.6377218209522	60.1538254724285	4.84026273725861	0	0	0	0	0	0	0	0	1.04693748764321	0	0	0	0	0	0	0
a131_gac-miR-18c-5p	104.623538741858	37.2407098270471	385.987046781416	205.711166333491	545.639813801604	116.539481180244	149.199315460326	24.6650009026409	132.389046692803	239.887587575665	26.3855058102142	106.333684657844	121.444748566613	95.7165087567418	82.1589795951377	181.475270365921	175.333143184536	146.402855137861	68.9782995135766	49.0089166226843
a130_gac-miR-18a/b-5p	175.290314909604	51.9818241335866	257.085992197641	70.1838096902498	89.2054191501259	95.3504846020178	14.4745604551063	20.2605364557407	86.0528803503221	106.323802551851	59.7145657810112	230.856025901898	216.716059942145	126.866851843255	0	273.232429539701	171.826480320846	41.9137206241458	0	161.029297474534
a32_gac-miR-18a-3p	78.9265292263141	130.342484394665	158.26185035008	75.8307828837182	184.357866243594	129.25287912718	71.2593745482155	82.8039316017229	182.034939202604	479.775175151329	118.734776145964	173.491801283851	175.88549792406	129.132331340456	62.1202040841285	122.342878898374	224.426423276207	90.3211162745676	203.132945024233	200.703182359564
a76_gac-miR-184-5p	53.2295197107699	6.98263309257133	41.534784254772	0	31.9652751954618	90.4063854004317	3.3402831819476	0	21.5132200875805	5.27225467199263	0	1.39912742970847	3.14081246292964	0	0	0	0	20.661693265424	36.3901265150365	11.6687896720677
a204_gac-miR-184-3p	19404.9131855952	2513.74791332568	9687.63036894062	768.795064767909	2242.02953463983	28794.4337500375	4715.36642518269	9883.61821884394	3928.64496060893	3402.36168165924	304.127672233522	1650.970367056	2749.25784255108	3923.81048915211	414.802653077891	936.942547563379	2012.82448375848	4781.7061557124	3914.92584955795	5696.70311790345
a159_gac-miR-183-5p	784.676540563936	217.237473991108	606.551073513654	312.19694655318	388.043573303048	937.966248529479	378.565427287395	535.582876743059	370.689330739849	366.421699703488	161.784811941577	218.263879034522	398.883182792065	624.705971353173	60.1163265330276	138.65526275149	1227.33200229175	3607.53164414302	174.889861758832	308.056047342587
a243_gac-miR-182b-5p	5.50650203904517	7.75848121396815	0	8.06710456209768	0	28.9582953235758	21.1551268190015	71.3523240397825	24.8229462549006	67.6606016239054	55.5484332846616	8.39476457825085	29.31424965401	20.9556853491091	0	18.3514318347561	0	0	0	2.33375793441354
a241_gac-miR-182a-5p_gac-miR-182b-5p	43.1342659725205	13.1894180637459	83.0695685095441	8.87381501830745	0	72.042588365969	10.0208495458428	56.377144920322	8.2743154183002	21.9677277999693	0	22.3860388753356	10.4693748764321	19.8229456005086	0	13.2538118806572	42.0799543642887	100.356795860631	0.543136216642335	2.33375793441354
a242_gac-miR-182a-5p	551.567954244358	95.4293189318082	261.3826940171	126.653541624934	152.392591048132	553.739110577644	184.829002734434	495.061803831577	153.902266780384	144.108294367799	30.5516383065639	41.9738228912542	75.3794991103114	188.601168141982	66.1279591863304	34.6638156878726	410.279555051815	1244.42426867182	230.832892072992	142.359233999226
a87_gac-miR-181b-3-3p	51.3940190310882	0	9.30952060882822	3.22684182483907	0	2.11889965782262	31.1759763648443	0	0	0	4.16613249634962	0	5.23468743821607	13.0265071089057	0	26.5076237613143	0	0	0	0
a8_gac-miR-181b-2/3-5p_gac-miR-181c-5p	3086.39439288482	1852.72531389559	2014.43703635644	1862.69444338835	1407.21548709324	2129.49415611173	1993.0356318954	2030.45811002097	1951.08357563519	1045.66384327854	1115.82915360564	1649.57123962629	1380.9105462014	1951.71058683865	1282.48163270459	1289.69784838702	978.358938969713	6693.20794981077	1818.96318953518	1577.62036366355
a88_gac-miR-181b-2-3p	1.83550067968172	0	0	2.4201313686293	0	0	22.2685545463173	0	4.96458925098012	0	7.63790957664096	0	2.09387497528643	3.39821924580148	0	0	0	0	0	16.3363055408948
a7_gac-miR-181b-1-5p	1433.52603083143	958.172429925066	990.38976938534	1139.8818746244	942.603929019664	1081.34512537548	1343.90726687025	595.483593220901	1246.11190199601	579.948013919189	555.484332846616	954.204907061179	810.329615435848	577.130901911952	478.92673471312	756.486801188278	676.785932692311	801.67369869845	700.10258325197	800.478971503844
a6_gac-miR-181a-5p	12519.950136109	9967.32081558488	11109.1225542117	12099.0434222341	10900.1588416525	10617.0998854632	12053.9685759216	6557.36666854495	9057.0656568714	6528.80870215087	9577.24425369171	21676.6812684734	15652.7623777537	13918.5396609286	18129.08020481	14380.385890513	17059.9148318554	33750.5807820234	10218.5647799089	12800.6622702583
a23_gac-miR-181a-3-3p	442.355663803295	454.646999138533	267.111629776379	392.061281717947	148.675698583543	472.514623694444	518.857320929194	455.421623809476	417.02549708233	441.111974223383	365.925304262708	345.584475137993	496.248369142884	332.459116214245	216.418775518899	387.419116511517	371.706263551217	301.070387581892	358.469902983941	378.068785374993
a21_gac-miR-181a-2-3p_gac-miR-181a-3-3p	51.3940190310882	63.6195459545388	85.9340363891835	45.9824960039568	33.4520321812972	82.6370866550821	15.5879881824221	79.2803600442028	51.3007555934612	63.2670560639115	98.5984690802743	39.1755680318373	50.2529994068743	39.079521326717	52.1008163286239	62.1909634400067	35.0666286369073	58.4430752364849	98.3076552122627	74.6802539012332
a22_gac-miR-181a-2-3p	1679.48312190878	2191.770942946	1268.24315371037	1434.33119114097	298.838154152922	2097.00436135845	2017.53104189635	1212.9895086763	1836.89802286264	932.310367830696	1072.77911781003	632.40559822823	629.209430073572	1620.95058024731	1673.23775516927	870.673488160093	757.439178557197	3283.43822692252	1452.3462433016	1927.68405382558
a24_gac-miR-181a-1-3p	332.225623022392	270.770994367488	474.069434080329	223.458796370106	500.293725733623	350.324743426673	332.914890467444	171.774113429106	335.937205982988	110.717348111845	88.1831378394002	256.040319636651	174.838560436417	181.238359776079	66.1279591863304	224.295277980352	210.399771821444	775.698998593345	184.123177441752	165.696813343361
a2_gac-miR-17a-5p	122.978545538675	79.9123565038719	278.569501294937	112.939463869368	750.812277846893	102.413483461427	0	34.3548226858212	102.601511186922	53.6012558319251	206.223558569306	219.66300646423	115.163123640754	150.088016689565	80.1551020440368	361.931016741022	224.426423276207	100.356795860631	0	158.695539540121
a31_gac-miR-17a-1-3p	12.8485047577721	0	5.7289357592789	0	0	0	0	0	0	14.9380549039791	13.1927529051071	4.19738228912542	20.9387497528643	0	0	0	0	0	103.739017378686	0
a115_gac-miR-1788-5p	10.0952537382495	0	0	0	0	12.7133979469357	0	36.9975013539613	0	0	0	0	3.14081246292964	0	0	0	0	15.3486864257435	0	0
a150_gac-miR-16c-5p	71202.7423662134	123505.710748916	126845.082763164	227990.895713092	410625.925160902	140320.598339873	161414.731056708	144661.111186878	222896.818464338	459799.480908261	228472.789166061	353854.717375	360814.441866382	169206.398166445	148811.954699857	275882.172391842	267056.923710095	106191.658038786	248945.941761798	148616.039021389
a149_gac-miR-16a-5p_gac-miR-16c-5p	4211.55630952971	6649.7942484921	7857.95151082092	10849.4489255652	18304.2086311129	6958.46647628948	7271.79648709992	6759.09114021297	9843.12562160992	19904.5188049962	12595.607247297	16354.4005258624	17176.0564222746	8374.34496140345	11712.6642861849	16687.5686817382	10509.4686024811	8844.97571988135	8955.22993999882	8130.81264349677
a151_gac-miR-16a-5p	4605.27120532144	4295.09520005277	8147.26276666451	7370.91343838865	30001.2692171732	4424.96878541957	4133.0437237965	3658.34816959527	6968.62844529243	13051.4664405178	6862.31457690388	15558.2970183582	16145.8699344336	8657.52989855358	10610.5316330794	10555.1318769572	13714.5584598944	5110.52224567929	9892.13991370685	8130.81264349677
a152_gac-miR-15c-5p	28486.9705486603	50703.2264295246	59025.9412448204	65796.1115189249	101193.140726917	41069.9257676899	44464.7362903591	41267.1891887863	58439.8349363707	132384.557395511	70427.0811399582	104703.701202234	151809.076520729	97001.602001529	69258.01592115	69366.3732873963	120660.762476734	53212.7151698662	86309.7761866335	86549.7467556605
a147_gac-miR-15b-1-5p	75.2555278669506	137.325117487236	59.4377085025186	58.0831528471033	324.113022912124	54.3850912174472	11.1342772731587	106.588039614984	105.911237354243	127.412821239822	246.496172700686	460.312924374088	467.981056976517	390.22884339287	386.748367362478	323.189105089871	753.932515693507	210.158937214027	84.186113579562	464.417828948294
a148_gac-miR-15a-2-5p	22390.3550410975	23626.9028408972	34694.434958193	35455.7312608755	65001.758799218	19209.9442978199	16818.3258211062	14744.385182443	28008.5576909462	64302.1753978461	48982.6084704146	81669.8663269431	68794.2623130356	34443.2175356952	17938.7118374554	42104.3017728753	42854.9268571644	14946.6689082077	19980.3520016216	32651.6072603798
a225_gac-miR-155-5p	1530.80756685456	229.651043933457	2262.21350794526	1792.5106336981	4631.24801087737	573.515507383989	2073.20242826214	1825.21006679542	1944.46412330055	883.102657558765	376.340635503582	561.050099313098	588.378868055486	753.838302693629	264.511836745321	1426.31406315687	1739.3047803906	1144.06747281119	882.596352043795	536.764324915114
a16_gac-miR-152a-5p	683.724003181442	1016.36103902983	757.651754164635	767.988354311699	970.10893325762	995.88283917663	876.267621397587	461.587874035136	709.936262890157	836.53107462283	663.803777751706	600.225667344935	642.819617412933	820.103577986758	549.062449001652	702.452029674829	708.345898465527	549.601040860278	676.74772593635	562.435662193663
a169_gac-miR-152a-3p	2488.02117130858	2473.40381101305	2763.49538688216	1507.74184265606	1271.92060138221	754.328278184852	2074.31585598946	1719.50292006982	1032.63456420387	1519.28805464588	1361.63097089027	1164.07402151745	1265.74742256065	1824.2773651211	394.763877566881	1013.40684687486	540.026081008372	391.981837949758	312.303324569343	1955.68914903855
a29_gac-miR-150-5p	10262.2843001005	23617.5926634404	8011.91665935154	2315.25900932203	1264.48681645304	3448.86234304928	1844.94974416239	7374.83526988962	2760.31162354495	5676.46086351206	6495.00056180905	1292.79374505063	2265.57272325992	8564.64523916834	2013.89693885643	2479.48234567371	3092.87664577522	170761.81082961	7322.01933655532	2324.42290267588
a78_gac-miR-150-3p	29.3680108749076	80.6882046252687	25.7802109167551	6.45368364967814	0	0	0	113.635182730024	6.61945233464016	29.8761098079582	1.38871083211654	0	1.04693748764321	2.26547949720099	0	0	0	368.368474217844	36.9332627316788	7.00127380324062
a170_gac-miR-148a-3p	2740.40251476481	2450.90421549254	2532.90572257118	1177.79726606626	1087.56273513862	1046.03013107843	1847.17659961702	1735.35899207866	1198.12087256987	1186.25730119834	567.982730335664	796.103507504122	744.372553714325	2007.21483452008	671.298979618808	414.946264263651	810.039121512558	831.780737456639	1867.30231281635	1565.95157399148
a183_gac-miR-146a-5p	81384.2646364079	24020.2578384454	43790.5527099881	38689.8334798205	17403.2338976967	20849.9726329746	53073.7594779654	41922.573498485	24760.0614577215	11736.0388998556	25930.00865728	38358.4776128875	28611.7545998014	37476.6945824474	28980.0771440215	41007.2939587532	43906.9257162716	62413.0720139128	50449.75061904	78892.6869728497
a53_gac-miR-146a-3p	904.901835083089	359.217680206725	590.796500175637	439.657198634324	313.705724011276	483.109121983557	589.003267750093	292.45643927417	418.68036016599	326.001080551544	1020.0081061896	625.409961079688	352.817933335763	603.183916129763	474.918979610918	288.525289401998	760.945841420888	1649.39345667413	908.123754225984	1285.90062186186
a121_gac-miR-145-5p	2364.12487543006	8051.75180385614	2650.3489056364	2339.46032300833	2395.16550418088	3107.71949813984	1173.55282459092	1338.95719185765	1775.66808876722	1881.31620878937	9886.23241383764	3204.00181403241	2878.0311535312	5267.8062008666	5875.3689798279	3378.70250557676	3198.07653168594	5902.75059888498	3831.82600841168	3199.58212808096
a113_gac-miR-145-3p	2097.97727687621	3533.21234484109	2199.19521459319	2879.95632866887	939.630415047993	2375.9928163051	2235.76287645026	3003.8447527859	1992.45515272669	1144.9579729344	3321.1019550067	3090.67249222602	2652.9395936879	3808.27103479486	3516.80510218212	2363.25661072025	985.372264697095	3227.35648805922	3310.41524043503	2137.7222679228
a48_gac-miR-144-5p	6331.5595945621	6018.25387767509	6680.65521228911	10069.3599144103	89234.4109113497	6318.55877962705	13207.4797014208	10669.3746761709	12696.1095778398	17522.3384023675	7627.49424540009	15040.6198693661	18181.1164104121	16107.559225099	19475.6859191498	21382.4766594633	20559.5643698187	5612.30622498245	16089.3241455959	21129.8443381802
a80_gac-miR-144-3p	515.775690990564	779.727362003799	800.618772359226	343.658654345361	3686.41394637895	298.764851752989	791.647114121581	509.156090061658	623.883382539835	1248.64564815025	1156.10176773702	1316.57891135567	898.272364397878	1310.57988913077	1647.18734700496	1439.56787503753	1770.86474616382	587.972756924636	195.529037991241	2942.86875529547
a120_gac-miR-143-5p	28.4502605350667	46.5508872838089	58.0054745626989	12.9073672993563	113.736909416411	20.4826966922853	0	0	18.2034939202604	14.0593457919803	95.8210474160412	69.9563714854237	34.5489370922261	28.3184937150124	0	33.6442916970528	17.5333143184536	20.661693265424	0	60.677706294752
a55_gac-miR-143-3p	32090.9761332154	70818.6406729799	40984.0903049114	49668.3560783792	34204.33121613	34738.6535901159	58866.9239431899	49257.7685883525	29070.9797906559	17853.611737591	48599.3242807504	50206.2886876589	44049.8947925882	89596.3158950533	90298.7302077097	61445.6914027174	51961.7303141692	82380.5323856185	69384.0222674084	67487.6119473707
a66_gac-miR-142-5p	1027.88038062176	258.357424425139	2731.27012323622	959.985442889624	4650.57585169323	229.547462930784	680.304341389995	622.791272791682	526.246460603893	731.085981182978	646.444892350249	1453.6933994671	865.817302280938	1181.44755779032	927.795306159726	1645.51172118313	1599.03826584297	899.669158185889	641.98700807124	1250.89425284566
a218_gac-miR-142-3p	220.260081561807	224.995955205076	1114.99412214966	425.943120878757	1999.68814594866	98.1756841457813	94.6413568218487	313.597868619291	322.698301313708	394.540391287448	354.121262189717	460.312924374088	435.525994859577	640.564327833579	302.585510216239	640.261066234823	441.839520825032	242.036978252109	36.3901265150365	539.098082849527
a65_gac-miR-140-5p	100.952537382495	955.844885560876	165.423020049178	131.493804362192	925.506223682557	149.029275933524	177.035008643223	271.315009929049	137.353635943783	141.472167031802	240.941329372219	306.408907106156	335.019996045829	314.335280236637	302.585510216239	356.833396786923	585.612698236352	325.864419500401	225.401529906569	261.380888654316
a139_gac-miR-140-3p	2853.28580656524	22044.1726732477	3173.83041064051	3758.46401548131	12010.7663100715	3104.89429859608	5087.25128610619	2729.88706418871	4335.7412791893	7911.01813532494	7655.96281745848	12375.2821157715	11485.9511769337	7457.39213491135	5797.21775533496	18136.3122726931	18318.8067999204	3277.53488598954	5533.47177515211	8546.22155582238
a180_gac-miR-139-5p	1430.7727798119	908.51815015567	888.70115965814	701.031386446288	577.605088997065	704.18098628305	976.476116856015	626.314844349202	635.467424125455	372.572663487479	1396.34874169318	1092.71852260232	1122.31698675353	1129.90789922899	1005.94653065266	1194.88211724078	722.37254992029	1443.36685811319	329.140547285255	756.137570749987
a54_gac-miR-1388-3p	732.364771193007	250.598943211171	2041.64948121302	3628.58363203154	2921.47747716662	218.24666475573	1036.60121413107	493.300018052817	875.422571256161	554.465449671225	170.811432350334	731.743645737532	1565.17154402661	1415.35831587632	234.453673478808	765.662517105656	1939.18456362097	1159.41615923693	917.357069908904	476.086618620362
a160_gac-miR-135c-5p	270.736350253054	115.601370088125	44.3992521344115	95.1918338327526	34.1954106742149	71.3362884800281	234.933250463648	81.0421458229628	112.530689688883	10.5445093439853	0	39.1755680318373	0	52.672398309923	22.0426530621101	40.7809596327913	182.346468911918	45.4557251839327	26.0705383988321	79.3477697700603
a162_gac-miR-135b-5p	4.58875169920431	24.0512917633013	14.3223393981973	13.7140777555661	0	47.3220923580385	34.5162595467919	0	3.30972616732008	72.0541471838993	12.4983974890489	1.39912742970847	4.18774995057286	14.7256167318064	18.0348979599083	31.6052437154132	3.50666286369073	0	0	16.3363055408948
a161_gac-miR-135a-1-5p	0	68.2746346829197	0	24.201313686293	0	21.1889965782262	0	0	9.92917850196024	6.1509637839914	61.797632029186	6.99563714854237	1.04693748764321	18.1238359776079	0	7.13666793573847	10.5199885910722	10.0356795860631	54.8567578808759	0
a246_gac-miR-133b-3p	4.58875169920431	96.205167053205	5.01281878936904	45.9824960039568	50.5497375184047	77.692987453496	32.2894040921601	0.880892889380031	8.2743154183002	4.39354555999386	50.6879453722537	8.39476457825085	4.18774995057286	17.5574661033077	68.1318367374313	0	59.6132686827424	11.2163477726587	0	0
a41_gac-miR-133a-5p	27.5325101952258	260.68496878933	57.289357592789	191.190378121715	0	125.015079811534	31.1759763648443	65.1860738141223	9.92917850196024	57.9948013919189	148.59205903647	1.39912742970847	0	44.7432200697195	108.20938775945	17.3319078439363	52.5999429553609	0	14.6646778493431	32.6726110817895
a245_gac-miR-133a-3p_gac-miR-133b-3p	21.1082578163398	120.256458816506	2.14835090972959	69.37709923404	0	60.0354903049742	0	40.5210729114814	11.5840415856203	0	79.850872846701	0	0	23.2211648463101	128.248163270459	35.6833396786923	45.5866172279795	0	0	16.3363055408948
a236_gac-miR-133a-3p	1897.9077027909	21518.1476469407	1528.90973075756	19114.1975494342	1264.48681645304	17728.8334370018	2681.13396737661	4021.27604001984	1365.26204401953	2101.87219590106	11427.0070820709	597.427412485519	405.164807717924	4115.2435066656	20299.2795926523	1745.42507228347	12788.7994638801	614.537791123039	609.3988350727	3486.63435401383
a64_gac-miR-130c-3p	53.2295197107699	0	43.6831351645016	17.7476300366149	170.977053371075	24.7204960079305	16.701415909738	0	28.1326724222207	26.3612733599631	36.8008370510883	62.9607343368813	50.2529994068743	13.0265071089057	50.096938777523	33.6442916970528	24.5466400458351	47.817061557124	35.3038540817518	49.0089166226843
a104_gac-miR-130c-2-5p	110.130040780903	89.9983820820305	169.719721868637	191.997088577925	298.094775660004	296.645952095166	104.662206367691	325.930369070611	201.893296206525	150.25925815179	136.093661547421	162.298781846183	142.383498319477	65.1325355445284	128.248163270459	275.271477521341	73.6399201375053	66.7077525426545	140.672280110365	74.6802539012332
a30_gac-miR-130b-5p	5570.74456283403	7969.51190298808	7094.57082089701	5939.80908907252	4293.75417509273	11020.3971203354	6980.07842254317	8763.12246355254	10046.6737809001	9519.93451939469	6539.43930843678	8257.65009013942	7817.48222023188	2659.67292971396	5656.9463267579	8545.65009105141	5193.36770112597	3218.50147665976	8268.70576216291	3799.35791722524
a62_gac-miR-130b-3p	44.9697666522022	38.7924060698407	72.3278139608961	38.7221018980689	63.1871718980059	19.7763968063444	0	115.396968508784	18.2034939202604	57.9948013919189	84.0170053430506	267.233339074319	96.3182488631757	43.610480321119	38.0736734709175	263.037189631504	98.1865601833404	25.3843660118066	30.9587643486131	30.338853147376
a70_gac-miR-1306-5p	127.56729723788	361.545224570916	142.507277012063	97.6119652013819	84.7451481926197	120.777280495889	102.43535091306	414.019658008614	172.105760700644	555.344158783224	510.351230802828	151.105762408515	228.232372306221	91.1855497623398	396.767755117982	166.182410503624	63.1199315464331	144.631852857968	474.701053345401	86.3490435733009
a12_gac-miR-129-1b/2-3p	17.4372564569764	0	7.16116969909863	0	0	8.47559863129047	0	0	0	0	3.47177708029135	0	5.23468743821607	3.96458912010173	0	0	0	8.26467730616959	0	0
a96_gac-miR-129-1a/2-5p	0	12.413569942349	11.4578715185578	56.4697319346838	19.3278408158606	11.300798175054	10.0208495458428	0	26.4778093385606	39.5419100399447	19.4419516496315	2.79825485941695	6.28162492585929	9.6282878631042	0	0	192.86645750299	20.0713591721261	0	18.6700634753083
a117_gac-miR-128-2-5p	4.58875169920431	0	16.4706903079268	2.4201313686293	0	7.06299885940873	0	73.9950027079226	3.30972616732008	0	0	0	0	4.53095899440198	0	0	0	34.239377411274	0	0
a166_gac-miR-128-2-3p	18129.2402132164	24554.0413459664	25967.8335628714	28872.9739382038	32614.9879982719	19460.6807573289	32144.6584876091	29694.0184081114	29891.7918801513	69186.9193514473	38609.6329099201	27393.5159462622	39378.4597227242	22877.3783326099	17491.8471435599	19185.4024592466	22512.7755848945	20419.0659530786	28872.0350042733	22985.1818960389
a68_gac-miR-126b-5p	2647.70973044088	3070.0310163672	3535.46948044499	1389.96211604943	1251.10600358052	2419.78340923343	1068.89061822323	1948.53507130863	1451.31492436986	1517.53063642188	6205.45435331275	3029.11088531885	3104.16965086213	3522.82061814754	3302.39020421432	2775.14430301145	1451.75842556796	2127.56407224537	2240.98002986627	5159.93879298833
a179_gac-miR-126b-3p	77085.5220445933	80249.8504366795	124725.376532231	72132.0154419964	65172.7358525891	90202.9710332807	108798.59037467	105893.015125263	64048.1659268945	41016.3839298787	104190.807601208	97331.6987750997	98075.009967441	110554.833093534	167061.267557733	163313.469993457	85734.4003543746	115680.688254456	132382.392035753	191524.512403516
a175_gac-miR-125b-2/3-5p	79680.0022553234	208320.651531895	51309.7808940417	70182.1962693374	49086.0252658497	175608.046941365	56201.3779639957	71371.7036833488	104562.52394106	77404.6069668598	157533.968084468	29423.6498467692	30394.6891412578	61673.7147221768	205427.507151111	73563.7535576013	63635.4109873956	70689.5560019484	112301.016697836	60402.3228584912
a28_gac-miR-125b-2-3p	449.697666522022	553.955558677326	108.849779426299	277.50839693616	105.559745994316	515.598916736837	970.908978219436	806.897886672108	417.02549708233	239.887587575665	189.559028583908	36.3773131724203	25.1264997034371	63.4334259216277	334.647551033854	50.9761995409891	24.5466400458351	151.125527884244	343.262088917956	84.0152856388874
a176_gac-miR-125a-5p	42808.464601877	76504.0557065757	34508.9606629864	37966.2142006003	21116.4094698206	90474.190189482	58236.7238495291	56202.7281282247	62712.6914183809	32188.872190739	67894.7669375936	49187.7239188311	49579.8186023197	54250.8711495978	173399.532251865	91350.3691014432	59238.0557563275	80726.416256198	124609.569639384	70348.7991749617
a61_gac-miR-125a-1-3p_gac-miR-125a-2-3p	46.8052673318839	117.928914452316	41.534784254772	53.2428901098447	83.2583912067842	94.6441847160769	8.90742181852693	115.396968508784	62.8847971790815	45.6928738239361	19.4419516496315	23.7851663050441	34.5489370922261	26.0530142178114	62.1202040841285	40.7809596327913	84.1599087285775	41.9137206241458	57.0293027474452	4.66751586882708
a129_gac-miR-124-3p	38.5455142733162	14.7411143065395	68.7472291113468	12.1006568431465	73.5944707988539	14.1259977188175	0	0	9.92917850196024	2.63612733599631	3.47177708029135	2.79825485941695	0	0	0	0	0	0	9.77645189956203	0
a123_gac-miR-122-5p	565704.980479266	375468.594957503	334186.725762986	134106.739529856	4784.38398041842	105544.510855802	194872.120834823	155594.753729863	328313.251756566	78155.0245485067	27590.2124570753	7804.33280291387	1125.45779921646	162933.851808569	15053.1281638701	9464.24120678003	10011.522475837	18629.7633162928	48159.3451934592	12182.2164176387
a11_gac-miR-122-3p	2602.73996378868	1654.10819481801	1712.23567505448	485.63969463828	0	497.941419588315	465.412790018032	246.650009026409	1128.61662305615	165.197313055769	93.0436257518081	142.710997830264	18.8448747775779	1379.1106439211	208.403265314496	78.5033472931232	52.5999429553609	133.415505085309	395.946301932262	84.0152856388874
a141_gac-miR-10c-5p	3333.26923430201	6645.91500788512	6553.90250861506	5645.35977255596	1287.53154973348	4186.94572385749	4765.47067291191	5714.35217340826	2113.26015783387	1556.19383734982	13783.6493641727	2866.81210347266	2545.10503246065	4583.6313927119	4791.2712246823	4966.10135928316	5316.10090135514	4383.23064273637	11162.5355244333	14366.6138442497
a140_gac-miR-10b-5p	29185.3785572792	45861.9341520085	27192.3935814173	46289.0459773165	20163.3982419001	67051.1670720249	61507.9745123831	59013.6573382364	47552.4907089713	30049.215503022	68099.6017853308	18479.6750915895	31568.3060649058	55286.1952798186	71299.9671457219	54077.5915210628	21341.5501884218	19416.6786626588	56442.1724972548	25237.258302748
a132_gac-miR-10545-5p	17.4372564569764	9.31017745676178	0	12.1006568431465	28.2483827308732	15.5385974906992	18.9282713643697	0	9.92917850196024	0	18.7475962335733	8.39476457825085	3.14081246292964	30.0176033379131	0	24.4685757796748	0	9.44534549276524	54.3136216642335	0
a90_gac-miR-10545-3p	130.320548257402	33.361469220063	18.6190412176564	16.1342091241954	0	38.1401938408071	130.271044095956	20.2605364557407	41.371577091501	43.0567464879398	6.94355416058269	8.39476457825085	4.18774995057286	20.3893154748089	0	0	0	93.8631208343546	98.3076552122627	7.00127380324062
a37_gac-miR-103-3p	2054.84301090369	2639.43530899196	3076.43850273277	2395.93005494301	4429.04906080375	1580.69914473567	2011.96390325977	1756.50042142378	2004.03919431231	3508.68548421109	3806.45639083143	3553.78367145952	2807.8863418591	1974.36538181066	1172.26836739404	2489.67758558191	2675.58376499603	1857.78139160826	1012.94904403796	1967.35793871061
a172_gac-miR-101b-5p	648.849490267489	834.812578622973	640.208571099417	642.141523142975	1486.75698583543	466.864224606917	413.081686834186	305.669832614871	690.077905886237	1947.21939218928	2445.51977535723	1075.92899344582	841.737740065144	1260.17297031805	973.884489835047	977.72350719617	1602.54492870666	799.312362325259	557.800894491678	562.435662193663
a19_gac-miR-101b-3p	156.017557772946	174.565827314283	220.564026732238	44.3690750915372	203.685707059454	14.1259977188175	38.9699704560553	34.3548226858212	79.4334280156819	95.7792932078661	193.030805664199	65.7589891962983	84.8019364991003	164.247263547072	62.1202040841285	107.050019036077	35.0666286369073	50.1783979303153	0	147.026749868053
a171_gac-miR-101a-5p	0	0	3.58058484954931	0	25.2748687592023	0	0	0	0	0	6.24919874452443	0	0	12.4601372346054	0	0	0	0	0	0
a138_gac-miR-101a-3p	8293.70982114186	12114.0925674899	14303.0042400097	8035.6428543055	10237.0652259699	4279.47100891575	8385.22421441579	8276.86958861477	6862.71720793819	25131.0806031649	22925.5327719959	13582.7290876099	15054.9610723094	12084.0676380701	5933.48142880983	11959.016412316	7255.28546497612	4001.28448437268	5375.41913610919	20289.6914817913
a9_gac-miR-100-2-5p	63041.1885940086	133598.718960167	44908.4113000174	95714.5822083766	39353.714036571	120886.75697821	87028.8514501901	90344.3747348159	71402.3774706797	63577.2403804471	108986.720459922	39109.809042641	44798.4550962531	70161.9000283146	102784.89122862	57426.7278309058	56857.0316718815	54612.9876391686	109741.2157088	72668.5545617688
a18_gac-miR-1-3p	12587.8636612573	62574.4785350173	11917.6186132399	128447.665679544	8770.37945944321	79066.034431765	56427.4037926408	84038.0625397443	12601.7823820712	11414.431364864	35447.5383451907	2102.88852685184	2650.84571871262	23112.4218304445	167049.244292426	11944.7430764446	30069.634056148	3225.58548577933	4726.91449343824	25706.3436475651
a194_gac-let-7j-5p	6952.87657463437	4404.48978516972	9869.52407929773	13468.0310664221	22232.9639661831	6582.71493696893	12214.3021686551	9074.95854639307	10432.2568793929	11309.8649805362	7006.04614802794	14394.2229968408	14900.0143241382	9149.70531932049	10131.6048983663	9686.49743677874	8184.55112385416	8715.10221935583	11110.9375838523	9143.66358703225
a92_gac-let-7j-3p	145.004553694856	139.652661851427	192.635464905753	139.56090892429	521.851702028237	158.211174450755	172.581297733959	117.158754287544	122.459868190843	269.763697383623	148.59205903647	388.957425458956	378.991370526844	243.539045949106	196.38000000789	299.740053301016	525.999429553609	154.077198350733	139.58600767708	154.028023671294
a192_gac-let-7i-5p	1482.16679884299	1339.1138575309	1485.22659559306	2301.54493156647	1284.55803576181	1862.51279922608	3895.88361787822	2584.53973744101	1529.09348930188	761.840800102935	1161.65661106548	2378.51663050441	1735.82235451245	1455.00420707733	2334.51734703257	1020.5435148106	1777.8780718912	2328.86799805993	1642.44391912642	2756.16812054239
a184_gac-let-7h-1-5p	18774.4187021245	16298.2414861829	27541.8586627333	35291.1623278087	31380.9797000285	26239.0407627034	43538.3644212323	34511.6216201308	32024.9103949891	32942.8046088339	18616.3630599383	20021.5135191283	26821.4914959315	14898.359543468	16616.1526537288	19082.4305361738	19805.6318541252	23635.2060933651	33883.5528752321	15937.2329341101
a82_gac-let-7h-1-3p	1687.74287496734	1812.38121158296	2000.11469695825	810.744008490817	1464.4556310479	1450.03366583661	654.69550366173	1286.98451138422	1135.23607539079	2182.71343420495	2353.86486043753	826.884310957708	1141.1618615311	842.758372958768	999.934897999359	901.259207884687	841.599087285775	1218.44956856672	1668.51445752525	725.798717602611
a191_gac-let-7g-5p	53235.9439631488	52246.3883429829	69435.4175194302	113893.802339064	130126.91842826	78005.8783029678	123195.210888864	107743.77108585	106444.103267181	153620.320505185	92065.9733259981	106144.802454833	157657.269326704	65884.6747375991	88344.9495953863	89775.2045356267	75544.0380724894	73805.9296804676	97294.7061682247	70624.1826112225
a84_gac-let-7g-1-3p	1.83550067968172	17.8445067921267	5.01281878936904	0	0	7.06299885940873	1.11342772731587	0	8.2743154183002	19.331600463973	0	6.99563714854237	9.42243738878893	10.1946577374044	34.0659183687156	0	0	0	0	2.33375793441354
a186_gac-let-7f-5p	14191.1735049592	9879.64997786704	19176.1802202463	28211.4713641118	34810.1846878579	17987.3391952562	29429.0082606857	28436.9842549661	20788.3900569374	20651.4215501951	10908.3235862754	18732.9171563668	24444.9433989814	13571.3549279825	15311.6283679621	21925.8829465702	14233.5445637207	14209.931959772	24732.793897242	14499.6380465113
a185_gac-let-7e-5p	105798.259176854	84581.410498438	159838.739917821	220935.406063082	262382.129481744	136995.338476864	280478.011649503	237694.851912971	191864.825919545	216251.19117201	113309.082924885	271637.792223041	287366.542420772	111154.618790418	107081.20469818	235556.939982947	143639.9242225	108523.477707313	183634.354846774	131425.578076498
a83_gac-let-7e-1-3p	94.5282850036087	82.2399008680624	146.087861861612	100.032096570011	322.626265926289	185.756870002449	129.157616368641	221.104115234388	220.096790126785	331.273335223537	374.257569255407	223.860388753356	171.697747973487	145.557057695164	184.356734701285	277.310525502981	182.346468911918	86.7791117147807	193.899629341314	214.705729966046
a193_gac-let-7d-5p	43689.5049281242	59215.0561693691	38545.7120223683	46556.0671383219	24431.8775482337	86903.8442660509	140506.785193171	129084.282223971	77555.1584157278	42105.1045196451	41118.3390281386	22921.9046809139	24678.4104587258	26213.8632621126	41099.5285730799	38662.3887798677	31254.8861040755	30084.0157285506	71153.5600612291	32205.8594949068
a91_gac-let-7c-2/d-3p	390.961644772207	434.474947982216	124.604352764316	163.762222610583	59.4702794334173	529.018614569714	242.727244554859	154.156255641505	200.238433122865	154.652803711784	94.4323365839246	36.3773131724203	56.5346243327336	44.1768501954193	198.383877558991	38.7419116511517	0	81.4661048751002	95.0488379124087	51.3426745570979
a189_gac-let-7c-2-5p	31760.5860108727	52147.0797834441	20095.6744096106	38783.4118927408	19078.8090207332	71498.0311539086	76148.4356988594	74271.6030751879	58982.6300278111	28291.7972790244	28198.4678015424	8848.08186547639	8508.4609620764	13946.2917847693	43440.0575527658	16131.9281067414	19830.1784941711	26502.4587845127	40110.0664628198	15750.532299357
a190_gac-let-7b-5p	119672.808814569	201690.253486437	96635.6883875165	93458.2130623578	49473.3254606598	248255.934309585	418992.874638506	389604.830686557	234879.68205312	120102.840137104	120018.639310256	43628.9906405994	47938.2206216951	79559.6753525786	159853.320006423	69935.2676742737	81663.1647696297	180759.118699608	271604.498447683	92115.7594292368
a81_gac-let-7b-1-3p	5714.83136618904	8860.18554635163	4050.35758181018	1834.45957742101	953.75460641343	5140.45056987767	2263.59856963316	3562.33084465284	2836.43532539331	2963.00712565986	5129.89781383849	1003.17436710098	1268.88823502358	2577.54929794042	5620.87653083808	2290.87040737205	2068.93108957753	4977.10674059398	3920.90034794102	1948.68787523531
a187_gac-let-7a-5p_gac-let-7c-2-5p	1074.68564795365	1316.61426201039	927.371476033272	1947.39904129038	1042.96002556356	1147.03101476798	1322.75214005125	1590.89255822034	2071.88858074237	2074.6322134291	2160.13969935728	1807.67263918335	2430.98884630754	1342.29660209159	2043.95510212294	1931.99796260349	1329.02522533879	1473.47389687138	1900.97675824817	1362.91463369751
a188_gac-let-7a-5p	534982.370102754	587621.160360976	665426.630194793	1015687.99318045	881590.39583495	875335.812443558	1151411.20080552	1211851.39506322	1058372.64974403	1120975.36514062	644356.965614162	709269.461834125	936465.69088459	556652.666366878	659415.98574078	783016.85447739	649332.269132476	616537.843031132	1029756.39426195	558605.96542329
a85_gac-let-7a-5-3p	424.000657006478	361.545224570916	791.309251750398	441.270619546743	1251.10600358052	493.70362027267	220.458690008542	378.783942433413	489.839472763372	530.740303647258	610.338410715219	947.209269912637	1030.18648784092	428.175624970987	352.682448993762	946.118263480757	494.439463780393	441.569901786775	530.100947442919	331.393626686723
a158_gac-let-7a-3/7-3p	445.108914822818	833.260882380179	357.342367985021	367.053257575444	559.020626674123	860.979560961924	234.933250463648	258.101616588349	425.29981250063	499.985484727301	949.878209167713	291.018505379363	168.556935510557	534.653161339433	438.849183691102	478.156751694477	547.039406735754	426.221215361032	556.714622058394	457.416555145054
a267_REV_gac-let-7b-5p_gac-let-7c-2-5p	11.0130040780903	0	0.716116969909863	0	0	6.35669897346785	11.1342772731587	0	19.8583570039205	5.27225467199263	16.6645299853985	0	0	3.96458912010173	0	0	0	14.7583523324457	0.543136216642335	0
a257_REV_gac-let-7f-3p	25.6970095155441	29.482228613079	17.9029242477466	9.68052547451722	13.3808128725189	48.7346921299202	46.7639645472664	0	16.5486308366004	20.2103095759717	20.8306624817481	16.7895291565017	3.14081246292964	10.7610276117047	26.050408164312	0	0	10.0356795860631	0	4.66751586882708
a253_REV_gac-miR-103a-5p	0	0	5.01281878936904	10.487235930727	26.0182472521201	0	0	0	0	21.9677277999693	2.77742166423308	8.39476457825085	3.14081246292964	9.06191798880395	0	0	28.0533029095258	0	0	0
a252_REV_gac-miR-10c-3p	0	3.10339248558726	0	0	0	0	0	0	6.61945233464016	0	2.77742166423308	0	0	0	0	0	0	0	22.2685848823357	7.00127380324062
a260_REV_gac-miR-132-3p	27.5325101952258	17.0686586707299	17.9029242477466	24.201313686293	20.8145978016961	9.88819840317222	12.2477050004745	0	11.5840415856203	50.9651284959287	34.0234153868552	9.79389200795932	6.28162492585929	52.1060284356227	72.1395918396331	29.5661957337737	126.239863092866	0	0	32.6726110817895
a250_REV_gac-miR-181b-2/3-5p	62.4070231091786	60.5161534689516	30.0769127362142	25.8147345987126	104.816367501398	18.3637970344627	81.2802240940583	79.2803600442028	43.026440175161	0	77.7678065985262	5.5965097188339	13.6101873393618	20.9556853491091	30.0581632665138	32.624767706233	42.0799543642887	50.7687320236132	0	60.677706294752
a268_REV_gac-miR-190a-5p	34.8745129139527	21.7237473991108	9.30952060882822	17.7476300366149	110.020016951822	26.8393956657532	21.1551268190015	27.3076795707809	1.65486308366004	27.2399824719619	20.1363070656898	20.9869114456271	11.5163123640754	8.49554811450371	26.050408164312	10.1952399081978	7.01332572738146	0	0	9.33503173765416
a261_REV_gac-miR-191-5p	35619.7261899035	22096.9303455027	50865.0722557276	47424.0875892036	33252.8067451953	35014.1105456328	27751.0726756207	35502.6261206834	58213.1186939092	47816.7137476371	32854.1208662131	73823.5597011379	71272.3633462871	21802.408311188	21217.0555110565	48984.0496629272	27657.0500059288	82179.228459804	30214.1245955965	25659.6684888769
a251_REV_gac-miR-193a-2-3p	0	6.20678497117452	0	3.22684182483907	0	8.47559863129047	0	0	0	0	12.4983974890489	9.79389200795932	0	5.66369874300247	0	12.2342878898374	0	1.18066818659566	0	9.33503173765416
a269_REV_gac-miR-27b-3p_gac-miR-27c-1-3p	47.7230176717248	38.7924060698407	30.0769127362142	20.974471861454	23.7881117733669	49.4409920158611	0	180.583042322906	11.5840415856203	65.9031833999079	76.3790957664096	90.9432829310508	72.2386866473818	36.8140418295161	34.0659183687156	43.8395316052506	24.5466400458351	85.0081094348872	71.6939805967883	60.677706294752
a264_REV_gac-miR-459-5p	31.2035115545893	0	0	0	0	0	0	0	9.92917850196024	0	0	0	0	0	0	0	0	18.3003568922327	0	0
a255_REV_gac-miR-460-3p	22.9437584960215	6.98263309257133	22.1996260672057	0	20.0712193087783	0	26.7222654555808	0	8.2743154183002	0	15.9701745693402	2.79825485941695	0	3.96458912010173	0	0	0	0	0	0
a256_REV_gac-miR-730-3p	9.17750339840861	8.53432933536496	0	0	36.4255461529681	0	0	0	0	0	10.415331240874	1.39912742970847	5.23468743821607	1.69910962290074	0	2.03904798163956	24.5466400458351	13.57768414585	30.4156281319708	0
a254_REV_gac-miR-7bb-3p	0	0	0	4.84026273725861	49.0629805325693	0	0	0	0	2.63612733599631	2.08306624817481	2.79825485941695	2.09387497528643	0.566369874300247	0	0	0	0	69.5214357302189	9.33503173765416
