Gene	B43_F	B54_F	B60_F	T44_F	T47_F	C17_F	C19_F	C31_F	B48_M	B49_M	B59_M	T41_M	T43_M	T45_M	T63_M	T69_M	C13_M	C15_M	C20_M
miR-ENSGACG00000022167-5p	4.6386281099901	22.0359754464404	55.8803937880339	0	0	0	0	0	51.9803768180499	2.71855747988613	0	0	0	0	0	0	0	30.9557060385989	0
miR-99a-5p	7710.72524112068	5652.22770201197	7558.75459972806	4117.22259211	2524.36954231529	1560.13025078844	2124.51514195209	2352.80930984987	7901.01727634359	3659.85800729671	3116.04307997148	4208.23613388944	4215.48705863011	6703.79124774555	922.155037150214	2310.01300530304	1445.87018038677	1232.72500491487	1250.70008839033
miR-92a-3p	194921.779793369	163969.693296963	121832.297216465	433682.116679877	172699.224657682	157715.372443105	89464.6511399862	163113.852699228	213887.699411427	130498.235067604	75222.1766535562	143661.732725858	110976.772565594	173103.064503343	430271.675037234	165085.040905423	158994.904625743	149295.930701269	131720.144471697
miR-92a-2-5p	106.688446529772	112.383474776846	432.141711960796	688.877720599019	278.438165251321	401.103355961438	109.232406675283	25.8921598691612	124.175344620897	133.209316514421	260.604322335745	215.979272382555	162.167294254647	300.528238568377	941.706027337145	543.295102565318	20.0897368750102	73.6057899140018	44.1250521188277
miR-92a-1-5p	479.76667880469	517.84542299135	1587.00318358016	0	0	424.096541971967	581.469477958324	523.471927789563	479.374586210905	487.981067639561	1042.41728934298	0	0	0	0	0	422.475348989186	288.232018448287	497.142253872125
miR-9-5p	0	48.4791459821689	104.31006840433	14.0382650485972	8.18935780150945	449.644526428109	464.513567780748	433.412241288133	20.2145909847972	53.0118708577796	159.725229818682	55.6746568808365	33.6410876379322	41.7316934675369	162.924918224419	65.6649718833166	1059.4381828498	2451.69191825703	187.28633232658
miR-9-1/3/5/6-3p	9.9399173785502	0	22.3521575152136	0	0	0	0	0	17.3267922726833	6.1167543297438	112.087880574514	0	0	0.300228010557819	0	0	0	0	0
miR-8159-5p	82.8326448212517	4.40719508928809	80.095231096182	31.0847297504652	14.3313761526415	0	0	0	2.88779871211388	14.2724267694022	39.2307582010798	14.398618158837	1.72518398143242	20.7157327284895	0	3.66843418342551	0	0	0
miR-737-5p	51.024909209891	114.58707232149	31.6655564798859	62.1694595009304	47.0888073586793	204.383875649141	101.50890317299	36.0238746005721	210.809305984314	180.104433042456	30.8241671579913	138.226734324836	235.487613465525	71.7544945233188	247.645875701118	108.218808411053	353.343019154592	692.71991068598	316.719818541808
miR-733-1-5p	0	8.81439017857617	13.0387585505413	0	0	17.8835891192998	150.056639473116	0	11.5511948484555	0	0	0	0	0	0	0	0	137.580915727106	28.4361446988001
miR-730-5p	7.95193390284016	8.81439017857617	0	66.1803923719581	30.7100917556604	0	0	0	0	8.1556724396584	0	13.4387102815812	77.6332791644588	62.1471981854686	22.8094885514187	102.349313717572	0	0	40.6931036206966
miR-727b-5p	82.1699836626817	79.3295116071856	44.7043150304272	0	0	96.2307414514703	25.9289046148399	23.6406677066254	51.9803768180499	35.3412472385197	56.0439402872569	0	0	0	0	0	235.168096360414	252.46098035924	29.4167014125518
miR-727b-3p	39.0970083556308	33.0539631696606	26.0775171010825	0	0	139.662315026913	46.3410210137564	177.867880840325	40.4291819695944	67.2842976271818	19.6153791005399	0	0	0	0	0	190.261625698626	150.651102721181	58.8334028251036
miR-725-3p	170.966578911064	396.647558035928	74.5071917173786	354.967559085957	28.6627523052831	5308.01957050455	1565.66449567905	37.14962068184	25.990188409025	345.256799945539	521.208644671489	719.930907941852	1782.11505281969	102.978207621332	136.856931308512	294.942108347411	21.8623607169229	6200.77187182068	9980.10623256507
miR-724-5p	11.2652396956902	11.0179877232202	7.45071917173786	0	0	219.712666322826	4262.2705756224	550.489833739993	23.1023896969111	25.8262960589183	22.4175761149028	0	11.2136958793107	11.708892411755	0	0.733686836685102	257.621331691308	138.956724884377	264.750312712966
miR-722-3p	74.8807109184115	4.40719508928809	0	0	10.2366972518868	65.5731601040993	123.576056036684	0	25.990188409025	25.1466566889467	22.4175761149028	18.2382496678602	12.9388798607431	29.1221170241085	0	33.0159076508296	53.1787152573801	108.001018845778	142.671001850876
miR-7147-5p	9.27725621998019	4.40719508928809	29.8028766869514	0	0	0	0	0	14.4389935605694	2.71855747988613	0	0	0	0	0	0	0	67.414648706282	0
miR-7133-3p	66.9287770155714	72.7187189732534	42.8416352374927	36.0983958392499	0	0	10.4818976102544	27.0179059504291	167.492325302605	87.6734787263278	260.604322335745	91.1912483393012	38.8166395822294	12.0091204223128	0	6.23633811182337	121.720170478003	57.7839846053846	158.359909270904
miR-7132b-5p	312.776066845046	550.899386161011	238.423013495612	0	0	75.7923538865563	707.803928102969	283.688012479505	424.506410680741	403.705785763091	815.439331179588	0	0	0	0	0	575.511874007646	908.034043798901	241.707229939801
miR-7132a-5p_gac-miR-7132b-5p	281.630992392256	332.743229241251	50.2923544092306	1991.42817046529	708.379449830568	309.982211401196	104.818976102544	1.12574608126788	239.687293105452	201.852892881546	137.307653703779	1128.85166365282	1876.13757980775	1488.53047634567	4643.36016939596	1595.7688697901	220.396231011142	145.835770670733	199.543291248476
miR-7132a-5p	113.315058115472	130.012255133999	68.9191523385752	0	0	51.9475683941566	59.0296339103801	177.867880840325	77.9705652270749	125.053644074762	165.329623847408	0	0	0	0	0	60.2692106250307	363.901522098196	55.4014543269725
miR-7-5p	41.7476529899109	52.886341071457	257.049811424956	80.2186574205553	112.603669770755	0	349.21269406795	350.10703127431	46.2047793938222	47.5747558980074	103.681289531425	31.6769599494415	53.480703424405	53.4405858792918	123.822937850559	81.0723954537038	54.3604644853218	34.3952289317765	58.3431244682277
miR-551a-3p	1225.92314335453	387.833167857352	39.1162756516238	354.967559085957	274.343486350567	149.88150880937	0	49.5328275757866	101.072954923986	1000.4291525981	98.0768955026996	95.9907877255802	128.526206616715	399.603482052458	0	255.323019166416	54.9513390992927	46.7775113472161	42.1639386913242
miR-499a-5p	76.8686943941216	266.635302901929	52.155034202165	148.404516228027	79.8462385647172	49.3927699485423	5407.55580924809	1242.82367371974	337.872449317325	256.90368184924	30.8241671579913	179.502773046835	122.488062681702	591.449180798904	16.2924918224419	63.8307547916039	458.51870044141	227.008510949725	65.6972998213657
miR-489-3p	77.5313555526916	63.9043287946772	33.5282362728204	179.489245978492	34.8047706564152	0	49.6510939433104	0	37.5413832574805	96.5087905359578	78.4615164021597	101.750234989115	33.6410876379322	60.3458301221217	16.2924918224419	36.3174984159126	57.9057121691472	14.4459961513461	217.683590452883
miR-460-5p	121.266992018312	39.6647558035928	0	162.442781276624	77.7988991143398	55.3539663216422	0	138.466767995949	31.7657858332527	53.0118708577796	81.2637134165225	53.7548411263249	31.9159036564997	100.576383536869	6.51699672897678	18.7090143354701	51.9969660294383	15.8218053086172	0
miR-458-3p	41.0849918313408	0	0	0	20.4733945037736	70.6827569953278	18.2054011125471	49.5328275757866	25.990188409025	18.3502629892314	5.60439402872569	20.1580654223718	0.862591990716209	15.3116285384488	3.25849836448839	19.4427011721552	82.7224459559245	4.81533205044872	86.2889908101519
miR-456-3p	198.798347571004	288.67127834837	167.641181364102	77.2104577672845	85.9882569158492	14.4771911918141	70.0632103422269	193.628325978075	268.565280226591	214.766040911005	383.90099096771	36.4764993357205	69.8699512480129	96.9736474101756	130.339934579536	115.188833359561	36.0433514522243	147.211579828004	37.2611551225656
miR-455-5p	53.6755538441711	55.0899386161011	46.5669948233616	0	63.4675229616983	19.5867880830426	18.7570799341395	129.460799345806	75.082766514961	68.6435763671249	11.2087880574514	118.068668902464	135.426942542445	114.987328043645	97.7549509346517	84.3739862187867	191.443374926568	24.0766602522436	19.6111342750345
miR-455-3p	218.678182328104	118.994267410778	0	176.481046325222	186.30788998434	119.223927461999	0	50.6585736570545	54.8681755301638	142.044628324051	78.4615164021597	106.549774375394	291.556092862079	230.875340118963	45.6189771028375	80.3387086170187	315.527043860455	65.3509349703754	70.6000833901243
miR-454b-3p	3.97596695142008	17.6287803571523	11.1760787576068	0	0	0	111.439121961652	0	14.4389935605694	8.83531180962994	0	20.1580654223718	1.72518398143242	0	3.25849836448839	5.13580785679571	81.5406967279828	21.3250419377015	59.8139595388553
miR-451-5p	106430.671339088	96566.0516013913	123098.91947566	32329.1216737015	71030.3948913922	7857.70841922758	18224.1581924813	23246.6565781817	218753.640241339	41921.5156185841	21885.1586821738	30013.4395981572	27744.4087893962	85676.3676008955	139079.227193093	48362.0683703535	11203.573555502	11924.8258706469	3594.23063425695
miR-429a-3p	25.8437851842305	70.5151214286094	0	50.1366608878471	30.7100917556604	586.752043009408	1160.18056180869	0	11.5511948484555	53.6915102277512	126.098865646328	47.9953938627901	141.465086477458	26.4200649290881	97.7549509346517	55.7601995880678	17.7262384191267	528.310716392088	1448.77254456818
miR-425-5p	5472.91850862974	6573.33147567318	4291.61424292101	2918.95639689046	2495.70679001001	88239.3319135889	67998.8281918284	23907.4695278859	5833.35339847005	3907.92637733632	2953.51565313844	5593.38320076956	2674.89776321096	2139.12457522446	1743.29662500129	2443.91085299807	38182.9084294129	54889.2821384863	89848.4116810707
miR-375a-3p	640.793340337203	6855.39196138762	2345.11385930449	3694.06917421657	1646.0609181034	159133.285580421	245466.733273403	6057.63966330245	392.740624847488	1280.44057302637	7083.95405230928	3576.61675065512	2671.4473952481	350.366088320975	3463.78376145116	1542.94341754877	18618.4590862227	122789.591477285	204328.898289942
miR-365-2b-5p	58.9768431127312	92.5510968750498	16.7641181364102	0	26.6154128549057	181.390689638612	140.126420684454	216.143247603433	25.990188409025	68.6435763671249	39.2307582010798	11.5188945270696	33.6410876379322	35.1266772352649	0	35.2169681608849	19.4988622610394	0	0
miR-365-2b-3p	1096.70421743337	1121.63115022382	834.48054723464	355.970292303714	1160.84146836396	1128.36931347963	787.245678412266	834.177846219498	1478.55294060231	580.41202195569	327.857050680453	721.850723696363	680.585080675089	2681.936818313	391.019803738607	261.192513859896	2369.40720202327	1432.90523729781	921.723310926623
miR-34a-5p	19.2171735985304	4.40719508928809	0	0	0	0	0	0	14.4389935605694	0	25.2197731292656	0	0	9.00684031673458	0	0	0	0	0
miR-338-3p	35.7837025627807	55.0899386161011	119.211506747806	0	65.5148624120756	0	41.9275904410177	60.7902883884654	92.4095587876443	46.8951165280358	33.6263641723542	191.98157545116	85.3966070809047	106.580943748026	48.8774754673258	64.1975982099464	80.358947500041	0	0
miR-338-1b-5p	0	2.20359754464404	11.1760787576068	18.0491979196249	16.3787156030189	0	0	0	2.88779871211388	0	0	30.7170520721857	3.45036796286484	0.300228010557819	48.8774754673258	4.40212102011061	0	0	0
miR-338-1a-5p	25.1811240256605	13.2215852678643	50.2923544092306	0	0	0	0	0	11.5511948484555	0.679639369971534	0	6.71935514079061	4.31295995358105	9.3070683272924	0	0	0	0	0
miR-31a-5p	93.4352233583719	374.611582589487	65.1937927527063	0	6.14201835113209	258.886242488911	246.600433251775	217.268993684701	124.175344620897	105.344102345588	182.142805933585	32.6368678266973	82.8088311087561	30.9234850874554	16.2924918224419	51.3580785679571	8.27224459559245	198.116518647033	266.221147783594
miR-30e-5p	584.467141858752	471.569874553825	394.888116102107	339.926560819603	622.391192914718	484.560105184837	1123.76975958359	670.944664435656	1770.22061052581	832.558228215129	507.197659599675	560.586200317388	684.89804062867	302.93006265284	1143.73292593542	608.22638761195	760.455628180535	823.42178062673	752.57727780445
miR-30e-3p	1242.48967231878	1112.81676004524	1421.224682009	1716.67926879988	2368.77174408661	31749.3318831302	49303.5362857072	6122.93293601599	1559.4113045415	1181.8928643805	1311.42820272181	1871.82036064881	1298.20094602789	990.452206830246	1889.92905140327	1241.76497108954	7908.85670800036	26696.8887922663	61523.0698909246
miR-30c-2-5p	4619.41093639156	3316.41430468929	2188.648756698	4397.98789308194	3488.66642344303	18003.6646462437	11187.494823071	1967.80415005625	3006.19845931055	4043.17461196065	2712.52670990324	3786.83657577414	4539.82164713941	3172.20915955392	3242.20587266595	2491.23365396426	8583.04464254114	15004.5746691982	30003.0743273753
miR-30c-1-5p_gac-miR-30c-2-5p	29.8197521356506	39.6647558035928	18.6267979293447	148.404516228027	55.2781651601888	286.989025390668	162.74525236974	2.25149216253576	86.6339613634165	59.808264557495	5.60439402872569	6.71935514079061	62.1066233315671	72.0547225338766	84.7209574766981	62.7302245365762	87.4494428676917	117.631682946676	714.825844325009
miR-30c-1-5p	1813.04092984756	1026.87645580412	661.251326491735	1030.80974785414	587.586422258303	19159.2851431432	16944.8150052087	701.339808629888	753.715463861724	1180.53358564055	1286.20842959255	1019.42216564566	941.9504538621	466.554328406851	381.244308645142	610.794291540347	2221.09767391657	10912.2303308954	37789.1849129209
miR-30bb-5p	531.454249173151	359.186399776979	212.345496394529	130.355318308402	186.30788998434	379.813368914653	130.196201895792	29.2693981129648	661.30590507408	392.831555843546	184.945002947948	383.963150902321	324.334588509295	243.484916562391	345.400826635769	154.074235703871	207.987864117753	294.423159656007	522.63672842967
miR-30bb-3p	10.6025785371202	26.4431705357285	37.2535958586893	0	18.4260550533963	0	33.6524081171326	46.155589331983	11.5511948484555	45.5358377880928	56.0439402872569	36.4764993357205	12.9388798607431	17.1129966017957	65.1699672897678	22.3774485188956	28.9528560845736	0	2.45139178437932
miR-30a-5p	18879.2164076597	13087.165817641	19582.35266312	11365.9810232749	14566.8201894349	10271.9929503331	12581.0355264133	10609.0310698685	24552.0646503922	12392.5442720609	11954.1724632719	11518.8945270696	11224.90957519	16257.6469997165	21844.9730355302	14167.4928163893	7326.25433862506	8887.72715597106	9891.36584997054
miR-29b-1a/2a-3p	21.2051570742404	28.6467680803726	16.7641181364102	18.0491979196249	32.7574312060378	36.618777720471	77.7867138445196	0	37.5413832574805	36.0208866084913	50.4395462585312	30.7170520721857	9.4885118978783	17.4132246123535	3.25849836448839	11.3721459686191	0	71.5420761780952	25.004196200669
miR-29a-3p_gac-miR-29b-1a/2a-3p	0	0	0	0	0	0	0	0	5.77559742422777	0	0	0	0	0	0	0	0	0	27.9458663419242
miR-29a-3p	22.5304793913805	68.3115238839653	29.8028766869514	65.1776591542012	90.082935816604	0	85.5102173468123	0	277.228676362933	50.972952747865	109.285683560151	154.545168238184	97.4728949509316	122.192800297032	319.332839719862	130.963100348291	21.8623607169229	67.414648706282	3.92222685500691
miR-27e-3p	531.454249173151	583.953349330671	480.571386577092	360.983958392499	225.20733954151	555.242862180165	836.345093533984	845.435307032177	363.862637726349	355.451390495112	818.241528193951	622.02030446176	697.836920489413	1442.59559073032	276.972360981513	618.864846743884	355.115642996505	652.133540546483	668.249400421802
miR-27c-1-5p	382.355488494898	509.031032812774	1072.90356073025	79.2159242027983	237.491376243774	0	0	0	421.618611968627	647.696319582872	644.505313303455	278.373284404183	138.014718514593	160.321757637876	140.115429673001	260.091983604869	0	0	0
miR-27c-1-3p	2150.33545955969	2340.22059241197	3784.96533924283	1369.73357545598	2033.00807422472	594.41643834625	990.263484758246	1210.17703736297	5810.25100877314	3699.27709075506	3682.08687687278	2307.61853692295	2358.32650261812	1828.68881230768	1645.54167406664	1651.89591279651	841.405450294547	482.909014202143	502.045037440884
miR-27b-5p	23.1931405499505	28.6467680803726	96.8593492325922	1.00273321775694	67.562201862453	47.6895709847995	180.950653482287	21.3891755440897	40.4291819695944	63.8861007773242	22.4175761149028	90.2313404620454	50.8929274522563	65.1494782910468	19.5509901869303	110.053025502765	53.7695898713509	168.536621765705	236.314168014166
miR-27b-3p	1518.81937544247	1150.27791830419	1953.95110278825	2039.55936491762	1138.32073440981	850.747882389547	2025.76463288706	944.50096218375	1449.67495348117	1007.90518566778	1370.27434002343	1850.70238734919	1360.30756935946	2595.77137928291	1003.61749626242	2022.40776532248	526.469281048063	581.279368947024	1613.01579412159
miR-27a-5p	19.2171735985304	46.2755484375249	57.7430735809684	0	22.520733954151	86.0115476690133	19.8604375773242	34.8981285193042	14.4389935605694	102.625544865702	148.516441761231	55.6746568808365	41.404415554378	67.8515303860672	91.2379542056749	101.982470299229	0	131.389774519386	110.802908653945
miR-27a-3p_gac-miR-27b-3p_gac-miR-27e-3p	0	17.6287803571523	9.31339896467233	0	40.9467890075473	12.7739922280713	38.0658386898713	1.12574608126788	57.7559742422777	9.51495117960147	5.60439402872569	32.6368678266973	44.8547835172429	43.8332895414416	58.652970560791	82.9066125454165	49.0425929595838	0	43.144495405076
miR-27a-3p	37.1090248799208	149.844633035795	65.1937927527063	0	22.520733954151	47.6895709847995	321.077074166741	379.376429387275	115.511948484555	154.95777635351	235.384549206479	32.6368678266973	79.3584631458912	93.070683272924	91.2379542056749	186.356456518016	7.09049536765067	86.6759769080769	220.134982237263
miR-26b-3p	53.6755538441711	37.4611582589487	65.1937927527063	0	90.082935816604	75.7923538865563	108.129049032098	55.161557982126	98.1851562118721	0	2.80219701436285	96.950695602836	31.0533116657835	59.745374101006	130.339934579536	30.0811603040892	0	184.358427074322	121.589032505214
miR-26-5p	28905.9423979826	21117.0752703239	24466.2990801942	20553.022764364	27858.1479012848	27108.9663064129	24206.5633338286	16712.8263225029	43423.8292340565	20223.349092873	15022.5781939992	19427.5755277802	20404.6135403919	28523.4623710562	26700.1355986179	24424.0679498287	24209.9055582293	28340.2928306266	30786.539141663
miR-24-6-5p	9.27725621998019	4.40719508928809	7.45071917173786	0	0	0	0	0	5.77559742422777	87.6734787263278	50.4395462585312	0	0	0	0	0	0	0	0
miR-24-3p	763.385654672656	1101.79877232202	471.25798761242	153.418182316812	399.231192823586	511.811288604723	1077.98041739143	1801.19373002861	2183.1758263581	1465.30248165863	938.735999811553	513.550714331854	736.653560071643	475.260940713028	498.550249766724	563.104647155816	524.69665720615	352.895048840027	414.285211560104
miR-24-2-5p	272.353736172276	284.264083259082	530.863740986322	387.055022054179	217.01798174	56.2055658035137	67.3048162342652	0	317.657858332527	308.556273967076	327.857050680453	192.941483328416	274.304253047755	175.633386176324	149.890924766466	179.019588151165	53.1787152573801	141.020438620284	105.409846728311
miR-23b-2-5p	34.4583802456407	37.4611582589487	72.6445119244441	257.702436963534	182.213211083585	71.5343564771992	35.3074445819096	46.155589331983	17.3267922726833	117.577611005075	67.2527283447083	289.892178931252	163.029886245364	51.9394458265027	149.890924766466	292.374204419013	66.1779567647396	15.1339007299817	177.480765189062
miR-23b-2-3p	810.434596931127	720.576397098602	583.018775188488	530.445872193422	524.118899296605	1025.32577617319	549.472106305968	1076.21325369209	912.544393027988	526.720511727939	229.780155177753	671.935514079061	743.554295997372	1141.46689614083	371.468813551676	786.145445508087	675.960558382698	517.304243133919	1570.85185543027
miR-23a-3p_gac-miR-23b-2-3p	19.2171735985304	24.2395729910845	61.4684331668373	52.1421273233609	75.7515596639624	0	0	0	86.6339613634165	37.3801653484344	36.428561186717	11.5188945270696	65.5569912944319	37.5285013197274	234.611882243164	88.7761072388974	0	0	0
miR-23a-3p	18567.7656631318	28014.3355850597	22417.3513079663	6105.64256292201	6164.53908508624	14492.5199824878	11496.4349631627	13819.6588936445	31705.1420602983	24542.4572890421	16908.4567846654	7919.23998736037	10411.4853279446	8420.79524012572	5650.23616402287	6514.40542292702	15294.7893826365	12764.0694565823	20665.7230206745
miR-23a-3-5p	20.5424959156704	55.0899386161011	9.31339896467233	119.325252913076	0	0	0	114.826100289324	11.5511948484555	37.3801653484344	50.4395462585312	0	32.7784956472159	33.9257651930336	0	21.6437616822105	77.9954490441574	68.7904578635531	84.3278773826485
miR-23a-2-5p	62.2901489055813	136.623047767931	83.8205906820509	0	0	0	188.122478162987	78.8022256887515	72.1949678028471	133.888955884392	95.2746984883368	0	0	0	0	0	128.219791231683	35.7710380890476	43.6347737619518
miR-23a-1-5p	11.2652396956902	6.61079263393213	65.1937927527063	0	0	0	0	0	0	29.2244929087759	11.2087880574514	0	0	0	0	0	44.3155960478167	41.9621792967674	60.3042378957312
miR-22b-5p	675.914381741414	610.3965198664	1639.15821778233	1110.02567205693	1095.32660595189	189.055084975455	198.052696951649	183.496611246664	736.388671589041	460.115853470728	456.758113341144	740.088973364223	501.165946606118	1992.01285005113	1228.45388341212	559.069369554048	134.719411985363	488.412250831227	532.932573924063
miR-22b-3p	27.1691075013706	13.2215852678643	0	70.1913252429859	18.4260550533963	0	23.7221893284705	0	57.7559742422777	36.7005259784628	30.8241671579913	0	12.9388798607431	62.7476542065842	9.77549509346517	20.5432314271829	0	0	0
miR-22a-5p	883.989985532398	464.959081919893	448.905830097206	539.470471153234	704.284770929813	895.031055446861	106.474012567321	105.820131639181	283.004273787161	426.133884972152	358.681217838444	540.428134895017	702.149880442994	1076.01718983922	231.353383878676	428.106269205757	576.693623235588	781.459601329963	579.50901782727
miR-22a-3p	54759.0048384331	24058.8779924237	104870.735022003	27817.8249270131	26660.454322814	60518.9171791924	121014.059589209	139724.226368725	24000.4950963785	48743.0559749884	59591.5217074403	29985.6022697167	24414.8037052316	27363.3813382608	15197.6363719738	38536.5342534666	57534.0520369595	69417.1389346901	64122.5257390804
miR-223-3p	12194.2906400054	21269.1235009043	13502.5658189819	8274.55451293028	14744.9387216178	6914.98779279592	1266.65457437601	3402.00465759153	20379.1955113877	13846.9725238	9163.18423696651	16256.039901327	14455.3165804222	6786.95440667006	8032.19846846388	3439.15704696142	7601.60190873549	8622.19598861774	3234.85659866695
miR-222c-5p	9.27725621998019	4.40719508928809	0	0	55.2781651601888	0	18.7570799341395	0	2.88779871211388	10.8742299195445	2.80219701436285	40.3161308447437	42.2670075450943	21.0159607390474	0	31.5485339774594	0	0	47.5570006169587
miR-222a-5p	2.65064463428005	6.61079263393213	76.3698715103131	0	116.69834867151	46.837971502928	61.2363491967495	88.9339404201624	23.1023896969111	91.0716755761855	117.69227460324	67.1935514079062	100.06067092308	21.3161887496052	136.856931308512	32.649064232487	154.809148860373	139.644629463013	15.6889074200276
miR-222-3p	1881.29502918027	1760.67443817059	327.831643556466	1125.06667032329	1226.35633077604	2725.11834198854	1657.79485888497	1559.15832255601	1339.93860242084	1504.72156511698	969.560166969545	1571.36919506775	1310.27723389792	749.068886341759	837.434079673516	935.083873355163	2047.38053740913	2715.15937187444	2393.04865991109
miR-221a-5p	15.2412066471103	13.2215852678643	0	0	0	0	29.2389775443939	0	8.66339613634165	0	0	0	0.862591990716209	0	0	0	0	54.3444617122069	40.6931036206966
miR-221-3p	1135.13856463043	894.660603125482	361.359879829286	684.866787727991	1300.06055098963	2249.92583110429	417.6208679454	240.909661391326	733.500872876927	704.78602666048	566.043796901295	942.629535465198	1206.76619501198	880.568754966084	1362.05231635615	858.046755503227	1250.2906831624	1884.17064088272	1854.23274570451
miR-21a-3p	7.95193390284016	35.2575607143047	20.4894777222791	8.02186574205553	8.18935780150945	0	0	0	23.1023896969111	31.2634110186905	36.428561186717	71.0331829169294	6.03814393501346	7.8059282745033	26.0679869159071	24.5785090289509	54.9513390992927	46.0896067685806	17.1597424906552
miR-218a-2-5p_gac-miR-218b-5p	1.98798347571004	0	0	0	16.3787156030189	0	0	0	8.66339613634165	12.9131480294591	5.60439402872569	16.3184339133486	4.31295995358105	12.9098044539862	0	16.8747972437573	0	0	0
miR-218a-2-5p	58.9768431127312	143.233840401863	72.6445119244441	243.664171914937	49.1361468090567	99.637139378956	132.954596003753	47.2813354132509	46.2047793938222	32.6226897586336	120.494471617602	128.627655552277	218.235773651201	67.5513023755094	6.51699672897678	48.0564878028742	102.812182830935	46.0896067685806	142.671001850876
miR-2188-5p	13607.0842300767	17743.3674294738	10121.8019948059	3634.90791436891	10074.957435307	1447.71911918141	1373.12858694333	1341.88932887131	46993.1484422292	4537.95207329993	2076.42798764287	3027.5494448648	1629.43627046292	7034.94274339082	18205.2303623966	4404.32208062067	1617.22381843832	1621.39109184395	758.46061808696
miR-2188-3p	8226.93828364672	10198.2494366126	9963.47421240645	6246.02521340799	17625.5453282987	3436.20390935118	17942.8019934692	19752.3407419262	20413.8490959331	7917.1190207984	2157.69170105939	4143.9223061133	2067.63300174675	7996.87328921808	19612.9016558556	14224.3535462324	5094.52092165701	2331.30861699581	1218.8319951934
miR-217a-5p	39.7596695142008	17.6287803571523	0	167.456447365409	2.04733945037736	0	0	0	31.7657858332527	31.9430503886621	0	60.4741962671155	15.5266558328918	46.2351136259042	71.6869640187446	31.9153773958019	0	0	0
miR-216b-5p	12.5905620128303	0	0	0	20.4733945037736	0	0	0	2.88779871211388	0	0	2.87972363176741	0	6.60501623227203	3.25849836448839	0	0	25.4524694095146	0
miR-214a-3p	4703.56890352996	5401.01758192255	5928.9097809104	5452.86323816225	2823.28110207038	3487.29987826346	2367.25382345272	9624.00324875909	5579.22711180403	2409.32156654909	3144.06505011511	1701.91666637454	3414.13909925476	3675.99176126994	742.937627103353	999.281471565109	4274.97783207939	1256.11376058848	1033.9970546512
miR-212a-5p	0.662661158570014	22.0359754464404	0	36.0983958392499	225.20733954151	0	0	40.5268589256436	0	0	11.2087880574514	81.5921695667432	204.434301799742	111.384591916951	159.666419859931	192.592794629839	0	0	0
miR-210-5p	2221.90286468526	1582.18303705442	1180.93898872045	791.156508810227	1169.03082616547	331.272198447982	659.256191802844	1021.05169570997	2506.60928211485	1002.46807070801	829.450316251402	1356.34983056245	1658.76439814727	2078.47851709178	2733.88012780576	1579.99460280137	180.807631875092	591.597937626557	595.688203604174
miR-210-3p	159.038678056803	110.179877232202	91.2713098537888	229.62590686634	362.379082716793	0	0	0	326.321254468869	94.4698724260432	114.890077588877	242.856692945718	253.602045270565	312.53735899069	641.924177804213	168.381129019231	0	0	0
miR-21-5p	21661.7306124952	37223.1697241272	51044.8770455761	74772.8133149174	90132.071963413	44365.7782070553	57301.2241623313	41128.0073330407	31384.5964032537	29695.4829921662	54385.0396547541	101321.156167982	83349.6762869352	83665.1401581686	95154.6692397899	104087.417833679	47023.5744036453	41336.186130209	49395.0541768863
miR-20a-5p	24.5184628670905	35.2575607143047	0	42.1147951457915	94.1776147173587	210.34507202224	0	27.0179059504291	43.3169806817083	82.2363637665556	0	92.151156216557	114.724734765256	70.5535824810875	335.625331542304	94.2787585140356	58.4965867831181	49.5291296617582	37.2611551225656
miR-206-1-3p	7071.25722310062	7646.48347991483	53185.0961276578	6088.59609822015	12562.4748675155	3471.1194881079	3429.23555501797	14581.7889906628	10118.8466872471	12431.9633555193	1544.01055491393	10784.5650009689	6551.38616948961	17081.7728886977	2300.4998453288	8498.66147274188	1296.9697776661	432.004075383113	583.921523039153
miR-205-1-5p	1031.10076273494	5478.14349598509	227.246934738005	887.418897714893	128.982385373774	44190.3487137898	4180.07043120514	334.34658613656	759.491061285952	1504.041925747	1417.9116892676	3746.5204449294	1795.91652467115	328.449443550254	280.230859346001	1221.22173966235	1661.53941448614	58636.9862828926	60902.8677694766
miR-204-2b-3p	9.27725621998019	19.8323779017964	0	58.1585266299026	65.5148624120756	76.6439533684277	0	28.143652031697	17.3267922726833	3.39819684985767	0	95.0308798483244	25.8777597214863	3.60273612669383	26.0679869159071	49.1570180579018	40.1794737500205	4.81533205044872	0
miR-204-1/2b-5p	1194.11540774316	2822.80845468902	933.202576260167	7418.22034496585	9810.85064620832	5553.28022128352	744.214730328064	10742.9948535394	1299.50942045125	827.121113255356	1692.52699667516	10945.8295243479	2600.71485200937	3596.13111046156	3962.33401121788	5152.68265403947	33455.3206430318	4101.28709782503	1279.13623308913
miR-200b-5p	13.2532231714003	13.2215852678643	0	0	30.7100917556604	49.3927699485423	1.65503646477701	0	0	22.4280992090606	33.6263641723542	28.7972363176741	69.0073592572967	14.4109445067753	0	25.312195865636	33.6798529963407	52.2807479763003	104.919568371435
miR-200b-3p	492.35724081752	1881.87230312601	283.127328526039	918.503627465358	274.343486350567	68684.0530113756	20903.6622289553	132.83803758961	103.9607536361	1211.11735728927	2303.40594580626	2681.98260905271	5708.63379455987	505.884197789926	821.141587851074	1448.29781561639	1191.20322176531	46371.6476458211	107785.735645731
miR-200a-3p	180.906496289614	758.037555357551	121.07418654074	244.666905132694	128.982385373774	4082.56791609158	8126.22904205513	282.562266398238	92.4095587876443	482.543952679789	2244.55980850464	549.067305790319	1214.52952292842	187.342278588079	801.590597664144	582.180504909628	140.037283511101	4294.58828442162	6370.18669088809
miR-19b-3p	25.8437851842305	17.6287803571523	0	0	98.2722936181134	0	0	0	109.736351060328	26.5059354288898	0	61.4341041443713	41.404415554378	58.244234048217	325.849836448839	68.9665626483996	0	0	0
miR-199-5p	2025.75516174853	1394.87724575968	1691.31325198449	2150.86275208864	1504.79449602736	440.276932127524	77.2350350229273	1318.24866116469	2266.9219890094	783.624193577178	1331.04358182235	665.216158938271	2427.33386187541	2388.61405199801	511.584243224677	767.436431172617	688.959799890057	222.193178899276	96.0945579476692
miR-199-3p	8093.74339077415	6597.57104866426	3919.07828433411	11575.5522657861	9221.21688449964	5685.27814097359	2405.87134096418	7777.77967547977	4473.20020506441	4183.18032217479	3973.51536636652	6354.59014743341	13506.4653906344	11674.3661905408	2717.58763598332	5044.83068904676	9806.15509346088	1888.29806835453	1886.10083890145
miR-196d-5p	10.6025785371202	28.6467680803726	27.940196894017	0	4.09467890075473	0	26.4805834364322	209.388771115825	17.3267922726833	31.9430503886621	2.80219701436285	10.5589866498138	18.9770237957566	25.8196089079725	0	40.7196194360232	0	0	0
miR-196d-3p	18.5545124399604	68.3115238839653	37.2535958586893	18.0491979196249	28.6627523052831	58.7603642491279	0	15.7604451377503	23.1023896969111	0	8.40659104308854	52.7949332490691	8.62591990716209	39.6300973936322	0	17.2416406620999	36.0433514522243	8.9427595222619	0
miR-196a-5p	51.024909209891	70.5151214286094	94.9966694396577	157.42911518784	149.455779877547	0	58.4779550887878	0	37.5413832574805	78.8381669166979	53.2417432728941	52.7949332490691	94.0225269880668	141.107164962175	13.0339934579536	86.575046728842	108.130054356673	156.842243928901	113.7445787952
miR-194a-5p	734.228563695575	30.8503656250166	27.940196894017	0	36.8521101067925	110.707932643284	0	10.1317147314109	43.3169806817083	72.7214125869541	67.2527283447083	117.108761025208	56.9310713872698	40.8310094358634	159.666419859931	74.4692139235379	48.4517183456129	148.587388985275	57.362567754476
miR-193a-2-5p	221.328826962385	196.12018147332	456.356549268944	191.522044591576	188.355229434717	156.694304664341	20.4121163989165	150.849974889896	262.789682802364	224.960631460578	207.362579062851	42.2359465992553	97.4728949509316	546.114751204673	39.1019803738607	131.696787184976	80.9498221140119	0	8.82501042376554
miR-191-5p	16449.900600342	25173.8983500135	21113.4754529122	5184.13073580339	4094.67890075473	0	0	0	15579.6740518544	11146.0856675332	12878.8974780116	7273.22198596721	4341.42548927468	3619.24866727451	4190.42889673207	5821.80504909629	0	0	0
miR-18c-5p	15.9038678056803	15.4251828125083	67.0564725456407	0	28.6627523052831	94.5275424877275	67.3048162342652	0	5.77559742422777	11.5538692895161	67.2527283447083	47.9953938627901	24.1525757400539	23.1175568129521	81.4624591122097	48.0564878028742	37.8159752941369	154.090625614359	15.1986290631518
miR-18a/b-5p	15.9038678056803	2.20359754464404	22.3521575152136	71.1940584607428	8.18935780150945	0	0	0	31.7657858332527	13.5927873994307	30.8241671579913	20.1580654223718	3.45036796286484	18.0136806334692	55.3944721963026	10.638459131934	0	0	0
miR-18a-3p	70.9047439669915	46.2755484375249	0	0	0	235.893056478383	33.1007292955403	68.6705109573406	43.3169806817083	29.2244929087759	0	0	0	0	0	0	40.7703483639914	51.5928433976648	0
miR-184-3p	237.232694768065	643.450483036061	240.285693288546	65.1776591542012	53.2308257098114	20746.6665773515	31813.1109259437	1527.63743228051	57.7559742422777	949.456199850233	1989.55988019762	369.564532743484	632.279929194981	42.9326055097682	45.6189771028375	248.352994217907	514.651788768645	21962.041577518	24013.8339197798
miR-183-5p	128.556264762583	330.539631696606	728.307799037376	32.0874629682221	71.6568807632077	4295.46778655944	23897.6231937369	477.31633845758	109.736351060328	161.074530683253	467.966901398595	74.8728144259526	18.1144318050404	76.8583707028017	52.1359738318142	153.707392285529	310.209172334717	5118.01006504835	5445.03143146334
miR-182b-5p	0	19.8323779017964	61.4684331668373	33.0901961859791	38.8994495571699	1.70319896374284	77.7867138445196	39.4011128443757	23.1023896969111	8.83531180962994	0	23.9976969313951	7.76332791644588	17.4132246123535	0	23.4779787739233	64.9962075367979	94.9308318517033	0.490278356875863
miR-182a-5p_gac-miR-182b-5p	2.65064463428005	2.20359754464404	0	0	10.2366972518868	357.671782385996	4961.79932140149	58.5387962259297	5.77559742422777	15.6317055093453	8.40659104308854	2.87972363176741	2.58777597214863	4.80364816892511	22.8094885514187	7.33686836685102	17.7262384191267	791.778170009496	733.946700243167
miR-182a-5p	14.5785454885403	37.4611582589487	189.993338879315	0	0	6404.87970315494	10427.2814069168	36.0238746005721	34.6535845453666	36.7005259784628	123.296668631965	6.71935514079061	4.31295995358105	27.0205209502037	19.5509901869303	43.6543667827636	180.807631875092	5032.70989729754	6190.74481227153
miR-181b-2/3-5p_gac-miR-181c-5p	541.394166551701	434.108716294877	383.7120373445	816.22483925415	671.527339723775	1196.49727202934	3366.34416935644	1389.17066428456	320.545657044641	318.750864516649	507.197659599675	803.442893263106	701.287288452278	700.431948631393	752.713122196818	1025.69419768577	1132.7066349822	1219.6548179208	1555.16294801024
miR-181b-1-5p	231.931405499505	176.287803571523	165.778501571167	46.1257280168193	106.461651419623	123.481924871356	43.5826269057947	147.472736646092	147.277734317808	139.326070844164	263.406519350108	190.061759696649	138.014718514593	105.079803695237	195.509901869303	126.927822746523	202.669992592015	105.249400531236	42.1639386913242
miR-181a-5p	4750.61784578843	3239.28839062674	4507.6850989014	4800.08391340248	3050.53578106227	2455.1613062353	3507.02226886249	3908.59039416207	4912.14560930572	3571.50488920041	5520.32811829481	2817.32961974578	3473.65794661417	4211.59853210509	3646.25966986251	3622.57875613269	5119.92853005776	3112.76821832578	4163.93408494671
miR-181a-3-3p	227.955438548085	337.150424330539	894.086300608543	0	0	105.598335752056	196.397660486872	444.669702100812	184.819117575289	481.864313309817	779.010769992871	0	0	0	0	0	488.062431139955	239.390793365165	187.776610683456
miR-181a-2-3p_gac-miR-181a-3-3p	42.4103141484809	13.2215852678643	33.5282362728204	3651.95437907078	2538.70091846793	235.893056478383	179.29561701751	168.861912190182	0	43.4969196781782	16.8131820861771	2846.12685606345	2232.38807197355	1674.97207090207	2147.35042219785	2863.9465670003	93.9490636213714	226.32060637109	318.190653612435
miR-181a-2-3p	1164.29565560751	654.468470759281	1719.25344887851	0	0	4403.62092075711	3729.90051278579	2089.38472683318	395.628423559602	1147.91089588192	1297.41721765	0	0	0	0	0	2665.43538362268	3111.39240916851	5066.53653995517
miR-181a-1-3p	111.989735798332	200.527376562608	651.937927527063	0	30.7100917556604	421.541743526352	183.157368768656	133.963783670878	161.716727878378	156.317055093453	504.395462585312	71.0331829169294	94.885118978783	72.0547225338766	172.700413317885	125.827292491495	219.2144817832	394.857228136795	511.360326221525
miR-17a-5p	5.96395042713012	22.0359754464404	0	15.0409982663541	159.692477129434	63.018361658485	0	0	86.6339613634165	22.4280992090606	0	11.5188945270696	58.6562553687022	84.9645269878629	263.93836752356	22.3774485188956	0	110.75263716032	17.6500208475311
miR-16c-5p	16917.0767171339	22097.6761776905	16162.4725632924	32886.6413427744	31576.1163431701	26282.0632095157	12246.1664817067	15543.1761440656	24231.5189933476	26969.4494792104	13004.996343658	26083.5767486719	29385.0587557384	27162.5287991976	37808.3565231588	31339.0663855858	31023.8716065416	32426.4460277217	22017.4204505813
miR-16a-5p_gac-miR-16c-5p	1229.23644914738	1291.30816116141	899.674339987347	1844.02638745501	2878.55926723057	820.090301042176	601.88159435724	973.770360296715	2936.89129021982	1663.75717769031	750.988799849243	1980.28995077872	2463.56272548549	1985.70806182942	2968.49201004892	2002.23137731364	1314.10514147126	994.022116128342	1117.83465367697
miR-16a-5p	950.91876254797	1189.94267410778	1296.42513588239	389.060488489693	589.63376170868	556.946061143908	1046.53472456066	663.06444186678	2925.34009537137	1532.58677928581	857.472286395031	761.206946663851	571.898489844847	495.976673441518	557.203220327515	467.725358386753	748.638135901117	1066.94000146371	381.926840006297
miR-15c-5p	40503.1753341164	42357.5520031478	31343.3128757082	27658.3903453897	22922.012486425	21090.7127680276	13238.6366817513	10350.1094711769	54310.8303787258	30112.1019259588	14106.2597703026	15762.6472524175	18293.8509391094	24334.6811677535	33891.6414890437	13261.7564165016	19735.8029812417	23952.8374280892	18186.8756483101
miR-15b-1-5p	143.134810251123	68.3115238839653	100.584708818461	46.1257280168193	262.059449648302	157.545904146213	11.0335764318468	73.1734952824121	427.394209392855	61.167543297438	39.2307582010798	171.823510028789	116.449918746688	216.764623622746	765.747115654772	121.792014889727	26.58935762869	44.025893032674	0
miR-15a-2-5p	3942.83389349158	4713.49514799361	4313.96640043622	10844.5597500413	13287.2330329491	1407.69394353346	2835.07746416302	4999.43834691065	11138.2396326233	4556.30233628916	3637.25172464297	7651.425689606	8792.40016137032	10663.1982509821	31323.9447778269	14070.6461539469	1622.54168996406	2171.02685017374	1382.58496638993
miR-155-5p	129.881587079723	191.712986384032	281.264648733104	1500.08889376438	1944.97247785849	1287.61841658959	2107.96477730432	947.878200427554	216.584903408541	141.364988954079	459.560310355507	990.624929327988	1419.82641671888	924.402044507526	967.774014253052	872.353648818586	3252.17387529578	1974.97404526261	4811.10151602285
miR-152a-5p	255.124546049455	44.0719508928809	203.032097429857	54.1475937588748	75.7515596639624	642.957608812921	500.924370005843	880.333435551481	92.4095587876443	126.412922814705	224.175761149028	99.8304192346034	172.518398143242	178.93589429246	42.3604787383491	116.289363614589	395.295116746525	562.705945323864	571.664564117257
miR-152a-3p	119.941669701172	114.58707232149	128.524905712478	196.53571068036	71.6568807632077	47.6895709847995	66.2014585910805	174.490642596521	236.799494393339	224.280992090606	246.59333726393	79.6723538122316	168.205438189661	122.49302830759	123.822937850559	214.603399730392	244.031215569977	39.8984655608608	54.9111759700967
miR-150-5p	1383.63649909419	5700.70684799414	908.987738952019	8666.62320107324	2319.63559727755	24214.3796675319	4055.39101752527	5663.6285348587	1735.56702598044	1535.98497613567	5957.47085253541	2729.01809503825	5117.75828091927	9248.22363722307	15103.1399194037	14710.7879189546	11194.1195616785	18357.4215854678	35654.0226687265
miR-148a-3p	193.497058302444	123.401462500066	139.700984470085	419.142485022401	669.480000273398	129.443121244456	19.8604375773242	122.706322858199	288.779871211388	111.460856675332	229.780155177753	441.557623537669	633.142521185698	320.943743286309	687.54315490705	487.168059558908	346.252523786941	212.562514798379	133.845991427111
miR-146a-5p	3106.55551137622	3347.2646703143	1741.60560639372	8640.55213741156	6492.11339714662	9050.79929332944	10012.4189330793	4679.72645983057	2050.33708560086	9710.68731815327	4416.26249463585	8847.47090466673	8848.46864076687	6013.86727948368	2583.98920303929	11110.9534547592	5781.70809770515	8631.82665271864	8542.11981184817
miR-146a-3p	106.025785371202	112.383474776846	160.190462192364	0	0	306.575813473711	524.094880512721	128.335053264538	49.092578105936	78.1585275467264	165.329623847408	0	7.76332791644588	0.900684031673458	6.51699672897678	8.43739862187867	68.5414552206232	388.666086929075	291.715622341139
miR-145-5p	1433.33608598694	652.264873214637	162.053141985298	435.186216506512	247.728073495661	260.589441452654	168.813719407255	297.19696545472	875.003009770507	1003.82734944796	103.681289531425	359.00554609367	48.3051514801077	122.192800297032	81.4624591122097	186.356456518016	475.063189632595	83.2364540148992	226.998879233525
miR-145-3p	1125.19864725188	262.228107812641	298.028766869514	375.022223441096	40.9467890075473	98.7855398970846	161.641894726555	114.826100289324	193.48251371163	1264.12922814705	487.582280499135	203.50046997823	80.2210551366075	130.899412603209	39.1019803738607	473.594853080233	295.437306985445	89.427595222619	330.937890891208
miR-144-5p	838.266365591067	1344.19450223287	2719.51249768432	514.402140709311	2370.81908353699	291.247022800025	548.920427484376	1200.04532263156	3352.73430476422	1673.27212886992	448.351522298055	654.657172288457	534.80703424405	869.460318575445	2851.18606892734	1763.78315539099	567.239629412054	385.226564035897	74.0320318882553
miR-144-3p	194.822380619584	145.437437946507	126.662225919544	38.1038622747638	264.10678909868	0	40.2725539762407	68.6705109573406	1660.48425946548	269.816829878699	72.857122373434	59.5142883898597	86.2591990716209	63.0478822171421	671.250663084608	178.28590131448	70.9049536765068	33.0194197745055	0
miR-143-5p	8.61459506141018	0	20.4894777222791	0	0	0	0	24.7664137878933	0	5.43711495977227	0	0	0	0	0	0	0	0	19.1208559181587
miR-143-3p	16636.1083859002	3818.83454486813	6495.16443796248	4088.14332879505	2395.38715694151	4057.87153111731	19185.1826996951	30830.8079276834	5917.09956112135	53134.2059443745	10794.0628993257	6242.28092579448	2074.53373767248	1678.87503503933	1599.9226969638	8618.98611395824	6286.90589265026	2087.79039615884	2605.33918843834
miR-142-5p	146.448116043973	255.617315178709	750.659956552589	924.5200267719	429.941284579246	210.34507202224	1043.7763304527	1249.57815020735	926.983386588557	620.51074478401	1361.86774898034	303.330889212833	639.180665120711	258.196089079725	1345.7598245337	450.11687430631	393.522492904612	722.299807567307	157.379352557152
miR-142-3p	10.6025785371202	44.0719508928809	7.45071917173786	152.415449099055	276.390825800944	0	0	130.586545427074	271.453078938705	104.664462975616	28.0219701436285	148.785720974649	219.960957632633	58.8446900693326	785.298105841702	179.019588151165	232.80459790453	562.018040745229	148.554342133387
miR-140-5p	3.97596695142008	0	0	0	57.3255046105662	65.5731601040993	0	0	49.092578105936	19.7095417291745	8.40659104308854	1.9198157545116	2.58777597214863	229.073972055616	0	21.276918263868	0	0	32.358371553807
miR-140-3p	994.65439901359	841.774262054024	1823.56351728284	1735.73119993727	2047.33945037736	1098.56333161413	435.274590236354	1156.14122546211	1709.57683757142	751.681143188516	722.966829705614	955.108337869523	649.531769009306	6052.29646483508	3665.81066004944	1212.78434104047	869.767431765149	691.344101528709	401.537974281332
miR-139-5p	865.435473092438	427.497923660944	156.465102606495	542.478670806505	249.775412946038	50.2443694304137	135.712990111715	82.1794639325551	265.677481514477	207.969647211289	249.395534278293	1166.2880708658	414.04415554378	208.358239327127	202.02689859828	358.772863139015	91.5855651654879	66.7267441276465	44.1250521188277
miR-1388-3p	124.580297811163	282.060485714438	583.018775188488	798.175641334525	229.302018442265	549.281665807065	719.389183356408	1997.07354816922	540.018359165296	212.047483431119	1213.35130721911	612.421225689202	643.493625074292	578.839604355476	2082.18045490808	932.515969426765	727.957524412136	994.710020706978	727.573081603781
miR-135a-1-5p	0	6.61079263393213	0	0	2.04733945037736	0	0	0	0	0	0	0	0	38.4291853514009	0	5.13580785679571	0	0	0
miR-133b-3p	57.6515207955912	8.81439017857617	40.9789554445582	153.418182316812	63.4675229616983	0	0	0	121.287545908783	13.5927873994307	25.2197731292656	27.8373284404183	9.4885118978783	123.093484328706	32.5849836448839	8.43739862187867	0	0	0
miR-133a-5p	21.8678182328104	33.0539631696606	29.8028766869514	103.281521428965	57.3255046105662	0	0	0	83.7461626513027	1.35927873994307	0	51.8350253718133	81.0836471273237	392.39800979907	3.25849836448839	106.38459131934	0	0	0
miR-133a-3p_gac-miR-133b-3p	33.1330579285007	61.7007312500332	1.86267979293446	0	137.171743175283	0	0	0	294.555468635616	19.7095417291745	0	69.1133671624178	16.389247823608	299.927782547262	32.5849836448839	32.649064232487	0	0	0
miR-133a-3p	8122.23782059266	4649.59081919893	4125.83574134984	9208.09913866199	11491.7163349681	212.899870467855	302.871673054193	105.820131639181	19385.7927544205	4356.48836151753	182.142805933585	7073.56114749801	4027.44200465398	35141.6886357928	2131.05793037541	4449.81066449514	123.492794319916	105.249400531236	162.282136125911
miR-130c-3p	0	0	0	0	8.18935780150945	59.6119637309993	19.3087587557318	0	2.88779871211388	2.0389181099146	11.2087880574514	20.1580654223718	16.389247823608	8.10615628506112	48.8774754673258	10.2716157135914	0	0	21.572247702538
miR-130c-2-5p	7.28927274427015	19.8323779017964	0	62.1694595009304	4.09467890075473	63.018361658485	93.7853996706974	67.5447648760727	5.77559742422777	10.194590549573	25.2197731292656	114.22903739344	26.7403517122025	12.0091204223128	42.3604787383491	35.5838115792275	53.1787152573801	19.9492327804304	0
miR-130b-5p	2355.7604187164	1516.0751107151	1730.42952763612	1158.15686650927	499.550825892077	5084.90050625424	8021.41006595259	5370.93455372905	724.837476740585	1039.84823605645	1958.73571303963	2009.08718709639	632.279929194981	631.679734213652	648.441174533189	645.277572864547	3575.38228913785	5475.03254136019	5350.4077085863
miR-130b-3p	0	11.0179877232202	0	0	0	0	32.5490504739479	0	5.77559742422777	0	0	73.9129065486968	9.4885118978783	3.30250811613601	35.8434820093723	6.23633811182337	0	0	0
miR-1306-5p	130.544248238293	121.197864955422	139.700984470085	0	0	0	0	0	213.697104696427	53.6915102277512	0	0	0	0	0	0	0	0	0
miR-129-1b/2-3p	3.31330579285007	2.20359754464404	0	83.2268570738261	28.6627523052831	0	17.6537222909548	0	0	3.39819684985767	0	69.1133671624178	2.58777597214863	24.6186968657412	61.9114689252794	23.8448221922658	0	39.2105609822253	29.9069797694277
miR-129-1a/2-5p	0	37.4611582589487	24.214837308148	61.1667262831734	14.3313761526415	203.532276167269	572.090937991254	0	5.77559742422777	11.5538692895161	25.2197731292656	10.5589866498138	0	0.600456021115639	0	18.7090143354701	0	154.778530192994	196.111342750345
miR-128-2-3p	8421.7606642663	11031.2093084881	20591.9251108905	9379.56651889843	10224.4132151845	9284.98915084408	11044.058329457	14808.0639529977	9469.09197702143	10577.227514867	8563.51407589286	7617.82891390205	5919.10624029463	8404.88315556615	12662.5246444019	8615.68452319315	10841.9582917519	11736.3400161008	12763.4164645493
miR-126b-5p	660.010513935734	471.569874553825	255.187131632022	885.413431279379	716.568807632077	149.029909327498	263.150797899545	156.478705296235	467.823391362449	812.848686485954	1213.35130721911	2332.5761417316	821.187575161831	563.227747806469	508.325744860189	1626.21687351253	369.296633731806	101.121973059423	61.2847946094829
miR-126b-3p	10270.5852966766	7721.40579643273	9065.66255221204	16541.0871601185	12357.7409224778	5255.22040262853	10463.6922091419	4697.73839713086	6205.87943233274	24276.0386560132	19113.785834969	31023.2626850303	13866.1662507631	7773.80387737362	7836.68856659458	27711.3518215963	12345.7341843078	5607.11022045821	4074.21314563842
miR-125b-2/3-5p	28000.7472553759	25667.5042000138	36737.6335560465	34960.2936370958	15095.0337676323	18446.4963768168	29888.3035174081	25851.6330102356	23506.681516607	13995.1339064538	14944.1166775971	17348.4150656441	18373.2094022553	39858.8711376772	4835.61157290077	8982.89478495405	15823.0312875265	10055.1012259156	9251.06231589066
miR-125b-2-3p	96.748529151222	143.233840401863	299.891446662449	429.169817199971	182.213211083585	0	92.6820420275127	218.394739765968	46.2047793938222	222.242073980692	151.318638775594	243.816600822974	152.678782356769	175.032930155209	120.56443948607	273.298346665201	86.2676936397499	4.81533205044872	56.8722893976001
miR-125a-5p	22581.5043005904	19686.9404638499	39958.2069180301	41746.7920548747	13594.3339505057	8944.34935809551	10854.8324936508	8667.1190796814	13249.2204911785	19507.6888362929	20677.4117689834	14126.0043216964	12531.7364411251	23278.1787986005	23806.5890509522	12288.1539842204	10680.0586475238	4932.96373339539	7883.18570020701
miR-122-5p	110099.163512932	5705.11404308343	16147.5711249489	313.855497157923	40.9467890075473	53.6507673578994	434.722911414762	1078.46474585463	5146.05730498694	6101.12262423446	14994.5562238556	93.1110640938128	539.119994197631	408.91055037975	358.434820093723	16771.7142432031	655.870821507687	294.423159656007	668.249400421802
miR-122-3p	695.131555339944	35.2575607143047	0	0	0	0	0	0	20.2145909847972	23.1077385790321	36.428561186717	0	0	8.40638429561894	0	37.4180286709402	0	0	0
miR-10c-5p	1728.2203015506	1086.37358950951	2529.519158805	450.227214772867	212.923302839246	1567.79464612528	977.02319304003	1822.5829055727	690.183892195219	2798.75492554278	4363.02075136295	226.538259032369	131.97657457958	235.078532266773	182.47590841135	193.326481466524	1767.30597038693	1591.81119496262	1124.20827231635
miR-10b-5p	5087.91237550056	5096.92112076167	10786.7786808835	10858.5980150899	10056.5313802536	14208.0857555428	10183.439367773	21774.1807038833	5209.58887665345	9322.61323789953	12021.4251916166	13514.5430038844	8538.79811609976	7296.14111257613	2222.29588458108	7212.87529145124	25419.4258930277	12515.7359036948	5138.60745841592
miR-103-3p	815.073225041117	786.684323437923	622.135050840111	399.087820667263	853.74055080736	735.781952336906	285.769629584831	469.436115888705	947.197977573354	742.166192008915	554.835008843844	742.008789118735	740.103928034507	496.276901452075	1756.33061845924	697.736181687532	522.333158750266	711.293334309139	732.966143529416
miR-101b-5p	394.283389349158	370.204387500199	189.993338879315	718.959717131727	466.793394686039	0	139.574741862861	238.65816922879	450.496599089766	174.667318082684	64.4505313303455	263.974666245346	237.212797446958	512.489214022198	1283.84835560843	409.764098288629	191.443374926568	99.746163902152	108.841795226442
miR-101b-3p	9.27725621998019	8.81439017857617	14.9014383434757	104.284254646722	14.3313761526415	0	0	0	40.4291819695944	13.5927873994307	19.6153791005399	26.8774205631625	26.7403517122025	6.60501623227203	228.094885514187	87.6755769838697	0	0	0
miR-101a-3p	1677.1953923407	2382.08894576021	5615.97957569741	1968.36530645688	3378.11009312265	952.939820214118	678.564950558575	1088.59646058604	5896.88497013655	3609.56469391882	4884.22939603444	1394.74614565268	1327.52907371225	1343.22011923568	8846.82305958598	4379.00988475503	625.736216195172	1433.59314187645	882.501042376554
miR-100-2-5p	42102.1767097458	24120.5787236737	96229.7634625803	26359.8508283945	20565.5247790406	34484.6694189012	46042.0110924533	51980.199556463	21026.0624229012	31971.5952422009	30473.892531196	22194.0300300314	21409.5332095763	27184.1452159578	4395.71429369484	16805.4638376906	34023.1511470578	17029.7657487012	21795.3243549165
miR-1-3p	7401.26248006848	4460.08143035954	81905.7558549143	11245.6530371441	19928.8022099733	1417.91313731591	34135.6787648475	14645.9565172951	14464.9837489784	24488.7657788143	3365.43861424978	15863.4375795294	10632.308877568	18956.3965866207	1577.11320841238	13001.2975894784	2081.06039040547	501.482437825302	680.506359343698
let-7j-5p	1057.60720907774	1388.26645312575	1942.77502403065	2104.73702407182	2950.21614799378	1405.99074456971	5548.78558757573	4645.95407739253	1695.13784401085	2208.82795240748	1939.12033393909	2026.365528887	2368.67760650671	1701.0919078206	2926.13153131057	3586.99494455346	1643.81317606701	2170.3389455951	2696.53096281725
let-7j-3p	5.96395042713012	11.0179877232202	0	4.01093287102776	12.2840367022642	0	54.0645245160491	21.3891755440897	37.5413832574805	19.0299023592029	2.80219701436285	6.71935514079061	27.6029437029187	17.4132246123535	13.0339934579536	13.9400498970169	56.1330883272345	37.8347518249542	0
let-7i-5p	1426.04681324267	610.3965198664	1672.68645405515	1952.32157497276	1486.36844097397	0	737.042905647363	705.84279295496	412.955215832286	1075.18948329497	1045.21948635734	1636.64293072114	1538.001519447	1734.41721699252	1133.95743084196	1921.15898185994	366.933135275922	464.335590578983	674.132740704312
let-7h-1-5p	2871.97346124244	3402.3546089304	11218.9203928443	9998.25291425446	10814.0469768932	16553.3907286166	24073.6087378248	16835.5326453611	2573.02865249347	5098.65455352645	8294.50316251403	9932.16680596578	8773.42313757456	7990.2682729858	14373.2362857583	12977.4527672861	16084.1978669016	19427.113205246	24211.9063759576
let-7h-1-3p	628.865439482943	317.318046428742	126.662225919544	333.910161513061	288.674862503208	85.1599481871419	253.772257932475	154.227213133699	297.44326734773	181.463711782399	283.021898450647	378.203703638786	471.837818921766	388.19481765126	518.101239953654	205.065470853486	208.578738731724	283.416686397839	206.897466601614
let-7g-5p	16887.9196261568	13538.903314293	62261.9347586274	40510.4219973804	36065.9317578476	21458.603744196	53007.5078938782	47301.5988427137	18608.9749008619	20527.1478912502	32368.1777129052	29669.7925780996	28522.4667650222	34930.6283443706	44159.1698355467	44452.2512176586	23144.5586292397	25476.5460697669	31859.2681865073
let-7f-5p	1583.09750782376	1835.59675468849	6243.70266591633	5914.12051833044	6056.03009421624	7901.9915922849	25517.352213932	18697.5166637782	1438.12375863271	4311.63216309941	7991.86588496284	5375.48411263249	6434.93625074292	4742.40165477131	8706.70762991298	10375.065557564	9393.7246129092	10626.062026183	9798.703240521
let-7e-5p	24079.1185189586	25425.108470103	194247.699526378	56563.1780804513	108332.919677268	123519.395248558	285111.476750671	199412.409343629	26224.1001047062	81770.8107981251	119978.86736696	80306.8529190977	84454.6566270426	42526.9974675046	58832.1879708379	73666.5605242044	122082.967490981	132690.602077586	143995.243692798
let-7d-5p	8627.18562342301	8664.54554554038	27046.1105934084	21747.2780267125	18000.2084477178	21726.8575809855	55497.2344157244	52227.863694342	5368.41780581971	18195.3052128779	19223.0715185291	16637.1233285976	10710.8047487232	14309.1672111962	18570.1821792193	19121.3463376871	32002.9508418913	12749.6234604309	21514.8851347835
let-7c-2/d-3p	66.2661158570014	15.4251828125083	9.31339896467233	0	28.6627523052831	0	0	0	20.2145909847972	50.972952747865	39.2307582010798	83.5119853212548	106.098814858094	94.2715953151553	26.0679869159071	86.2082033104995	49.0425929595838	0	25.9847529144208
let-7c-2-5p	4163.5000592954	5645.61690937804	21428.2683379181	10282.0264148797	5965.94715839964	6979.70935341815	24782.516023571	25984.4710478252	4770.64347241214	9800.39971498951	14392.0838657676	8115.06119432055	6016.57913524556	5913.29089594681	1889.92905140327	6461.21312726735	7938.99131331287	4597.95420359989	7480.66716921192
let-7b-5p	38817.3653467143	25466.9768234512	89876.1626888809	90979.9903135228	52594.1031407441	111446.269394067	181978.982805735	180607.946802131	12856.479866331	43508.4735474677	80840.5816673537	56588.489179984	32951.8766373499	42571.7314410777	59565.3501028478	61567.3309004303	103947.252964373	66918.6695050858	111851.123780946
let-7b-1-3p	2127.14231900974	683.115238839653	538.31446015806	4570.45800653614	2020.72403752246	0	0	0	736.388671589041	527.40015109791	487.582280499135	3740.76099766586	2616.24150784226	2305.45089307349	1541.26972640301	1141.98356130036	0	0	0
let-7a-5p_gac-let-7c-2-5p	824.350481261097	1181.12828392921	3455.27101589343	1481.036962627	3828.52477220567	543.320469433965	1922.6006932493	1345.26656711511	1423.68476507215	1742.59534460701	2345.4389010217	1521.45398545045	1312.86500987007	1955.98548878419	4688.97914649879	3114.50062172826	818.952214963653	568.209181952948	544.208976132208
let-7a-5p	109411.321230336	121237.529711226	423586.423671848	299215.592178671	381841.09153208	333057.150961984	713378.64259516	593323.346386154	91029.1910032539	224203.513202429	300244.201300922	288893.874738906	284953.813765137	257654.177520668	327964.601887392	379821.237953255	325776.945789008	293748.325264366	387026.225196163
let-7a-5-3p	202.111653363854	328.336034151962	115.486147161937	168.459180583166	196.544587236227	1.70319896374284	112.542479604837	84.4309560950909	300.331066059844	119.61652911499	33.6263641723542	236.137337804927	186.319869994701	264.200649290881	149.890924766466	84.7408296371293	273.574946268522	249.021457466062	92.6626094495382
let-7a-4-3p	4.6386281099901	0	0	62.1694595009304	0	0	0	0	2.88779871211388	0	0	0	0	3.30250811613601	0	0	0	0	0
let-7a-3/7-3p	149.761421836823	68.3115238839653	59.6057533739029	83.2268570738261	292.769541403963	192.461482902941	52.4094880512721	34.8981285193042	103.9607536361	137.966792104221	36.428561186717	388.7626902886	288.105724899214	196.048890894256	110.788944392605	99.7814097891739	61.4509598529725	80.4848357003571	145.612671992131
REV_miR-2184-5p	22.5304793913805	26.4431705357285	35.3909160657548	0	0	0	0	0	23.1023896969111	25.8262960589183	2.80219701436285	0	0	0	0	0	0	0	0
miR-301c-5p	0	0	0	68.185858807472	0	0	0	0	0	0	0	19.198157545116	0	0.900684031673458	0	1.10053025502765	0	0	0
miR-301a-5p	0	0	0	0	2.04733945037736	0	0	0	0	0	0	38.3963150902321	15.5266558328918	14.7111725173331	0	4.76896443845316	0	0	0
miR-29b-1a-5p	0	0	0	306.836364633624	42.9941284579246	0	0	0	0	0	0	43.1958544765111	36.2288636100808	82.5627029034003	58.652970560791	40.3527760176806	0	0	0
miR-26a-1b-3p	0	0	0	0	59.3728440609435	55.3539663216422	18.7570799341395	0	0	0	0	20.1580654223718	13.8014718514593	11.708892411755	29.3264852803955	26.4127261206637	94.5399382353423	71.5420761780952	44.6153304757036
miR-223-5p	0	0	0	215.587641817742	837.361835204341	914.617843529904	400.518824476037	255.544360447808	0	0	0	975.266403291895	816.87461520825	315.23941108571	514.842741589165	312.183749009511	320.254040772222	683.089246585082	221.115538951014
miR-2184-5p	0	0	0	9.02459895981247	47.0888073586793	0	0	0	0	0	0	2.87972363176741	48.3051514801077	27.9212049818772	0	12.8395196419893	22.4532353308938	0	0
miR-214a-5p	0	0	0	0	18.4260550533963	0	0	0	0	0	0	31.6769599494415	8.62591990716209	3.60273612669383	0	0	5.9087461397089	28.2040877240568	0
miR-19b-2-5p	0	0	0	60.1639930654165	0	0	0	0	0	0	0	2.87972363176741	9.4885118978783	7.8059282745033	0	2.20106051005531	0	0	0
miR-19a-1-3p	0	0	0	0	16.3787156030189	0	0	0	0	0	0	16.3184339133486	25.0151677307701	1.20091204223128	61.9114689252794	29.3474734674041	0	60.5356029199267	0
miR-181b-3-3p	0	0	0	15.0409982663541	12.2840367022642	63.018361658485	0	0	0	0	0	0	1.72518398143242	7.50570026394548	0	2.93474734674041	0	0	0
miR-150-3p	0	0	0	181.494712414006	98.2722936181134	0	149.504960651524	3.37723824380364	0	0	0	87.351616830278	34.5036796286484	85.8652110195363	211.802393691745	236.614004830945	116.993173566236	95.6187364303388	89.2306609514071
miR-1388-5p	0	0	0	169.461913800923	28.6627523052831	0	0	0	0	0	0	63.3539198988829	81.0836471273237	48.3367096998089	42.3604787383491	65.2981284649741	0	0	0
miR-132-3p	0	0	0	0	184.260550533963	0	0	0	0	0	0	25.9175126859067	221.686141614066	133.301236687672	325.849836448839	227.076075954039	0	0	0
miR-129-1a-3p_gac-miR-129-1b/2-3p	0	0	0	31.0847297504652	0	0	0	0	0	0	0	0	11.2136958793107	0	0	8.07055520353612	0	0	0
miR-125a-1-3p	0	0	0	0	6.14201835113209	0	0	0	0	0	0	24.9576048086509	22.4273917586214	24.0182408446255	55.3944721963026	67.8660323933719	0	0	0
miR-124-3p	0	0	0	37.1011290570068	0	0	0	0	0	0	0	0.959907877255802	1.72518398143242	8.70661230617676	3.25849836448839	1.83421709171276	0	0	0
let-7f-3p	0	0	0	0	24.5680734045284	0	0	0	0	0	0	27.8373284404183	11.2136958793107	18.313908644027	0	10.638459131934	0	0	0
let-7e-1-3p	0	0	0	63.1721927186873	57.3255046105662	4.25799740935709	12.1369340750314	96.8141629890375	0	0	0	59.5142883898597	50.0303354615401	30.6232570768976	87.9794558411865	29.3474734674041	36.0433514522243	68.1025532849176	19.6111342750345
REV_let-7a-5p_gac-let-7g-5p	0	0	0	100.273321775694	122.840367022642	0	0	0	0	0	0	70.0732750396736	62.9692153222833	78.9599667767065	175.958911682373	115.188833359561	0	0	0
REV_miR-1306-5p	0	0	0	123.336185784104	22.520733954151	175.429493265512	56.2712398024184	4.50298432507151	0	0	0	1.9198157545116	12.9388798607431	9.60729633785022	61.9114689252794	23.1111353555807	196.170371838335	92.8671181157967	59.8139595388553
REV_miR-18a-3p	0	0	0	0	2.04733945037736	0	0	0	0	0	0	54.7147490035807	6.90073592572967	6.90524424282984	0	5.86949469348082	0	0	0
REV_miR-7132b-3p	0	0	0	3427.34213829323	1695.19706491246	0	0	0	0	0	0	2923.87939412117	2613.65373187011	2120.81066658044	8361.30680327721	3134.31016631876	0	0	0
miR-9-7-3p	0	0	0	0	0	252.07344663394	377.348313969159	178.993626921593	0	0	0	0	0	0	0	0	569.012253253967	702.350574786877	141.690445137124
miR-205-1b-3p	0	0	0	0	0	56.2055658035137	35.3074445819096	0	0	0	0	0	0	0	0	0	0	0	62.2653513232346
miR-205-1a-3p	0	0	0	0	0	65.5731601040993	0	0	0	0	0	0	0	0	0	0	0	125.198633311667	194.150229322842
miR-200a-5p	0	0	0	0	0	277.621431090083	44.6859845489794	0	0	0	0	0	0	0	0	0	0	178.167285866602	254.454467218573
miR-10545-3p	0	0	0	0	0	0	15.9986858261778	39.4011128443757	0	0	0	0	0	0	0	0	0	86.6759769080769	61.2847946094829
REV_let-7f-5p_REV_gac-let-7g-5p	0	0	0	0	0	0	32.5490504739479	0	0	0	0	0	0	0	0	0	39.5885991360496	9.63066410089743	0
REV_miR-18a/b-5p	0	0	0	0	0	0	0	34.8981285193042	0	0	0	0	0	0	0	0	0	0	26.4750312712966
REV_miR-191-5p	0	0	0	0	0	70631.6610264155	103275.378759729	40825.1816371796	0	0	0	0	0	0	0	0	30235.0539968904	49289.7388683931	119432.788291674
REV_miR-19b-3p	0	0	0	0	0	0	0	0	0	0	0	0	0	0	0	0	137.082910441246	0	33.3389282675587
REV_miR-210-3p	0	0	0	0	0	279.324630053825	5.51678821592338	0	0	0	0	0	0	0	0	0	77.4045744301865	36.4589426676831	0
REV_miR-733-3p	0	0	0	0	0	0	464.513567780748	0	0	0	0	0	0	0	0	0	0	0	0
REV_miR-8159-5p	0	0	0	0	0	0	0	15.7604451377503	0	0	0	0	0	0	0	0	21.8623607169229	0	23.5333611300414
REV_miR-9-1/3/5/6-3p	0	0	0	0	0	0	38.0658386898713	0	0	0	0	0	0	0	0	0	0	0.687904578635531	15.6889074200276
