Gene	D12_M_MPP	D13_M_MPP	D20_M_MPP	D47_M_MPP	D61_M_MPP	D25_M_I	D45_M_I	D53_M_I	D56_M_I
a103_gac-miR-ENSGACG00000022167-5p	0	25.58804954905	64.7831372559162	68.3175977133396	185.044413573566	0	577.928990923772	70.7588649264985	109.91109947131
a109_gac-miR-ENSGACG00000022167-3p	0	4.26467492484166	6.81927760588591	0	191.013588204971	0	19.8924833832458	31.3673318746333	16.3697382191313
a10_gac-miR-99a-5p	10670.6298105499	12988.7782627594	12851.7810579927	17699.0400395949	9816.3076813461	26051.6696249465	17773.4104165253	18044.9695019257	43212.6010974597
a57_gac-miR-99a-3p	0	4.26467492484166	0	0	0	0	2.09394561928903	0	15.2004712034791
a244_gac-miR-96-5p	0	2.84311661656111	2.55722910220722	0	0	0	0	0	12.8619371721746
a165_gac-miR-92a-3p	1460480.3986584	1157325.44694975	970971.366011073	451066.938902324	1040188.3712687	1714837.24675031	1194749.88080741	622855.27325192	415037.758174347
a44_gac-miR-92a-2-5p	1144.54292887152	63.2593447184847	191.792182665541	239.794767973822	467.087914907469	656.132059092377	141.341329302009	352.335378963905	295.23992145219
a181_gac-miR-9-5p	0	86.0042776509735	137.237961818454	26.6438631082024	191.013588204971	0	121.448845918764	130.57563733859	21.0468062817402
a46_gac-miR-9-1/3/5/6-3p	0	4.26467492484166	28.1295201242794	23.2279832225354	0	0	32.4561570989799	0	39.755078532176
a167_gac-miR-8159-5p	0	12.0832456203847	63.0783178544447	8.88128770273414	298.458731570268	0	23.0334018121793	25.531549200283	54.9555497356551
a125_gac-miR-737-5p	5857.73332017729	1590.0129678118	4235.62380295589	1968.22999012131	531.256542195076	6404.58646907969	1952.60428998702	529.597277697298	1222.46866486441
a127_gac-miR-734-3p	0	0	0	0	0	0	0	29.9083862060458	0
a177_gac-miR-730-5p	0	70.3671362598874	115.927719300061	282.151678556092	347.704422279362	0	57.5835045304483	771.782258682839	97.6337958069617
a168_gac-miR-727b-5p	78.9339950945876	0	0	0	0	0	7.3288096675116	0	23.3853403130447
a124_gac-miR-727b-3p	0	27.0096078573305	22.1626522191292	30.7429189710028	0	0	13.6106465253787	65.6525550864419	92.3720942365266
a232_gac-miR-725-3p	392.592765075712	4548.98658649777	1380.05130549116	386.677603057502	0	82.9768880351016	1335.9373051064	37.2031145489837	336.164267000018
a223_gac-miR-724-5p	0	112.303106354164	187.530134161863	197.437857391551	756.592884530628	0	70.1471782461824	584.307740269333	124.526937166963
a248_gac-miR-722-3p	0	48.3329824815389	92.0602476794598	166.011762443415	141.767897495877	665.351713318499	18.8455105736013	57.6283539092101	142.650575909573
a217_gac-miR-7147-5p	0	43.3575284025569	24.7198813213364	34.1587988566698	0	0	0	140.788257018703	11.6926701565224
a156_gac-miR-7133-3p	2334.78448648201	1508.27336508567	876.27717235634	285.567558441759	149.229365785134	817.476008049519	461.715009053231	515.007821011422	54.9555497356551
a99_gac-miR-7132b-5p	0	1790.45268927936	564.295221887059	258.923695333557	486.487732459536	1983.762267654	680.532326268934	162.672442047517	283.547251295667
a98_gac-miR-7132a-5p_gac-miR-7132b-5p	0	714.333049910979	271.066284833965	161.912706580615	361.135065200024	64.5375795828568	262.790175220773	34.2852232118085	198.77539266088
a100_gac-miR-7132a-5p	0	362.497368611541	125.304226008154	161.229530603481	0	689.937457921493	93.1805800583618	0	79.510157064352
a202_gac-miR-7-5p	0	358.2326936867	456.039189893621	579.333228609119	522.302780247968	102.952805525033	394.708749235982	274.281785694468	301.086256530451
a105_gac-miR-551a-3p	13142.5101832488	3631.37069850268	2009.98207433487	9599.98883067847	7221.20901034262	3079.36451152488	3834.01442891821	22001.6301551353	820.240811480044
a224_gac-miR-499a-5p	278.346193228283	169.165438685386	1508.76517030226	2411.61119928089	2048.91919222989	193.61273874857	338.172217515178	1406.42362451844	1307.82515700703
a182_gac-miR-489-3p	0	19.9018163159278	18.7530134161863	93.5951088672752	0	0	41.8789123857806	34.2852232118085	128.619371721746
a75_gac-miR-460-5p	641.858012742831	51.8868782522402	49.4397626426729	41.6737346051371	0	315.004852725849	75.382042294405	109.42092514407	117.51133507305
a47_gac-miR-458-3p	0	394.482430547854	351.192796703125	289.66661430456	231.305516966957	201.295783937006	149.717111779166	849.106379117982	152.004712034791
a60_gac-miR-456-3p	1283.71602548566	493.991512127493	707.500051610664	367.548675697767	910.299131289316	860.501061104757	443.916471289274	763.028584671314	747.746256509605
a164_gac-miR-455-5p	174.485673366983	493.991512127493	606.915706923846	421.519577891305	643.178566533927	0	548.613752253725	697.376029584872	617.957617772207
a102_gac-miR-455-3p	2039.82061007592	779.013952937744	571.966909193681	1112.21049077317	374.565708120686	588.521261434146	1074.19410269527	2491.14972911332	2571.80280092709
a155_gac-miR-454b-3p	0	626.907213951725	928.27416410122	418.103698005638	0	0	205.206670690325	227.595524299665	148.496910987834
a1_gac-miR-451-5p	117516.101012663	168087.186708555	114112.086637493	243981.953537672	91952.1506094837	193290.050850656	317769.858373635	63174.5358683459	294826.585562157
a134_gac-miR-429a-3p	0	567.201765003941	299.195804958244	19.8121033368685	120.875786285958	391.835304610202	108.885172203029	39.3915330518651	51.4477486886984
a17_gac-miR-425-5p	27367.2469834524	72672.9038359185	51637.2748511696	11653.6158179415	52300.4158267158	43624.3305799358	32984.8783678504	13691.4756268603	18149.9472504618
a247_gac-miR-375a-3p	13497.7131611745	20419.974319296	13660.717863991	2715.62450910525	12365.1452489562	8947.67442645179	9061.54966747327	3440.19388652956	2864.70418834798
a116_gac-miR-365-2b-5p	1865.33493670894	44.0683075566972	56.2590402485588	188.556569688817	0	339.590597328842	68.0532326268934	156.107186538873	187.667356012184
a136_gac-miR-365-2b-3p	1427.04354289425	1201.92754965121	1075.7410423285	4907.93621972631	752.116003557074	732.96251097673	2071.95919028649	1523.13927800545	7124.9285598769
a205_gac-miR-34a-5p	0	20.612595470068	5.11445820441444	24.5943351768022	0	0	17.7985377639567	20.4252393602264	29.816308899132
a174_gac-miR-338-3p	0	208.969071317242	242.936764709686	726.216063692799	456.641859302509	172.100212220951	332.937353466955	964.363086936402	446.075366471328
a3_gac-miR-338-1b-5p	0	5.68623323312222	0	21.8616312682687	0	0	5.23486404822257	0	9.35413612521789
a4_gac-miR-338-1a-5p	191.103356544791	8.52934984968333	22.1626522191292	7.51493574846735	196.982762836377	0	23.0334018121793	1.4589456685876	64.309685860873
a122_gac-miR-33-5p	0	7.81857069554305	16.195784313979	0	0	0	0	0	0
a43_gac-miR-31a-5p	1196.47318880217	895.581734216749	1127.73803407338	590.264044243254	326.812311069443	1355.28917123999	989.389305114066	459.567885605093	1196.16015701224
a214_gac-miR-30e-5p	2228.84675622349	5902.31009598086	4216.01837983897	8809.55422513513	5749.8074637012	3503.46860592651	3899.97371592581	7983.35069851133	2720.88434542275
a95_gac-miR-30e-3p	4416.14930450245	8295.50350797118	6277.14503621798	10100.0736459401	15157.226682796	4826.48898737507	7841.82634423741	49927.3091975705	5064.68007829766
a212_gac-miR-30c-2-5p	15142.8637957775	33585.0258122822	20385.3779930952	25267.9466902558	41964.7899524375	25664.4441474494	25339.8829118262	23948.5931498654	22148.2558104847
a211_gac-miR-30c-1-5p_gac-miR-30c-2-5p	195.257777339243	356.100356224279	161.105433439055	337.488932703897	31.3381668148781	359.566514818773	456.480145005008	523.761495022948	338.502801031322
a213_gac-miR-30c-1-5p	8541.48915339327	8616.77568564258	5840.71126944129	11151.4814747484	8677.68762040553	4631.33963958882	11101.0527006608	44780.1488787934	4266.65534011501
a209_gac-miR-30bb-5p_gac-miR-30c-1-5p_gac-miR-30c-2-5p	0	0	0	29.376567016736	0	0	6.28183685786708	0	0
a210_gac-miR-30bb-5p	355.202977925644	1097.44301399259	546.394618171609	1481.1255184252	1260.98814088438	851.281406878634	976.825631398332	1205.08912225336	704.483376930472
a89_gac-miR-30bb-3p	0	94.5336275006569	73.3072342632736	85.3969971416744	0	456.372884193059	82.7108519619166	84.6188487780807	45.6014136104372
a208_gac-miR-30a-5p	30927.5856042978	40471.0542575932	31724.9842419827	30818.7515044646	59099.3057318865	31967.6144200417	47498.0154551427	30904.1166248568	38661.8138725412
a110_gac-miR-301c-5p	0	21.3233746242083	12.7861455110361	0	0	0	9.42275528680063	40.1210058861589	0
a111_gac-miR-301b-5p	0	9.95090815796388	40.9156656353155	0	0	0	43.9728580050696	0	9.35413612521789
a143_gac-miR-29b-2b-3p	0	6.3970123872625	1.70481940147148	17.0793994283349	0	0	0	0	0
a145_gac-miR-29b-1a/2a-3p	0	126.518689436969	19.605423116922	106.57545243281	0	339.590597328842	69.1002054365379	62.7346637492667	62.5557853373946
a107_gac-miR-29b-1a-5p	0	0	9.37650670809313	35.5251508109366	0	0	25.1273474314683	61.2757180806791	23.9699738208708
a146_gac-miR-29a-3p	97.6288886696215	463.428008499461	268.509055731758	873.782074753613	296.966437912416	445.616620929249	349.688918421268	780.535932694365	689.867539234819
a33_gac-miR-29a-3b-5p	0	42.6467492484166	118.484948402268	17.7625754054683	226.828635993403	0	59.6774501497373	0	15.7851047113052
a228_gac-miR-27e-3p	546.306334470435	1656.82620830099	2028.73508775106	3577.79259224759	1528.10870563977	1951.49347786257	2895.92679147673	3548.15586600504	3112.00416215843
a59_gac-miR-27c-1-5p	1177.77829522714	941.782379235867	811.494035100424	650.383530230993	1105.78960046784	712.986593486799	696.236918413602	793.666443711653	1111.97293188528
a231_gac-miR-27c-1-3p	8541.48915339327	17172.4243640291	12117.8563056593	7902.29652750199	5422.99515263176	5328.96014269874	6783.33683368681	7916.9686705906	9772.73371682139
a36_gac-miR-27b-5p	1510.13195878329	226.738550170748	273.623513936172	316.993653389895	270.105152071092	89.1233241858498	199.971806642102	461.756304107975	349.026204172192
a230_gac-miR-27b-3p	10467.0631916218	8835.69566511779	8906.82896298774	7581.88699422642	5611.02415352103	8016.48934961342	9021.76470070678	9739.9212834908	11704.9474601867
a42_gac-miR-27a-5p	2.07721039722599	203.282838084119	137.237961818454	45.7727904679375	216.382580388444	0	212.535480357836	189.662936916388	899.750968544396
a227_gac-miR-27a-3p_gac-miR-27b-3p_gac-miR-27e-3p	0	69.6563571057472	59.6686790515017	84.713821164541	0	67.6107976582309	28.2682658604019	28.4494405374582	54.370916227829
a229_gac-miR-27a-3p	1163.23782244655	878.523034517383	523.379556251744	707.087136333064	508.872137327306	202.832392974693	555.942561921237	840.352705106456	766.454528760041
a74_gac-miR-26b-3p	1038.60519861299	204.7043963924	387.846413834761	373.697259491967	613.3326933769	288.882499085168	566.412290017682	56.1694082406225	372.996177993063
a73_gac-miR-26a-1b-3p	0	359.65425199498	299.195804958244	124.338027838278	277.566620360349	444.080011891562	374.816265852736	91.9135771210186	220.991465958273
a226_gac-miR-26-5p	132345.306038459	185291.596134521	233828.767057324	177377.077999006	163252.449287963	142021.090308227	196448.743137648	164501.230443092	182303.343577879
a197_gac-miR-24-6-5p	51.9302599306497	107.327652275182	74.1596439640093	163.279058534882	0	139.831422429523	164.374731114189	252.397600665654	99.9723298382662
a206_gac-miR-24-3p	2928.86666008864	4573.86385689268	4222.83765744485	2904.8642547712	1456.47861006291	2930.31343486923	3695.81401804513	2512.30444130784	6161.45253897946
a199_gac-miR-24-2-5p	1024.06472583241	834.454726960686	431.319308572284	315.627301435629	987.898401497586	316.541461763536	688.90810874609	417.258461216053	598.664712013945
a119_gac-miR-23b-2-5p	1834.17678075055	102.3521981962	133.828323015511	125.704379792545	255.182215492579	633.082923527071	190.549051355302	231.242888471134	292.316753913059
a50_gac-miR-23b-2-3p	7459.26253643853	4089.82325292316	4126.51536126171	3482.14795544892	1425.14044324803	3485.02929747427	4874.70540170486	5158.10241129145	6294.74897876381
a49_gac-miR-23a-3p_gac-miR-23b-2-3p	537.997492881531	106.616873121042	58.816269350766	104.52592450141	0	268.906581595237	72.2411238654715	64.9230822521481	63.1404188452207
a51_gac-miR-23a-3p	123413.301330388	113670.64544673	102255.92010996	40920.191502359	43451.1144356574	47465.8531741535	87323.8141612103	60303.3307925655	97764.1690792069
a114_gac-miR-23a-3-5p	681.325010290125	288.576336580953	338.406651192088	222.715368545487	316.366255464484	874.330542443941	330.843407847666	428.20055373046	733.715052321778
a112_gac-miR-23a-2-5p	0	309.899711205161	269.361465432494	252.775111539356	231.305516966957	471.738974569929	580.022936543061	102.855669635426	513.308219871332
a118_gac-miR-23a-1-5p	0	53.3084365605208	68.1927760588591	60.8026619648722	0	30.7321807537413	207.300616309614	89.7251586181372	71.9099214626125
a79_gac-miR-22b-5p	5149.40457472323	1454.96492852515	2335.60258001593	1468.8283508368	1693.75330166127	3569.54279454705	2189.22014496668	1343.68896076918	2793.96353390102
a14_gac-miR-22b-3p	292.886666008864	176.273230226789	160.253023738319	92.2287569130084	173.106064310755	164.417167032516	58.6304773400928	229.054469968253	150.250811511312
a45_gac-miR-22a-5p	4000.70722505726	1554.47401010479	1882.12061922451	2203.2425262552	537.225716826482	5780.72319977874	2123.26085795907	1947.69246756444	4450.81489508024
a13_gac-miR-22a-3p	104288.425203128	93579.7618758006	92857.2507496478	64099.669230518	134715.317668872	89741.041019	97523.4232727672	124612.926391072	135778.793658585
a219_gac-miR-223-5p	874.505577232142	2514.7366473483	2723.44899385069	548.590309638117	1513.18576906126	1299.97124588326	1115.02604227141	441.331064747748	566.509869083508
a173_gac-miR-223-3p	35410.2056415114	75237.3950240566	62337.5738245054	22573.5006364417	33260.2410461906	64608.2635985904	34022.4284222081	11903.5377100062	28285.1537421354
a201_gac-miR-222c-5p	390.515554678486	103.06297735034	72.4548245625378	230.913480271088	189.52129454712	0	115.167009060897	220.300795956727	61.3865183217424
a200_gac-miR-222a-5p	369.743450706226	228.160108479029	105.698802891232	669.512457590728	161.167715047944	0	336.078271895889	970.198869610752	301.670890038277
a39_gac-miR-222-3p	7421.87274928846	6516.42328515806	4048.09366879403	7722.6212455159	6425.81649070786	6845.59326289588	7016.81177023753	14118.9467077565	10399.460837211
a25_gac-miR-221a-5p	0	31.9850619363125	18.7530134161863	0	0	141.36803146721	28.2682658604019	16.7778751887574	10.5234031408701
a40_gac-miR-221-3p	8304.68716810951	4264.67492484166	2976.6146749692	4517.84273678314	2468.25371008611	7661.53266190771	3025.75141987265	7168.52954260516	5269.88643954463
a77_gac-miR-21a-3p	334.430873953384	122.254014512128	53.7018111463516	127.070731746812	0	0	15.7045921446677	160.484023544636	11.1080366486962
a237_gac-miR-218a-2-5p_gac-miR-218b-5p	0	18.4802580076472	0.852409700735739	13.6635195426679	0	0	31.4091842893354	0	16.3697382191313
a239_gac-miR-218a-2-5p	0	378.134510002628	480.759071214957	549.27348561525	658.10150311244	0	1021.84546221305	1232.80908995652	576.448638716552
a15_gac-miR-2188-5p	24056.1736102742	18506.5568363504	16381.6096287394	30385.617934962	12089.0709222537	47173.8974569929	30116.1728694244	11164.5817288666	34198.7216737966
a108_gac-miR-2188-3p	59696.9496058777	37485.0710310499	66442.7789432487	47240.9356427972	123852.912133372	41927.9142023293	72658.8660165196	29748.6316553354	86175.5636870776
a5_gac-miR-2184-5p	0	213.233746242083	180.710856555977	373.014083514834	459.626446618212	0	151.811057398455	304.919644734808	361.303507836541
a142_gac-miR-217a-5p	342.739715542288	7.10779154140277	17.0481940147148	13.6635195426679	80.5838575239722	0	16.7515649543122	37.9325873832775	43.8475130869588
a135_gac-miR-216b-5p	0	0	0	17.7625754054683	0	0	0	42.3094243890403	14.0312041878268
a58_gac-miR-214a-3p	9274.74442361404	2892.16037819679	2571.72006711973	12694.7760070928	3906.8247962548	4622.11998536269	4598.30457995871	18009.2253330453	17900.3087426201
a26_gac-miR-212a-5p	0	49.0437616356791	57.1114499492945	6.83175977133395	0	3.07321807537413	83.7578247715611	17.5073480230512	102.895497377397
a38_gac-miR-210-5p	1065.60893377693	3022.23296340446	2564.90078951384	2638.42562368917	1754.93734163317	2630.67467252026	2508.54685190826	3429.98126684944	2923.16753913059
a94_gac-miR-210-3p	307.427138789446	1075.40886021424	455.186780192885	1060.97229248816	214.890286730593	122.928723014965	398.89664047456	783.45382403154	309.855759147843
a52_gac-miR-21-5p	222733.039263351	278581.360115432	236216.366629085	216901.540980082	239566.854656822	161760.370006355	207867.028599631	270605.242609628	293022.406557005
a56_gac-miR-20b-5p	423.750921034102	8.52934984968333	0	0	0	0	0	26.9904948688706	0
a126_gac-miR-20a-5p	0	781.146290400165	373.355448922254	692.05726483613	105.952849707445	428.713921514691	294.199359510108	182.36820857345	127.450104706094
a203_gac-miR-206-1-3p	8983.9349680024	1725.77178625259	20891.7093553322	54319.3219418763	7627.11288527819	5474.93800127902	772.665933517651	1054.08824555454	103777.124707199
a240_gac-miR-205-1a-3p	0	181.959463459911	131.271093913304	18.4457513826017	0	189.002911635509	96.3214984872953	27.7199677031644	38.5858115165238
a178_gac-miR-205-1-5p	9515.70082969226	28819.9623629258	15057.8173634968	4014.34204163583	3499.42862766139	16730.5992023368	20859.8862593573	2347.44358075744	4766.51698930634
a101_gac-miR-204-2b-3p	0	4.26467492484166	0	0	0	0	12.5636737157342	0	16.9543717269574
a233_gac-miR-204-1/2b-5p	1813.40467677829	1732.16879863986	2324.52125390636	7038.07891642824	2278.73241553899	9135.14072904961	7849.15515390492	1292.62586236861	9727.13230321095
a234_gac-miR-202-5p	1057.30009218803	19.9018163159278	25.5722910220722	0	0	0	248.13255588575	0	4.67706806260894
a67_gac-miR-200b-5p	0	78.8964861095708	61.3734984529732	0	0	0	46.0668036243586	0	28.0624083756537
a133_gac-miR-200b-3p	8225.75317301492	28104.2077547066	16806.1096597058	1863.02088964277	4169.46848003664	12549.4860107903	11718.766658351	2119.11858362349	2256.68534020882
a128_gac-miR-200a-3p	727.023639029096	5292.4615817285	2441.30138290716	294.448846144493	637.209391902521	797.500090559587	1820.68571597181	126.198800332827	322.717696320017
a220_gac-miR-19b-3p	1053.14567139358	862.175113972156	694.713906099627	577.283700677719	0	1127.87103366231	308.856978845132	253.856546334242	132.127172768703
a157_gac-miR-19b-2-5p	0	66.8132404891861	103.99398348976	68.3175977133396	252.197628176876	285.809281009794	94.2275528680063	90.454631452431	26.8931413600014
a106_gac-miR-19a-1-5p	0	0	0	32.792446902403	0	0	0	35.0146960461023	0
a222_gac-miR-19a-1-3p	0	176.273230226789	159.400614037583	150.98189094648	0	239.711009879182	92.1336072487172	64.9230822521481	68.4021204156558
a72_gac-miR-199-5p	7774.99851681688	9478.2400204606	5634.42812186324	14554.3810168499	8209.10741184021	6490.63657519017	8056.45577021454	25732.1542297138	26400.8799464118
a20_gac-miR-199-3p	24122.6443429854	21225.287100937	35947.8218994276	32878.5270755218	19878.8438162377	20894.8096944687	25669.6793468642	52332.3811322371	55085.3383743925
a153_gac-miR-196d-5p	0	9.2401290038236	59.6686790515017	41.6737346051371	0	0	28.2682658604019	0	175.390052347835
a69_gac-miR-196d-3p	0	31.9850619363125	105.698802891232	133.902491518145	177.582945284309	319.61467983891	110.979117822318	0	486.41507851133
a154_gac-miR-196a-5p	0	122.964793666268	583.048235303246	147.566011060813	179.075238942161	133.684986278775	466.949873101453	33.5557503775147	768.793062791345
a216_gac-miR-194b-5p	0	0	0	24.5943351768022	0	0	0	56.1694082406225	0
a215_gac-miR-194a-5p	0	248.772703949097	300.900624359716	832.791516125609	573.040764614914	2646.04076289713	155.998948637033	892.87474917561	568.848403114813
a207_gac-miR-193a-2-5p	2212.22907304568	160.636088835703	131.271093913304	1095.13109134483	1.49229365785134	407.201394987072	444.963444098919	819.197992911936	1123.6656020418
a131_gac-miR-18c-5p	0	158.503751373282	151.728926730962	15.0298714969347	513.34901830086	132.148377241088	39.7849667664915	97.749359795369	14.0312041878268
a130_gac-miR-18a/b-5p	0	184.091800922332	150.876517030226	206.319145094285	265.628271097538	0	127.730682776631	52.5220440691535	15.2004712034791
a32_gac-miR-18a-3p	0	141.445051673915	215.659654286142	102.476396570009	0	536.276554152786	146.576193350232	56.1694082406225	107.572565440006
a76_gac-miR-184-5p	0	5.68623323312222	8.52409700735739	0	0	0	9.42275528680063	0	0
a204_gac-miR-184-3p	4949.99237658953	9947.35426219318	7126.99750785152	708.453488287331	931.191242499235	1916.15146999577	5564.66048326059	517.925712348597	1193.82162298093
a159_gac-miR-183-5p	334.430873953384	850.091868351772	656.355469566519	144.83330715228	507.379843669455	0	479.513546817187	157.566132207461	180.067120410444
a243_gac-miR-182b-5p	0	21.3233746242083	26.4247007228079	25.960687131069	0	0	21.9864290025348	0	12.2773036643485
a241_gac-miR-182a-5p_gac-miR-182b-5p	0	27.7203870114708	31.5391589272224	15.7130474740681	0	0	12.5636737157342	0	0
a242_gac-miR-182a-5p	0	161.346867989843	219.921702789821	40.9905586280037	435.749748092591	0	138.200410873076	0	48.5245811495678
a8_gac-miR-181b-2/3-5p_gac-miR-181c-5p	2251.69607059297	1510.40570254809	1822.45194017301	1916.99179183631	1595.26192024308	768.304518843533	1489.84230812414	3656.84731831481	1594.29557584182
a88_gac-miR-181b-2-3p	0	0	3.40963880294296	53.9709021935382	0	0	0	0	0
a7_gac-miR-181b-1-5p	155.790779791949	1124.45262184992	825.985000012931	660.631169887993	507.379843669455	208.978829125441	835.484302096322	1412.98888002709	1051.17104707136
a6_gac-miR-181a-5p	8963.16286403014	22645.4238509092	16912.6608722978	20724.8264423187	17255.391565735	11031.3162815554	18567.0158062358	32426.5264300279	20779.0441351559
a23_gac-miR-181a-3-3p	1341.87791660799	489.726837202651	617.144623332675	370.964555583434	1081.91290194222	557.789080680405	563.271371588749	543.45726154888	550.724764372203
a21_gac-miR-181a-2-3p_gac-miR-181a-3-3p	0	61.8377864102041	63.9307275551804	32.792446902403	1.49229365785134	0	63.8653413883154	32.8262775432209	35.0780104695671
a22_gac-miR-181a-2-3p	984.597728285119	949.60094993141	733.072342632736	1555.59169993274	4285.86738534904	408.73800402476	1985.060447086	6385.07571857362	1197.91405753572
a24_gac-miR-181a-1-3p	0	356.100356224279	102.289164088289	272.587214876225	316.366255464484	198.222565861631	203.112725071036	223.948160128196	111.080366486962
a2_gac-miR-17a-5p	211.875460517051	499.677745360615	186.677724461127	259.60687131069	0	0	145.529220540587	304.919644734808	71.9099214626125
a31_gac-miR-17a-1-3p	0	4.97545407898194	5.96686790515017	25.960687131069	0	0	0	0	0
a150_gac-miR-16c-5p	161368.089708501	245669.442162121	369107.038973787	185329.929548816	266834.044373082	241084.738358875	218376.541662843	133083.564942892	185154.601195547
a149_gac-miR-16a-5p_gac-miR-16c-5p	7916.24882382825	14175.7794501737	15315.245093119	9380.68934201865	12099.5169778586	7862.82844584472	10180.7636009833	5150.80768294851	9814.24269587704
a151_gac-miR-16a-5p	2868.62755856909	9945.22192473076	14319.6305626597	8756.94967489586	10258.0266040701	13030.4446395863	9415.42647713311	7176.55374378239	8473.09342892393
a152_gac-miR-15c-5p	131975.562587753	115252.129064692	112518.080497118	78732.6154847382	132051.573489607	145782.709232485	75739.0600224938	78779.4187395588	80113.4988444286
a147_gac-miR-15b-1-5p	253.419668461571	685.901883745368	162.810252840526	468.658720313509	0	342.663815404216	288.964495461886	312.94384591204	589.895209396553
a148_gac-miR-15a-2-5p	29922.2157720404	53581.3757557107	64448.9926532278	35760.1633470705	24622.8453545471	47385.9495041937	38740.0879024663	22121.9931727937	26293.8920144797
a225_gac-miR-155-5p	546.306334470435	1594.27764273664	621.406671836354	700.25537656173	1956.3969854431	591.59447950952	773.712906327296	1332.01739542048	469.460706784373
a235_gac-miR-153c-3p	0	0	0.852409700735739	30.7429189710028	0	0	0	0	0
a16_gac-miR-152a-5p	324.044821967254	793.229536020549	532.756062959837	887.445594296281	1210.25015651743	465.592538419181	854.329812669924	622.969800486904	867.011492106133
a169_gac-miR-152a-3p	808.03484452091	1602.80699258633	1313.56334883377	1091.03203548203	259.659096466133	911.20915934843	930.758827773973	760.840166168432	333.241099460887
a29_gac-miR-150-5p	10753.7182264389	5594.54272223812	2285.31040767252	11142.6001870457	6725.76751593598	23725.2435418883	3552.37874312384	2054.19550137134	3193.85285325408
a78_gac-miR-150-3p	0	4.97545407898194	5.11445820441444	101.110044615743	0	0	16.7515649543122	37.2031145489837	25.7238743443492
a170_gac-miR-148a-3p	519.302599306497	744.18577438487	881.391630560754	1403.92663300913	282.043501333903	1424.43657793591	547.566779444081	1118.28185497239	571.186937146117
a183_gac-miR-146a-5p	22388.1736613017	51977.8579839702	40557.6535610065	41515.2377784422	56653.4364266682	14550.1509778588	53137.011007888	104829.623125025	29053.9468049268
a53_gac-miR-146a-3p	2299.47190972917	566.490985849801	702.385593406249	713.235720127265	483.503145143833	1064.87006311714	611.432120832396	2742.81785694468	565.340602067856
a121_gac-miR-145-5p	3724.4382422262	3708.84562630397	4454.69309604497	3890.00401379755	1790.75238942161	1900.7853796189	2877.08128090312	5257.31071675541	3628.82018307671
a113_gac-miR-145-3p	290.809455611638	2873.68012018914	4564.65394743988	1410.75839278046	4288.85197266474	1555.04834613931	2902.20862833459	2670.6000463496	1742.79248682966
a48_gac-miR-144-5p	3464.78694257295	8129.18118590235	9641.60612502195	38814.6431408339	25989.7863451389	8082.56353823397	14096.4419090537	7724.38784233704	10608.1749995049
a80_gac-miR-144-3p	1044.83682980467	824.503818802722	690.451857595949	4375.7421335394	1384.84851448604	1873.12641694053	773.712906327296	1216.76068760206	905.012670114831
a120_gac-miR-143-5p	0	42.6467492484166	69.8975954603306	27.3270390853358	0	0	7.3288096675116	0	25.1392408365231
a55_gac-miR-143-3p	19658.7191993468	38773.0028583521	58694.3747635608	83160.2789925397	167241.350235399	13262.4726042771	43714.2557210874	165503.526117411	48078.5057830965
a66_gac-miR-142-5p	845.424631670978	2243.21901046672	750.120536647451	2102.81565761659	1835.52119915715	689.937457921493	710.894537748625	1604.84023544636	467.122172753068
a218_gac-miR-142-3p	1225.55413436333	898.42485083331	577.081367398095	866.267139005145	202.951937467782	872.793933406253	215.67639878677	345.040650620967	146.15837695653
a65_gac-miR-140-5p	135.018675819689	275.071532652287	291.524117651623	445.430737090974	0	0	248.13255588575	299.813334894751	318.040628257408
a139_gac-miR-140-3p	7187.14797440192	11238.8399852661	5761.43716727286	9874.6255734861	8697.0874379576	2858.09281009794	16824.8530509873	11818.1893883938	11033.7881932023
a180_gac-miR-139-5p	2451.10826872667	1324.18156416334	1489.15974718534	1485.224574288	896.868488368654	2065.20254665142	1847.90700902257	977.49359795369	814.979109909608
a54_gac-miR-1388-3p	297.041086803316	1482.68531553662	958.108503626971	1091.71521145917	2262.31718530263	1465.92502195346	768.478042279073	1771.16004166534	337.918167523496
a160_gac-miR-135c-5p	0	22.7449329324889	15.3433746132433	52.6045502392714	0	207.442220087754	3.14091842893354	126.198800332827	13.4465706800007
a162_gac-miR-135b-5p	0	6.3970123872625	17.0481940147148	20.4952793140019	0	0	20.9394561928903	0	10.5234031408701
a163_gac-miR-135a-2-5p	0	0	6.81927760588591	0	0	0	7.3288096675116	10.2126196801132	29.816308899132
a161_gac-miR-135a-1-5p	0	2.13233746242083	9.37650670809313	0	0	0	4.18789123857806	0	5.26170157043506
a246_gac-miR-133b-3p	0	6.3970123872625	10.2289164088289	93.5951088672752	0	72.2206247712921	0	0	254.315575904361
a41_gac-miR-133a-5p	0	12.0832456203847	58.816269350766	116.823092089811	0	0	0	37.2031145489837	116.926701565224
a245_gac-miR-133a-3p_gac-miR-133b-3p	0	27.7203870114708	15.3433746132433	195.388329460151	0	3.07321807537413	0	0	357.795706789584
a236_gac-miR-133a-3p	1535.05848355001	1800.40359743732	8071.46745626672	21386.8239641609	447.688097355401	2274.18137577686	287.917522652241	669.656061881707	58424.7649710953
a64_gac-miR-130c-3p	0	68.9455779516069	63.0783178544447	81.2979412788741	0	109.099241675782	59.6774501497373	51.7925712348597	40.3397120400021
a104_gac-miR-130c-2-5p	0	158.503751373282	266.804236330286	87.4465250730746	192.505881862823	84.5134970727886	49.2077220532922	69.2999192579109	198.190759153054
a30_gac-miR-130b-5p	13952.622238167	7396.36787798373	8097.89215698952	3995.89629025323	10125.2124685213	4486.89839004623	5339.56132918702	5543.99354063287	6610.45107298992
a62_gac-miR-130b-3p	0	135.758818440793	150.02410732949	80.6147653017407	0	207.442220087754	83.7578247715611	137.140892847234	104.064764393049
a70_gac-miR-1306-5p	2600.66741732694	109.459989737603	179.006037154505	181.04163394035	193.998175520674	1979.15244054094	183.22024168779	130.57563733859	184.744188473053
a96_gac-miR-129-1a/2-5p	0	7.81857069554305	5.96686790515017	23.2279832225354	0	0	62.8183685786708	0	57.2940837669596
a117_gac-miR-128-2-5p	0	4.97545407898194	11.9337358103003	0	0	0	0	0	3.50780104695671
a166_gac-miR-128-2-3p	41654.3000955728	25602.2651321328	45257.8406508633	18149.9361845029	45364.2349050228	55371.7066730534	30181.0851836224	17645.947861567	25312.8769883474
a68_gac-miR-126b-5p	5546.15176059339	4163.74428495374	3350.82253359219	3051.06391387774	1620.63091242655	3654.05629161984	4926.00706937744	2623.91378495479	3348.19609932018
a179_gac-miR-126b-3p	135398.805322382	121118.900202966	70532.6406873787	148761.569020797	109386.617414161	78751.2131814621	213702.85504059	126461.410553173	159419.618814549
a175_gac-miR-125b-2/3-5p	68693.3478362635	35371.9246057909	45031.0996704676	71452.0090964276	40784.3856690771	85029.7977094515	104491.027320951	88428.8853915972	149366.261013971
a28_gac-miR-125b-2-3p	0	29.8527244738916	113.370490197853	142.100603243746	273.089739386795	699.157112147615	83.7578247715611	68.5704464236171	329.148664906104
a176_gac-miR-125a-5p	90574.682160642	71265.5611107208	43608.4278799397	81327.3178458908	97572.1285249519	77635.6350201013	130320.893507691	120960.455909763	114845.406277363
a61_gac-miR-125a-1-3p_gac-miR-125a-2-3p	0	30.5635036280319	35.8012074309011	50.5550223078713	0	27.6589626783672	61.7713957690263	139.329311350116	114.588167533919
a123_gac-miR-122-5p	10348.6621989799	4884.47434725199	27328.2550055878	21477.6863691197	112930.814851558	927206.79603979	3481.18459206801	34787.829994637	9947.5391356614
a11_gac-miR-122-3p	0	108.038431429322	108.256031993439	323.825413161229	616.317280692602	2112.83742681972	63.8653413883154	381.514292335657	147.327643972182
a141_gac-miR-10c-5p	7293.08570466045	7455.36254777737	4020.81655837048	6077.53349257869	13045.6311569364	2936.45987101998	11726.0954680186	34494.5819152509	1670.29793185922
a140_gac-miR-10b-5p	30819.570663642	26598.7775062375	55505.5100731084	19234.8196361908	38484.7611423281	13539.0622310607	51718.3628508197	45696.3667586664	41044.7800504404
a132_gac-miR-10545-5p	0	12.0832456203847	3.40963880294296	10.2476396570009	98.4913814181883	0	8.37578247715611	38.6620602175713	0.584633507826118
a90_gac-miR-10545-3p	0	22.0341537783486	2.55722910220722	15.7130474740681	0	0	27.2212930507574	48.1452070633907	62.5557853373946
a37_gac-miR-103-3p	2885.2452417469	3195.66307701469	3486.35567600917	2286.58999546547	2712.98986997373	2467.79411452543	2019.61054980427	3122.14373077746	1244.68473816181
a172_gac-miR-101b-5p	1740.70231287538	1037.02678589066	1190.81635192783	1515.28431728187	59.6917463140535	4025.91567874011	1111.88512384247	737.497035471031	995.630863827879
a19_gac-miR-101b-3p	0	83.8719401885527	62.225908153709	253.45828751649	0	0	113.073063441608	20.4252393602264	27.4777748678275
a138_gac-miR-101a-3p	16038.1414769819	14072.0056936692	12399.1515069021	10393.1561401303	9032.85351097415	7010.01042992839	10673.8877943258	6986.890806866	5010.89379557766
a9_gac-miR-100-2-5p	51631.1416334492	65579.3278775985	75756.2073334874	54552.2849500788	96093.2655100212	30467.8839992591	106432.114910032	183228.986517916	105985.285466258
a18_gac-miR-1-3p	1803.01862479216	5837.6291929541	49862.5578542378	88327.1389075996	35194.253626766	5565.59793450255	1553.70764951246	2850.05036358587	128818.147114407
a194_gac-let-7j-5p	4771.3522824281	11449.9413940457	13421.1907380842	10434.1466987583	18674.5628343516	8489.76493322104	9747.31685779043	8239.39566334846	8706.94683205437
a92_gac-let-7j-3p	301.195507597768	409.4087927848	245.493993811893	173.526698191882	464.103327591766	364.176341931835	205.206670690325	146.624039693054	292.901387420885
a192_gac-let-7i-5p	1514.28637957775	2757.82311806428	2518.87066567411	2439.62141434336	4429.12757650277	958.844039516729	1682.48530509873	4706.55872686359	2370.68887423491
a184_gac-let-7h-1-5p	28306.1460829986	19510.8877811506	31933.824618663	22355.5674997361	61728.7271570206	47748.5892370879	13193.9513471402	36049.8179979652	19646.6090304967
a82_gac-let-7h-1-3p	5365.43445603473	1349.05883455825	1368.11756968086	731.681471509867	299.951025228119	3701.69117178814	1284.63563743382	447.166847422099	970.491622991356
a191_gac-let-7g-5p	74222.8819136791	79313.002693897	131398.955368414	97379.9037805942	204708.367103073	115947.908156753	82971.5481915181	55835.3096825159	105642.690230672
a186_gac-let-7f-5p	10238.5700479269	17205.1202051196	21156.8087722611	19376.9202394345	46593.8848790923	18917.1938629655	14969.6172322973	20512.7761003416	13973.325470552
a185_gac-let-7e-5p	121311.164408395	211817.163387882	292464.325551534	140240.315058012	531220.727147288	114489.666179988	135714.89742298	222228.792657766	112016.9493665
a83_gac-let-7e-1-3p	398.82439626739	257.30205379878	329.882554184731	114.090388181277	0	370.322778082583	241.850719027883	202.793447933676	48.5245811495678
a193_gac-let-7d-5p	81337.3275241781	24652.6641822014	30085.8003874679	58004.3731625338	88797.441816786	52911.5956037164	26231.9037456433	120918.875958209	51878.6235839662
a91_gac-let-7c-2/d-3p	0	66.1024613350458	75.8644633654808	60.8026619648722	252.197628176876	354.956687705712	262.790175220773	75.8651747665551	220.991465958273
a189_gac-let-7c-2-5p	21370.340566661	7842.02640762968	13802.2178743131	35729.4204280994	35886.677884009	52413.7342755058	11494.7144770871	45628.5257850771	50842.0683745905
a190_gac-let-7b-5p	378141.612342211	45140.1625211407	65765.9656408645	168194.509690356	376707.149519702	446189.776100306	50733.1614369442	271315.019677395	217084.360225471
a81_gac-let-7b-1-3p	9156.34343097216	2037.80383492017	1722.72000518693	3035.35086640368	417.842224198375	18330.209210569	3579.60003617459	2880.68822262621	3916.45986892716
a187_gac-let-7a-5p_gac-let-7c-2-5p	2388.79195680989	1158.57002124865	1560.76216204714	2035.18123588038	1828.05973086789	2097.47133644284	2018.56357699462	1968.11770692467	2116.95793183837
a188_gac-let-7a-5p	949453.405574452	569577.188937078	838794.160585887	807140.307712181	1986950.20579395	1453510.75753799	559297.062803338	904091.852948545	743955.49284486
a85_gac-let-7a-5-3p	660.552906317865	1144.35443816585	977.713926743893	340.221636612431	196.982762836377	693.010675996867	609.338175213107	141.517729852997	380.596413594803
a158_gac-let-7a-3/7-3p	373.897871500678	287.154778272672	389.551233236233	515.11468675858	828.222980107492	413.347831137821	410.41334138065	296.895443557576	313.948193702625
a257_REV_gac-let-7f-3p	0	21.3233746242083	30.6867492264866	0	0	136.758204354149	8.37578247715611	0	0
a266_REV_gac-let-7i-1-3p	0	10.6616873121042	9.37650670809313	35.5251508109366	0	0	0	0	3.50780104695671
a253_REV_gac-miR-103a-5p	0	12.794024774525	0.852409700735739	0	0	0	9.42275528680063	0	0
a252_REV_gac-miR-10c-3p	0	0	0	56.0204301249384	0	0	4.18789123857806	37.9325873832775	11.1080366486962
a260_REV_gac-miR-132-3p	0	34.1173993987333	47.7349432412014	23.2279832225354	0	0	9.42275528680063	43.0388972233341	46.1860471182633
a258_REV_gac-miR-153c-5p	0	0	0	0	0	0	0	17.5073480230512	10.5234031408701
a250_REV_gac-miR-181b-2/3-5p	0	41.2251909401361	39.210846233844	37.5746787423368	261.151390123984	0	8.37578247715611	140.058784184409	44.432146594785
a268_REV_gac-miR-190a-5p	0	14.9263622369458	11.9337358103003	42.3569105822705	0	0	14.6576193350232	0	0
a261_REV_gac-miR-191-5p	38000.4870068523	88748.5959651092	89732.3167867505	17036.3593417755	50020.191117519	67266.597233789	37161.2529055224	16877.8129670556	23572.4230355491
a251_REV_gac-miR-193a-2-3p	0	0.710779154140277	0	0	0	0	0	26.2610220345768	0
a269_REV_gac-miR-27b-3p_gac-miR-27c-1-3p	0	78.1857069554305	92.0602476794598	23.9111591996688	153.706246758688	0	31.4091842893354	0	102.895497377397
a264_REV_gac-miR-459-5p	0	0	0	0	0	0	0	78.0535932694365	0
a255_REV_gac-miR-460-3p	0	0	0	0	0	287.345890047481	18.8455105736013	0	0
a256_REV_gac-miR-730-3p	0	2.13233746242083	3.40963880294296	0	0	0	11.5167009060897	35.7441688803961	4.67706806260894
a254_REV_gac-miR-7bb-3p	0	0	0	0	0	0	0	0	22.2160732973925
a259_REV_gac-miR-9-7-3p	0	0	2.55722910220722	0	0	0	0	0	13.4465706800007
