Gene	B9_Immature	B31_Immature	B27_Immature	B11_Immature	B14_Immature	B17_Immature	B19_Immature	B43_Mature	B54_Mature	B60_Mature	B48_Mature	B49_Mature	B59_Mature
miR-ENSGACG00000022167-5p	3.648322609249	2.11762093159149	1.90389390280999	2.69743021612887	3.47664385783809	0.734822538088506	-0.0163695388498761	2.35380095576834	4.58799170049451	4.94236780236115	5.49308953850006	1.7763568971296	-0.0163695388498787
miR-99a-5p	11.6733687371596	11.7756912944304	12.2323777103912	12.3487807464399	12.7654264109904	12.6763245285225	12.5521028196424	12.7428463211032	12.5304848255518	11.9752300843679	12.7092062467815	11.6802022501878	11.4237558536882
miR-99a-3p	0.576177030956684	-0.0163695388498787	3.39242905505806	2.33692962951334	-0.0163695388498761	2.12634293656321	3.42819489658443	3.20705989048033	2.98317347092319	-0.0163695388498787	-0.0163695388498787	-0.0163695388498761	1.79008328806807
miR-92a-3p	17.923537012667	17.974338212017	17.2944626727239	17.4772198662581	17.0282678240013	16.5749137564952	16.6014727038876	17.4025313708248	17.3887178069223	15.9855020230977	17.4676723833221	16.8358785207135	16.0166290227609
miR-92a-2-5p	5.0930662900913	7.33093305661341	6.32353753299951	6.18858621375389	5.64428006084189	6.11294413510235	6.35787207603534	6.5822117236948	6.8900031235628	7.85248865301274	6.73089738983104	6.91164337113324	7.84965152140907
miR-92a-1-5p	7.86725441412801	7.99813475618306	7.90111673834421	7.73477838458337	7.12529864649719	6.59851683810252	7.37581264534439	8.7395176385538	9.08464715218444	9.72471905325848	8.66968716373573	8.77613422010575	9.84500608481275
miR-9-5p	2.46160683571372	3.92891225879238	5.39372221656995	4.56661809957837	5.23332514430192	4.29015036534694	5.06928533162485	-0.0163695388498787	5.69277640472341	5.82113044085613	4.17944901741043	5.60014879875513	7.14728310248905
miR-9-1/3/5/6-3p	2.0006388930549	3.76077348299601	5.01250178311972	3.91567472474559	5.54329761371473	3.28834293754596	4.32952487327253	3.29626107759902	-0.0163695388498761	3.68840193840098	3.97011796305763	2.69414562667527	6.64059136398379
miR-8159-5p	5.11413748244462	-0.0163695388498787	2.58377981132163	2.64326119064481	3.47664385783809	3.75328440280035	3.24198788247502	6.22136019319685	2.48570069723791	5.44764776188367	1.78070164470386	3.78475025900348	5.15232747220202
miR-737-5p	6.87643686716704	7.14703406865735	7.79454430044504	6.96355878059885	7.24803438881756	8.59122984532188	8.60030474447498	5.53423089074037	6.91778619704601	4.15798734004436	7.48892782994482	7.3436938951305	4.81530172183591
miR-730-5p	3.95901084302724	3.76077348299601	1.58075520392952	1.75661266200005	2.59940592219893	3.01457067940678	2.73050625473726	3.01018437455073	3.35239253655831	-0.0163695388498787	-0.0163695388498787	3.05300115557197	-0.0163695388498787
miR-727b-5p	4.5902905886386	4.27943745666503	6.25426374741524	4.91411617771026	6.4556613962634	7.67459290923984	7.93504042795761	6.20992638395998	6.39250525656899	4.63199141015995	5.49308953850006	5.02981481771678	5.65481748905428
miR-727b-3p	4.43148396450047	3.66873475340773	5.3851065062587	4.42931297141296	5.7538000235764	7.94558384865317	6.87028313600615	5.15944766532839	5.15304768673685	3.89490087353974	5.13954006292631	5.93785206756829	4.1918890390649
miR-725-3p	5.13490534575245	8.47993698074275	7.96321270201552	8.10161028269174	8.47803307682578	6.92152308078309	8.86514805180119	7.25691421112917	8.70078583866219	5.34576035702908	4.52441793525855	8.27832324793396	8.8465562262915
miR-724-5p	4.70583982860632	4.45502066725055	4.98995037709371	3.29761752203953	5.29674629671724	5.03280827243232	4.69882943504352	3.45964876392028	3.64611442751806	2.30931349819018	4.36221987805597	4.59330025645418	4.37474496501772
miR-722-3p	4.76031962149585	4.14926056768424	5.67390616800158	6.41560714868877	6.15842461892998	6.364282981743	5.88242420200731	6.07778361936938	2.48570069723791	-0.0163695388498787	4.52441793525855	4.55642229525291	4.37474496501772
miR-7147-5p	4.09240533555786	4.00616201365226	2.80660380225362	-0.0163695388498787	-0.0163695388498761	2.23383616311114	2.22704792169447	3.20705989048033	2.48570069723791	4.07550986808539	3.72517306013011	1.7763568971296	-0.0163695388498787
miR-7133-3p	7.47374276938247	6.55429133190745	5.76968793644687	4.44523053484772	5.56062654550659	6.26640555585107	6.58050939986275	5.91832302310419	6.26851709082447	4.57308991252	7.15913641691079	6.31430116441013	7.84965152140907
miR-7132b-5p	9.542481070929	8.60004699897561	6.46106161749267	5.83092000061583	6.37958964444938	6.11996704137614	6.25903259908676	8.12409545819134	9.17375684880227	6.99951355455551	8.49477274445825	8.50329235465414	9.49115426660401
miR-7132a-5p_gac-miR-7132b-5p	8.36813961440181	7.75685174350928	7.34157391745821	4.44523053484772	6.74052157003462	4.92466456224941	5.4594868261103	7.97333673367259	8.44799570195176	4.79551022147088	7.6731856827727	7.50721798819285	6.93074483344263
miR-7132a-5p	8.12252713346967	7.11251409560529	4.75605290903543	3.84544115899411	5.25477680312629	4.29015036534694	3.71742977816687	6.66827651998776	7.09858915937163	5.23612684483474	6.0674562161889	6.82126795373346	7.19669500012151
miR-7-5p	5.1954732675009	3.22748944583062	5.74969182846078	4.32993316096954	5.72334768890597	6.80434579334131	6.31127327710316	5.25154824634122	5.81600735349964	7.10722998445088	5.32711799314693	5.44738635964066	6.52927534469316
miR-551a-3p	6.89481782642783	7.41831632812393	7.836227379505	8.20105084453897	7.9887291532133	7.80450387697605	7.75088674173106	10.0909486576889	8.66844226947838	4.44754128349174	6.43698188506079	9.81018858154863	6.44998719843552
miR-499a-5p	3.95901084302724	5.36462253375716	6.70556562083583	7.72013386090826	7.1426629730619	9.26680718428389	9.49802179679103	6.11503939494633	8.12946654878663	4.8461420643248	8.16647867635796	7.85346018504667	4.81530172183591
miR-489-3p	6.24437136537462	5.24223555037	6.90255100320697	6.58322487756567	6.46489440728319	6.8931088683334	6.74439941368003	6.12724721482167	6.08465380871761	4.23600355190993	5.03573428083736	6.45117909756033	6.1321322871584
miR-460-5p	-0.0163695388498787	5.74867331916473	5.47716243021223	3.74613909712567	4.11525878984357	1.74540108614256	4.63719346281893	6.76520389347843	5.40938507783087	-0.0163695388498787	4.80261096423341	5.60014879875513	6.18205690712985
miR-458-3p	4.62005704040596	2.3722673288	4.0230896967097	2.98561833605782	4.59053690931801	4.3864822111314	3.61883207950073	5.22906842987633	-0.0163695388498761	-0.0163695388498787	4.52441793525855	4.1241359376047	2.56754046268665
miR-456-3p	7.46556811698782	8.52984145903993	7.75496848640798	7.16682444585097	7.15982078515348	7.54492098243206	7.54478307822356	7.47319940736303	8.2436374284248	6.49606577470191	7.83655340858103	7.59620811035117	8.4065373375017
miR-455-5p	6.76094365250083	6.08767299810695	7.43009073294732	6.36211245273517	7.04138154030996	6.39934022375094	6.4395801339698	5.60577352116107	5.87388790917765	4.68858214641469	6.01382626407046	5.96624608700351	3.44191386077324
miR-455-3p	7.81673570070288	7.92542247164726	7.36804815936201	7.59194460119959	7.96939646343171	7.97686608964111	7.28629050123232	7.60997295808478	6.97179697478841	-0.0163695388498787	5.56942419082258	7.00355553119281	6.1321322871584
miR-454b-3p	5.62051556545496	4.6115344043605	5.8780445762645	5.78162101767469	6.15842461892998	6.26640555585107	7.16268422340555	2.17718296184382	4.28081528492414	2.79500816191434	3.72517306013011	3.15519659818639	-0.0163695388498787
miR-451-5p	16.4874720265007	15.0508278177229	15.5200964708837	16.41602732304	16.163130792379	16.2240743451736	16.4853186096971	16.5295568841082	16.6248824192597	16.0004232590486	17.500125716929	15.1976367717976	14.2354762503281
miR-429a-3p	3.09108251737005	7.83832630577673	5.44436314682918	5.6573071161541	5.6604440565425	4.66139742974335	7.07707281982605	4.58253045623429	6.22470106505232	-0.0163695388498787	3.42996091626745	5.61815505382757	6.80892699063448
miR-425-5p	11.7079969975372	13.3160357671337	12.0547389608318	12.3108677877653	11.9886654949599	12.123527871116	11.9374180448085	12.2483752214224	12.7482561924537	11.1588716167612	12.2715688091614	11.7747902693753	11.3465025043442
miR-375a-3p	8.36154662444256	13.0856050903626	10.6359545800237	9.94934404815661	10.3202157347078	8.52266668920164	10.2289846833014	9.15620495852733	12.808862079623	10.2875269142813	8.3828830354209	10.1658623754228	12.6083046694073
miR-365-2b-5p	4.43148396450047	5.10849568383243	6.4651549545796	5.95840015810255	6.06436987254957	6.22140356039481	5.82829337838809	5.73902160461347	6.61247007143141	3.30978217953328	4.52441793525855	5.96624608700351	5.15232747220202
miR-365-2b-3p	10.8823853522959	9.07817559379709	11.1981226255079	11.4980117044478	11.7926944951949	11.575112152611	11.3777843840346	9.93040869665884	10.1982371011583	8.79888381523057	10.2922786858436	9.02586821153878	8.17958836849234
miR-34a-5p	3.648322609249	3.46491600288402	2.99957247269174	-0.0163695388498787	1.69723356835208	3.38479159657341	3.10299730549604	4.17549363213269	2.48570069723791	-0.0163695388498787	3.72517306013011	-0.0163695388498761	4.53700999272927
miR-338-3p	3.58935396817755	2.77675076731623	4.50883481347292	5.29402689168905	5.78362283690694	5.5829846074084	6.86491547479266	5.03538290456539	5.87388790917765	6.01061835530652	6.3092414962754	5.42710149549134	4.93660444248643
miR-338-1a-5p	3.32594474383371	-0.0163695388498787	4.84669626048203	2.94140970320472	2.72767809282084	4.71803466759709	5.3561565935643	4.54662159445499	3.89003359536905	4.79551022147088	3.42996091626745	0.676211738222637	-0.0163695388498787
miR-31a-5p	4.83836593395399	6.37659728631363	6.45695663338783	5.52875184752789	7.29538244877677	4.43233870054007	5.4087466155917	6.39295626814544	8.61852531537507	5.15811748350295	6.73089738983104	6.57618844684241	7.33552192414533
miR-30e-5p	9.50508226748098	8.59067232687301	7.65279727482833	8.52224369448078	8.01725095122841	8.85596303666949	8.9009924041935	9.02370864222356	8.9498549797515	7.72301024073688	10.551834514263	9.54551298999076	8.80732889690879
miR-30e-3p	10.5080857979226	10.2356487863492	9.86290304362115	10.7895866041281	10.2723748034526	10.990463221501	10.5544312270408	10.1102965440228	10.1868644497017	9.56574531021835	10.36903529874	10.0504248740542	10.1758938095731
miR-30c-2-5p	11.6283087954535	11.3126589692375	10.5797245913902	10.8425678746996	11.2344942362354	11.2465384359016	11.2522272841449	12.0038279049317	11.7614592871524	10.1879909751667	11.315454870983	11.8238618742464	11.223755255907
miR-30c-1-5p_gac-miR-30c-2-5p	5.02794076294002	5.5043106911803	3.75538241426573	4.78247545641051	5.50800252543801	4.6994015515037	5.01216078306949	4.78102150075327	5.40938507783087	3.44732830312901	6.21733077443988	5.77083274640438	2.56754046268665
miR-30c-1-5p	9.99350598746311	9.76028346517837	9.17797746712316	9.51748215571439	9.60272684060421	10.2537255235867	9.90244995628655	10.6550680230046	10.0710134304816	8.46404288589271	9.32127821270956	10.0487662442654	10.1479036115905
miR-30bb-5p	8.31907643469686	7.43237915259391	7.57349314120279	8.05698609519284	8.53174139089517	8.34375884882665	8.55519253466963	8.88680557012517	8.55801838072316	6.83377192910056	9.13288755590317	8.4640077282863	7.35741441359853
miR-30bb-3p	3.25182577841586	-0.0163695388498787	3.61506788225529	4.52228598177091	2.1275736354606	4.43233870054007	4.21606143092341	3.38026667766145	4.84110718293666	4.3804169464241	3.42996091626745	5.38565553998294	5.65481748905428
miR-30a-5p	14.0204576102703	13.3685193548803	13.1976287724629	13.4591790197049	13.618370530373	13.5346749573196	13.3604962010303	14.0345836301985	13.7416090554268	13.3483461878003	14.3447958081546	13.4395087513255	13.3630991011138
miR-29b-1a/2a-3p	3.46365272611541	-0.0163695388498787	-0.0163695388498761	1.12689220878807	-0.0163695388498761	3.23758767580203	3.66897306928606	4.31009295045398	4.95275119737802	3.30978217953328	5.03573428083736	5.05647147324545	5.50595679628003
miR-29a-3p	6.24437136537462	4.45502066725055	4.50883481347292	5.5583259508071	4.71956572300904	4.79024995002179	5.87710160613133	4.39331967343781	6.17951251094858	4.07550986808539	7.88216207397238	5.544741025996	6.60443201823202
miR-27e-3p	8.31680614985468	9.24083229967004	10.1349616931809	9.42519237255744	9.71338985138029	9.60385412307546	10.1760582695081	8.88680557012517	9.25768130390462	8.00511281436255	8.27303921626317	8.32017392253479	9.49609669455971
miR-27c-1-5p	7.54141841013696	7.98388252461318	7.87366359738974	7.03366699362546	7.74145434791932	7.49447451072832	7.34337192576417	8.41294922981199	9.05992473920913	9.16074200363227	8.4849520422323	9.18382405715519	9.15229456522428
miR-27c-1-3p	11.4212053176463	10.9320808137861	10.2950054030505	10.2898384694519	10.4778827901206	10.6866185273464	10.4556776246847	10.901079507359	11.2586509415957	10.9777148093778	12.2658449684201	11.6956533097225	11.6644845194607
miR-27b-5p	4.91240593467202	5.87760912149634	6.22076126137931	5.86089774535844	5.91068464010467	4.4095926434297	6.20057386236602	4.43319918742712	4.95275119737802	5.71615467826541	5.13954006292631	5.86432147423221	4.37474496501772
miR-27b-3p	9.63923101416799	10.3768674776525	10.6970529704411	10.6687439876164	10.5923618488188	10.9255589742566	10.7445327898167	10.3997781908971	10.234591013939	10.0244917648691	10.2638448995426	9.82091772268813	10.2391667888468
miR-27a-5p	4.76031962149585	5.9768978360277	4.08823387717393	3.3661078571002	4.52142008098687	4.31484303444432	4.64973311930471	4.17549363213269	5.62697481214174	4.98817621477033	3.72517306013011	6.53886473083497	7.04307276711348
miR-27a-3p_gac-miR-27b-3p_gac-miR-27e-3p	3.648322609249	3.46491600288402	4.34079194612195	3.77161271614172	4.80928742083489	3.43070100765739	3.87525531047278	-0.0163695388498787	4.28081528492414	2.57250414805653	5.64192204819243	3.2506292848255	2.56754046268665
miR-27a-3p	5.44869125080438	5.72601753249781	5.13060163602109	4.5810978282144	5.41579151748646	4.9874498290674	6.27530906155644	5.08629607255326	7.30203079149462	5.15811748350295	6.6275675562358	7.12815974403146	7.70347254748696
miR-26b-3p	4.76031962149585	4.07948477768919	3.78187901271537	5.10656631883461	6.16976175764913	6.00327933353169	6.13519388257247	5.60577352116107	5.32889585700342	5.15811748350295	6.39564584873368	-0.0163695388498761	1.79008328806807
miR-26-5p	14.9036834353343	14.3593949826264	14.2468116275823	14.4926370511153	14.530280649221	14.9661771409929	14.9485137874679	14.6491213678784	14.43182679164	13.6695606689402	15.1674086172349	14.1460085555685	13.6926896185946
miR-24-6-5p	3.46365272611541	2.3722673288	1.80401244604965	-0.0163695388498787	3.05561875010228	3.13038424007246	3.17416575719054	3.20705989048033	2.48570069723791	2.30931349819018	2.55658811753134	6.31430116441013	5.50595679628003
miR-24-3p	10.0265279769081	9.96883628227123	9.65151833353028	8.92760284482147	9.02076973448711	9.23481578377196	8.99919215014341	9.40835633554666	10.172521394239	7.97698885740053	10.8541539245795	10.360263927511	9.69403585054987
miR-24-2-5p	7.96907009513297	8.58123633924581	7.54283507072555	6.55782698227374	6.91234222178433	7.26979591457905	7.18439394251055	7.92520561239335	8.22151464384873	8.1481775709879	8.07778957026765	8.11673340842498	8.17958836849234
miR-23b-2-5p	3.95901084302724	6.96552938513499	6.25898693313037	5.76902847817213	5.43471125082767	4.82504577633944	5.67724074854899	4.98260705981354	5.32889585700342	5.31013359064817	3.97011796305763	6.73313602604372	5.91312542285089
miR-23b-2-3p	9.65009221892942	9.61062913677782	9.92365787687232	9.80607854624301	9.87362468108015	9.99999406429185	10.4696692782897	9.4945181518534	9.5605376865668	8.28292844370736	9.59676481707502	8.88610736790456	7.66887403132247
miR-23a-3p_gac-miR-23b-2-3p	6.14549687862557	4.39883425818448	5.53282584636976	5.25843294083313	4.29166079829031	4.97200781007216	5.17716613868234	4.17549363213269	4.72009335810406	5.07564766813839	6.21733077443988	5.10835118239108	5.04849428064614
miR-23a-3p	14.2141542408537	14.3785309070994	13.5195034357797	13.2215499066365	13.868452681135	13.6769226151931	13.7741656500223	14.010586390063	14.839566143685	13.5433906159036	14.7136528327019	14.4252524784131	13.863290164306
miR-23a-3-5p	4.36272022476489	6.22326856258337	5.64532991963205	4.18578931699884	5.33752928948336	4.07573652366839	5.22822485862921	4.26660702346905	5.87388790917765	2.57250414805653	3.42996091626745	5.10835118239108	5.50595679628003
miR-23a-2-5p	6.09339665383936	7.30058818703337	6.00717854384151	4.75719460422869	5.07350753622194	5.35197276930101	5.53578215206692	5.81645572705321	7.16963872970054	5.51178272862042	5.95812547374341	6.91892520450176	6.40864681812215
miR-23a-1-5p	5.43200650455036	5.5043106911803	6.50943141725685	5.58730596638278	5.82723206941853	5.90912001525463	5.67110295203868	3.45964876392028	2.98317347092319	5.15811748350295	-0.0163695388498787	4.76474996819228	3.44191386077324
miR-22b-5p	8.55502604257328	9.24880102755543	9.91657568696051	11.1108468319285	10.8194291304807	10.5506198313106	10.5183464148209	9.23305640377163	9.32147396645798	9.77131550540295	9.28777811751203	8.69150324001416	8.65656273147558
miR-22b-3p	5.67824904171653	3.22748944583062	5.2107999338253	6.38292273563595	6.34999578265075	6.05549512023552	6.29140393995981	4.65177319995056	3.89003359536905	-0.0163695388498787	5.64192204819243	5.08264451632455	4.81530172183591
miR-22a-5p	7.35927356785256	8.19244515580555	9.10246497662164	9.25784436143896	9.47488943747632	10.2707852917473	9.69312712982586	9.61968786220367	8.92952819346156	7.90716649336037	7.91178602107868	8.58108795817193	8.30880079366023
miR-22a-3p	14.3513216915752	14.1357386757788	15.4616189848715	14.8654720661854	15.3827980523088	15.2209068402337	14.9881279939915	15.5708252768186	14.619978228319	15.7692210817891	14.3120172007195	15.4151372875356	15.6805837010971
miR-223-3p	13.8744581780474	13.6603267766571	12.3613758293694	12.1181464618277	12.5645470130955	12.8967916596014	12.7478785510579	13.404037177036	14.4421768771527	12.8120872474276	14.076062596308	13.5995934348736	12.9795470054497
miR-222c-5p	3.81201405741361	-0.0163695388498787	3.49207972324794	4.59543367275982	1.08117021133238	4.49850117706377	4.40543269546307	3.20705989048033	2.48570069723791	-0.0163695388498787	1.78070164470386	3.4244181285055	1.79008328806807
miR-222a-5p	5.72008180216155	-0.0163695388498787	3.28538115362894	3.98264730406399	3.05561875010228	5.0911496652314	3.76431169141004	1.74187814176973	2.98317347092319	5.38052849580371	4.36221987805597	6.3684941109335	6.71029974564314
miR-222-3p	10.751505159572	10.1689727432616	10.022450935844	9.30276522050207	10.1503507089171	10.1884142465879	10.4349984699266	10.7083505475068	10.8483262012771	7.45590169734572	10.1503773515132	10.3985335432154	9.74059204385628
miR-221a-5p	-0.0163695388498787	4.66014702368634	3.45962165734649	3.49404382872677	3.96718321596236	2.23383616311114	4.59890696735347	3.86152208810013	3.89003359536905	-0.0163695388498787	3.05837917019835	-0.0163695388498761	-0.0163695388498787
miR-221-3p	10.0209603223089	9.10914633883719	9.46380088899283	9.03537085406308	9.36081629055685	9.65188830665606	9.33240036475518	9.98005313460294	9.87235916210028	7.59562890409582	9.28211835229831	9.30549314447147	8.96536344196962
miR-21a-3p	1.31918130520924	-0.0163695388498787	2.45797422680787	-0.0163695388498787	2.1275736354606	0.734822538088506	-0.0163695388498761	3.01018437455073	5.24364935227362	3.57289468412351	4.36221987805597	4.8586211238866	5.04849428064614
miR-218a-2-5p_gac-miR-218b-5p	-0.0163695388498787	-0.0163695388498787	3.28538115362894	2.74963874057158	1.69723356835208	0.734822538088506	1.66042195438426	1.46242235197769	-0.0163695388498761	-0.0163695388498787	3.05837917019835	3.65121373534366	2.56754046268665
miR-218a-2-5p	6.62808791208204	7.65858484613176	8.01019395520505	7.36810254757018	8.31401108871946	8.60631137142327	8.31752107174165	5.73902160461347	7.23735288386734	5.31013359064817	5.32711799314693	4.91797167073623	6.74393024884528
miR-2188-5p	14.8444824145457	13.7380139164644	13.6439987153034	14.1621799238172	13.7058457131218	13.7888068120593	14.2876855716267	13.5621756318094	14.180708866915	12.3963860717755	15.2813691492204	11.9903718353106	10.8384044515369
miR-2188-3p	11.9260527334235	11.9076945954401	12.2787560097993	12.4880733627055	11.8781102903587	12.2724819570728	12.1695655009815	12.8363223235518	13.381807386783	12.3736449143426	14.0785135880128	12.7931563621744	10.8937600138978
miR-217a-5p	4.13426328824137	2.77675076731623	3.55488398168378	4.5810978282144	3.96718321596236	4.68052462721438	5.22822485862921	5.18302986611376	4.28081528492414	-0.0163695388498787	4.80261096423341	4.88860157606948	-0.0163695388498787
miR-216b-5p	-0.0163695388498787	-0.0163695388498787	2.52224789376035	1.65076738321012	1.08117021133238	4.4095926434297	3.2747396083891	3.60640059282834	-0.0163695388498761	-0.0163695388498787	1.78070164470386	-0.0163695388498761	-0.0163695388498787
miR-214a-3p	12.7645881910178	13.2085477539943	13.2875249698909	13.4715577358896	13.5049699505317	13.8359182437412	13.9174301048589	12.0298686372503	12.4649076977776	11.6249457630509	12.2073217508034	11.0772671246325	11.4366671139131
miR-210-5p	8.72217268445096	8.5749112186079	8.74157388178892	8.67601502102553	8.79596352361029	9.18462079353229	8.6440489898503	10.9482894858654	10.6942018237653	9.2989280182073	11.0533632989721	9.81312263304372	9.5156988075845
miR-210-3p	6.5217184861848	3.22748944583062	4.47675572466439	4.0466483272836	3.54788653336993	5.43315685036594	4.40543269546307	7.15327683592323	6.86167448682761	5.63208510990004	8.11646864958009	6.42072485569403	6.67586653652789
miR-21-5p	14.7055374670781	14.0842710756879	14.2207572958143	13.9792674079843	14.2574951605258	14.4952176115511	14.5668136009953	14.2329223338796	15.249589743713	14.7304739570791	14.698993190218	14.7002050209088	15.5486890597295
miR-20a-5p	7.06679180519744	4.92174515815206	4.24881064470797	3.93834612212795	4.24954091663461	5.81705214095967	6.22591820205022	4.50979609275801	5.24364935227362	-0.0163695388498787	5.23637547263133	6.22312176627624	-0.0163695388498787
miR-206-1-3p	14.0633660818182	13.347684904283	14.8650533307647	15.3386054673023	15.4039537704121	15.4841200101745	15.2660351568616	12.6179653183813	12.9663987809216	14.7897276896032	13.0660941042068	13.4440900877727	10.4112518386473
miR-205-1-5p	9.22054541457673	13.7873180489087	12.665390906048	10.6733970713309	11.5762764986764	9.81277195731965	12.0502709789192	9.84151254521514	12.4853599577162	6.93079903300187	9.33227424881243	10.3978822497584	10.288430057524
miR-204-2b-3p	4.4971187617972	5.95757923637991	5.93227632762791	3.77161271614172	5.18944053642105	5.72792867172096	5.89827517296933	3.20705989048033	4.44256353781548	-0.0163695388498787	3.97011796305763	2.01250473418294	-0.0163695388498787
miR-204-1/2b-5p	12.807160853617	12.5272429257175	13.4500470902346	11.9557469996033	13.4822029789877	12.6801159264773	13.866342818912	10.0530572358243	11.5290381185814	8.95985683596649	10.1062165946691	9.53607295635496	10.543656151418
miR-200b-5p	-0.0163695388498787	5.55660674661038	0.309218006433624	-0.0163695388498787	3.47664385783809	1.00139175218312	4.05569858565707	3.67453351431357	3.89003359536905	-0.0163695388498787	-0.0163695388498787	4.39869246596599	4.93660444248643
miR-200b-3p	7.45734688099411	12.8993056896172	10.6144621996858	10.332452293063	10.6210367820723	9.53655884193972	12.0419708959994	8.77680480909031	10.9443169383529	7.24567983830073	6.47716647759475	10.0856318194215	10.9879925337635
miR-200a-3p	5.44869125080438	9.63058841118749	8.03656556827194	7.33431108511811	7.53777966261194	6.4834281859747	8.82147943478032	7.33793158500907	9.63356225966477	6.03264575365584	6.3092414962754	8.76000606074482	10.9506747951058
miR-19b-3p	6.07201807280067	5.33498530511884	5.12025597191186	5.74993115097361	4.01824917738653	5.99566323451705	6.56404202932511	4.58253045623429	4.28081528492414	-0.0163695388498787	6.55432604566412	4.62925899675294	-0.0163695388498787
miR-199-5p	10.648301740359	10.623572603268	10.9949420141977	10.9618230372823	11.360425612743	11.5498192312412	11.3573834603808	10.8150234536479	10.5125390823704	9.81645394446608	10.9084318763618	9.45824294553976	10.197294621125
miR-199-3p	11.9182119486198	12.5971819297597	13.552490696641	13.1662772533334	13.6881540430602	13.6598193947656	13.683195572474	12.8127770220455	12.7535656744833	11.027924906302	11.8886383791352	11.8729603837266	11.7743445472131
miR-196d-5p	5.85136354188588	5.5043106911803	6.27772654756836	7.12296544073165	7.02898475640849	7.58099490964302	7.18654705414501	3.38026667766145	4.95275119737802	3.98802980090294	3.97011796305763	4.88860157606948	1.79008328806807
miR-196d-3p	5.60571383720788	4.45502066725055	6.3766570442475	6.02346182747369	6.06436987254957	6.91346167782871	6.32697404238512	4.12768409926719	6.17951251094858	4.3804169464241	4.36221987805597	-0.0163695388498761	3.06997886758072
miR-196a-5p	6.78741964504533	7.26173691632827	9.18295668262454	8.67010106897557	9.26099394497861	9.41834134867004	9.4686857140662	5.53423089074037	6.22470106505232	5.68867224198104	5.03573428083736	6.16306231348654	5.58230626642982
miR-194a-5p	4.62005704040596	-0.0163695388498787	2.75404048916112	3.07016799663438	3.05561875010228	0.734822538088506	2.08653775020608	9.35225685862054	5.05637267299854	3.98802980090294	5.23637547263133	6.04822165572409	5.91312542285089
miR-193a-2-5p	8.12771698016733	8.1965709143857	9.29009599844216	8.55103101687223	8.94526536511303	8.92374973141029	8.53758877627065	7.62726758962276	7.68816702441876	7.93081807618635	7.80532638177494	7.66278067098324	7.52153297483524
miR-191-5p	12.8471372897606	14.5694855533228	13.3413707289759	13.3906076199688	13.2310093083743	13.3672007894816	13.2231343675235	13.8358761631532	14.6853350014464	13.4569462434545	13.6886559888649	13.2865878438361	13.4705842129209
miR-18c-5p	4.55989701783004	4.50910065072555	3.80789773697891	3.33226908917433	4.68837416897643	4.6994015515037	5.31738283418835	3.91882797357994	4.09861552925217	5.19764936491742	2.55658811753134	3.50404443067542	5.91312542285089
miR-18a/b-5p	6.02828637972495	2.94314052106605	-0.0163695388498761	1.27674080084344	-0.0163695388498761	3.3373731036862	4.12917955460539	3.91882797357994	1.72023047471607	3.68840193840098	4.80261096423341	3.7195264712889	4.81530172183591
miR-18a-3p	5.57564685216043	5.81458113927898	3.24785755657614	4.94802724431292	5.47182225271548	4.85902210148997	4.99260532185271	6.00025534141679	5.62697481214174	-0.0163695388498787	5.23637547263133	4.76474996819228	-0.0163695388498787
miR-184-3p	5.41512653955605	10.1295954395688	9.57451205973854	8.22314574913507	9.08804367129847	7.5527274059818	10.2156045618773	7.72689533495861	9.39744182666885	7.01065439150765	5.64192204819243	9.73482822869699	10.7767839478181
miR-183-5p	8.35049090843873	7.47376339648374	7.58670386517698	5.86089774535844	7.3005486908025	6.14772171014557	6.77333812739491	6.84867315862679	8.43843688335506	8.6030205075127	6.55432604566412	7.18362571276357	8.69145420196459
miR-182b-5p	5.07168277653141	4.14926056768424	0.574686899165243	3.11065447083938	2.72767809282084	1.8838624608593	2.41507221848033	-0.0163695388498787	4.44256353781548	5.07564766813839	4.36221987805597	3.15519659818639	-0.0163695388498787
miR-182a-5p_gac-miR-182b-5p	2.32369378549886	-0.0163695388498787	3.45962165734649	2.69743021612887	3.54788653336993	-0.0163695388498787	3.64412039523047	1.74187814176973	1.72023047471607	-0.0163695388498787	2.55658811753134	3.90696695466775	3.06997886758072
miR-182a-5p	4.83836593395399	5.10849568383243	5.54834303030575	4.65139361600881	5.07350753622194	3.28834293754596	4.75793968352676	3.80184543714074	5.32889585700342	6.67477765936664	4.92387627224794	5.08264451632455	6.77679462044464
miR-181b-2/3-5p_gac-miR-181c-5p	9.08303811007949	9.23683136898653	9.84101962841099	8.39484733213628	9.34839797077533	9.47078518021779	9.03607701935334	8.91348408581186	8.83068870842047	7.6817869405193	8.09079815956763	8.16346466849599	8.80732889690879
miR-181b-1-5p	8.44499123419076	9.00242981177602	9.03039772681094	7.54285848726665	8.66389210481258	8.37197719803783	8.14003042156264	7.69444456233567	7.53513956970022	6.4801236588306	6.97494992242484	6.97589338885781	7.86501577373357
miR-181a-5p	12.6792384008097	12.58837744181	12.6836202820167	11.6582048044332	12.644809820011	12.1890631788431	11.7467641592187	12.0442245767672	11.7275217375975	11.229708042821	12.0236507593622	11.6449574224808	12.2485685389811
miR-181a-3-3p	8.15847000580347	8.03085243159206	8.23059397691882	7.5972969331169	7.94980118511121	7.63346892107879	7.51081781607689	7.66961831071594	8.46692541121464	8.89820595836847	7.30021949009255	8.7579773042047	9.42531268138521
miR-181a-2-3p_gac-miR-181a-3-3p	4.00485985369552	0.869067920581832	3.58528974043006	2.64326119064481	3.80215262582742	2.12634293656321	3.87525531047278	5.27368315376064	3.89003359536905	4.23600355190993	-0.0163695388498787	5.32116481631687	3.98244634556247
miR-181a-2-3p	9.12516478253656	8.96422188905672	8.87216165379635	8.81878713114522	9.11027922522912	8.70184675694011	8.61556681465979	10.016606804312	9.42190078007487	9.84006658534903	8.39342108595859	10.0083760896009	10.1604107895802
miR-181a-1-3p	7.09356180734888	6.70090845050972	6.85654767341687	5.90184687442748	6.85731142599376	6.18168063341965	5.69549900062407	6.65146940537721	7.72007621761122	8.44363648778194	7.10886672959722	7.14067111168554	8.79935379508144
miR-17a-5p	7.03951566441394	4.6115344043605	4.06684433156083	5.13628581196149	5.31728189814974	5.42183509682543	5.81164999814866	2.65298773893433	4.58799170049451	-0.0163695388498787	6.21733077443988	4.39869246596599	-0.0163695388498787
miR-16c-5p	14.4604338514848	14.9992466036384	14.2677060639783	14.1959408334235	14.2293275609207	14.75926114732	14.4537756602909	13.8762748940727	14.4973085551112	13.07146894478	14.3258372105767	14.5612930116822	13.4846398940221
miR-16a-5p_gac-miR-16c-5p	10.2730324131824	9.98084699799369	10.1804848321675	10.2942393347606	10.1645873292273	10.5137684509763	10.5604623510937	10.0948390485005	10.4013125624949	8.90717617224006	11.2818176897457	10.5433808617796	9.37253820938117
miR-16a-5p	10.8407228521578	10.5383670268977	10.3863360181272	10.4848528695291	10.5222293246947	10.972145876941	11.5382360224387	9.7248523119467	10.283461149374	9.43333073864213	11.2761344468919	10.4249865406329	9.56356960154694
miR-15c-5p	15.6947462179334	15.9534837426411	15.0617498275361	15.1925822420924	14.8778866838775	15.4641990324528	15.2109342649792	15.1357743792603	15.4360036057731	14.0268984381718	15.4901538160796	14.7203041980528	13.6018996979296
miR-15c-3p	4.67780850627836	2.58863831563742	4.55565441737346	2.58697866101443	2.84547080061919	1.00139175218312	2.73050625473726	3.29626107759902	1.72023047471607	2.98773692858358	3.72517306013011	2.21538098392642	-0.0163695388498787
miR-15b-1-5p	10.0877268122797	7.26173691632827	7.38110530001796	7.80276534089967	7.00386696884477	7.36449744383259	8.91923357060906	7.00238671868994	6.17951251094858	5.76959715150641	8.5045270470186	5.80267355603061	5.15232747220202
miR-15a-2-5p	12.0644197190548	11.9007573053723	11.2132600192489	11.4250156679245	11.1682113558571	11.9047512757849	11.7085057902716	11.7754115440965	12.2685104982924	11.166362920835	13.2045552526664	11.9961925321804	11.6468150437974
miR-155-5p	7.84851658885561	7.03168489059205	6.31902134288065	5.4282214579182	6.5101933825287	5.11945884013059	5.88242420200731	6.86334386626978	7.65553607744654	7.23621930761416	7.52771019591325	6.99668956078432	8.66536502819546
miR-152a-5p	6.85781869593402	5.87760912149634	7.01571608660375	7.03892141418772	7.13689805501666	7.12720873230545	7.14507812136064	7.83132191968178	5.55802796984233	6.76963974003424	6.3092414962754	6.83672917183278	7.63342534790945
miR-152a-3p	7.35927356785256	6.19054563533031	7.47137534034983	7.43339988778679	7.20460170969784	7.48362564946603	7.98661335597817	6.74949483518602	6.91778619704601	6.11753870730687	7.65578347988098	7.65843680901017	7.77027564718428
miR-150-5p	9.58177391470754	13.5202460899879	9.07928546076338	7.5972969331169	8.08168761073152	8.54892383354348	8.81870575558042	10.2653960126403	12.5428040034224	8.92200368888341	10.5233314041099	10.4281795843045	12.3584929969388
miR-148a-3p	7.35042180494765	6.6774837944386	7.75663933644733	7.68537388118773	7.37590117917369	7.61121334783703	7.95412311019675	7.43442519520972	7.0238584845744	6.23618848734612	7.94081389637163	6.65679543202479	7.66887403132247
miR-146a-5p	11.1525046383183	10.7767871361497	11.0292146169356	10.433161865056	10.8646034722611	10.3870532973837	11.0653808153907	11.4316039797005	11.7748138832663	9.85868232851453	10.7636366391531	13.087717115642	11.9267137247351
miR-146a-3p	5.41512653955605	5.70300028007865	5.75638803960141	5.1939488843269	5.64428006084189	4.62236503809508	5.82276689124266	6.57331598045934	6.8900031235628	6.43121226344446	5.4124891778389	6.15074445305611	7.19669500012151
miR-145-5p	7.77765078841503	7.4805468102649	8.07724767323871	9.12826926037758	8.26199344100511	9.02355778122631	9.31183591128556	10.3162677808919	9.41704205043637	6.44770099813278	9.53623708775587	9.81507535757142	6.52927534469316
miR-145-3p	6.10396830668567	6.12278526394836	7.93249878342526	7.93828273567575	7.69904794798137	8.23313871869341	8.00503018508597	9.96737691887045	8.10550668071773	7.31921039513789	7.36590338743304	10.1473820536751	8.75055459299747
miR-144-5p	11.498109399436	9.62600687255869	10.6883251399194	10.6318385671888	10.1912558693397	10.5237320204698	10.8601568247124	9.54316547595745	10.4591796425011	10.5010598701937	11.4727949232362	10.551602630394	8.62982894764086
miR-144-3p	8.65725992756495	5.39366316134355	6.0568459587154	7.81812741999747	5.97672065157978	6.42224721888735	8.52062120055214	7.44421688244746	7.25923595025631	6.09677917721264	10.4595721927564	7.92391775055628	6.0267806353136
miR-143-5p	-0.0163695388498787	2.3722673288	-0.0163695388498761	2.1935189710549	-0.0163695388498761	2.23383616311114	2.4726694322591	3.11197782532473	-0.0163695388498761	3.57289468412351	-0.0163695388498787	2.55151190870965	-0.0163695388498787
miR-143-3p	10.9970661444244	10.5585428749856	11.3761890679792	11.3538054766406	11.0793292907269	11.3628495577412	11.9387758340912	13.8521141942886	11.9649133992513	11.7565055955145	12.2921294174039	15.5395788018136	13.2158373886848
miR-142-5p	7.92205048680757	6.57978576951672	6.32353753299951	6.23052305383371	6.14699768339194	5.94910249002427	6.97364424332631	7.03515004648795	8.06880384605709	8.64652250111257	9.61938486129724	9.12207015494193	10.2302959225811
miR-142-3p	8.01740431078409	5.70300028007865	3.85856840779548	4.89105771581652	3.15022738793799	4.95639871609221	5.60180539883001	3.38026667766145	5.55802796984233	2.30931349819018	7.85191706088593	6.56694765147546	4.68285568898222
miR-140-5p	3.7049753206374	1.41372802627674	4.2676820455865	5.54361467854624	4.65649331261881	4.23945978026003	5.16847786485827	2.17718296184382	-0.0163695388498761	-0.0163695388498787	5.4124891778389	4.22157692889538	3.06997886758072
miR-140-3p	10.8055331200268	9.70052894157866	9.76295039197205	11.6969452929513	10.5293979979929	10.2324169621686	10.3479819952476	9.78965142969063	9.78454768311613	9.92495577264158	10.5015783232424	9.39828798924409	9.31775968075506
miR-139-5p	7.33704148747234	8.27279858472131	7.15145530442608	7.55940678752195	7.14840494651434	8.78372844627338	8.00746809436935	9.58912296495386	8.80859817703311	6.39765843674019	7.82102438186269	7.55005608591862	7.78650404501839
miR-1388-3p	8.65366652352573	7.72863796113057	7.17913014349522	6.36629859299292	6.78543293200385	5.54174057533856	6.22591820205022	6.80374410229722	8.21032472278541	8.28292844370736	8.84114878007178	7.57792408532011	10.0638519743114
miR-133b-3p	6.87025746834973	2.94314052106605	6.29162322692565	7.6149959739539	7.85466365432591	6.62344071466214	6.61608927334051	5.7068454986579	3.35239253655831	4.51168088021403	6.69726976140948	3.7195264712889	4.53700999272927
miR-133a-5p	5.9007043857072	4.00616201365226	5.90239959237137	6.50943937832774	6.38932088392046	7.60121069837146	6.96112188611636	4.35230638047647	5.15304768673685	4.07550986808539	6.16908208998244	1.14219059376489	-0.0163695388498787
miR-133a-3p_gac-miR-133b-3p	7.10938857608097	3.76077348299601	5.06738465724068	7.08790650909362	6.9847374151175	5.95696771647925	6.65392837879143	4.92782705218847	6.03477816967672	0.985978445031045	7.96926921493413	4.22157692889538	-0.0163695388498787
miR-133a-3p	13.6314574573263	12.3415478011411	14.2948033185421	14.8188755558731	15.0150225580836	14.5840971926544	13.8661119576555	12.8178464871873	12.2488209882117	11.10206266587	14.0039694609767	11.9315107547282	7.33552192414533
miR-130c-2-5p	4.32706890735179	2.94314052106605	4.78253730832672	4.60962846463514	5.12100440324532	4.75459411103645	4.50541066509349	2.90065964491585	4.44256353781548	-0.0163695388498787	2.55658811753134	3.34013897859277	4.53700999272927
miR-130b-5p	9.91087529284342	10.3976236980687	10.4220458069456	10.4725275132717	10.9414407675007	10.6400510055118	10.7684467570781	11.032645542053	10.6326640850062	9.84940448263711	9.26500460330634	9.86588233049814	10.7542701733562
miR-130b-3p	1.80718842055562	2.11762093159149	2.99957247269174	1.94751741750223	1.08117021133238	3.28834293754596	4.69882943504352	-0.0163695388498787	3.64611442751806	-0.0163695388498787	2.55658811753134	-0.0163695388498761	-0.0163695388498787
miR-1306-5p	6.58345775752016	7.79544644089801	6.52520089427457	6.93847440862414	6.58831111068861	7.0484174320045	7.34337192576417	6.8706236520377	6.99806255527457	6.23618848734612	7.50844932690585	5.61815505382757	-0.0163695388498787
miR-129-1a/2-5p	4.55989701783004	3.22748944583062	2.75404048916112	4.81958502099971	3.61577606204659	4.94061889221024	5.03145471470394	-0.0163695388498787	5.32889585700342	3.79534288769765	2.55658811753134	3.50404443067542	4.53700999272927
miR-128-2-3p	13.0314875005778	13.460276903136	13.0347401092568	13.0600490628277	12.6275696890222	13.1100929086214	12.9377555617076	12.870084067295	13.495066722604	13.4208640904591	12.9703586440022	13.2110198945149	12.8819132803289
miR-126b-5p	7.71005996259282	7.36065279467652	8.51650018140772	8.3277397879331	8.83030407332647	9.25648758926497	9.99657107207488	9.19876201569221	8.9498549797515	7.0968131242849	8.63458422069103	9.51099491323852	10.0638519743114
miR-126b-3p	12.2223989372769	11.7660068379839	12.5946984359017	11.8840207010612	12.7641414458557	12.918541152998	13.1825837312377	13.1563743872868	12.9804641636911	12.2374351041825	12.3608616811623	14.4095065083311	14.0401476868688
miR-125b-2/3-5p	13.8656517792383	13.7254869575912	13.9312315532658	14.4431656628636	14.4073765764981	14.7737363071493	14.9135504924175	14.6032223832583	14.7133483364565	14.2559869137772	14.2820253923832	13.6149469265369	13.6851353771325
miR-125b-2-3p	5.49761806578798	6.98474252383494	6.56388656521652	6.43167580895384	6.34999578265075	6.40510116099934	6.57065155023956	6.44264806813698	7.23735288386734	7.32814369951931	5.32711799314693	7.6453261928684	7.06983950267923
miR-125a-5p	13.589168687421	13.9496605923302	13.6875685469996	13.8949188724996	13.8355193526447	13.6089753888444	13.8346444759367	14.2929124047896	14.3306603661081	14.3772141841133	13.4549174224491	14.0940323726786	14.1535833372397
miR-125a-1-3p_gac-miR-125a-2-3p	1.31918130520924	5.65583391282253	4.71539177186847	4.42931297141296	4.92084583555967	4.6024455531553	3.89645579337561	2.90065964491585	-0.0163695388498761	-0.0163695388498787	3.05837917019835	4.39869246596599	-0.0163695388498787
miR-122-5p	6.33690198263746	9.53607353160426	8.57069410531861	6.96079306936523	6.77804412489026	7.99225647097118	7.72445632906703	16.5784459210297	12.5439187299728	13.0701383515744	12.0907493831294	12.4173153655157	13.6899962137601
miR-122-3p	-0.0163695388498787	-0.0163695388498787	-0.0163695388498761	-0.0163695388498787	-0.0163695388498761	2.51526925981131	-0.0163695388498761	9.27343639766535	5.24364935227362	-0.0163695388498787	4.17944901741043	4.43977083962039	5.04849428064614
miR-10c-5p	9.22297221551316	9.04880927942987	9.38064512964373	9.6759575447283	9.84562312642087	9.82087570952057	9.89226243710425	10.5859870781274	10.1521984953125	10.3966489075011	9.19444426145461	11.2933334644289	11.9092196054389
miR-10b-5p	12.871414383718	11.6934152721684	13.4995299617927	13.4032679305745	13.7520681045045	13.3623507575058	13.6430426597226	12.1431608551215	12.3813175330265	12.4881676920699	12.1084473968612	13.0288849396624	13.3711920257917
miR-10545-5p	2.70324474902512	1.80818411077722	-0.0163695388498761	-0.0163695388498787	4.52142008098687	0.734822538088506	2.52805517924515	-0.0163695388498787	1.72023047471607	-0.0163695388498787	-0.0163695388498787	-0.0163695388498761	-0.0163695388498787
miR-103-3p	9.38452521163674	9.55226229121794	8.55925127306346	8.71510725848836	8.63963621972552	9.36465826948073	9.2804289434094	9.50274080955856	9.6870123745871	8.37632591538407	9.65046867500651	9.37993656069374	8.9365662280113
miR-101b-5p	8.71011381937604	8.13341032654812	7.56588948519819	8.17503723456806	7.69120196155411	8.3256480942676	8.40333304918108	8.45714096838989	8.60149500625808	6.67477765936664	8.58027446995948	7.29974322682261	5.85275369013535
miR-101b-3p	4.36272022476489	3.46491600288402	3.93138616126492	4.47654829088097	2.45860596178918	4.58224718209052	4.67449011652035	3.20705989048033	3.35239253655831	3.15772701790173	5.13954006292631	3.7195264712889	4.1918890390649
miR-101a-3p	11.1277875385561	10.3012959284764	11.1116580585702	11.6112480832166	10.7403703477408	11.6472196570871	12.2253466955229	10.5427789479977	11.2842234659587	11.5467417738217	12.2871932742361	11.6602454911869	12.0719836541113
miR-100-2-5p	14.494730934862	14.1447081993726	15.2929788522819	15.2861387059095	15.298887627573	15.2062237313028	14.9662262388239	15.1916326823472	14.6236732428704	15.6451663238781	14.1211416546298	14.8067484381339	14.7130763555014
miR-1-3p	13.990948183379	13.04728192432	15.3149839033745	15.2282997794059	15.7160122161396	15.2227429155253	15.3702768019879	12.6837598425747	12.1887997322073	15.4126528486746	13.5815639657769	14.4220929805778	11.5347967392071
let-7j-5p	9.54345227613329	10.1403443817056	9.89663435047031	9.51418471241238	9.92554248588877	9.97018652138175	10.0415735173681	9.87809217013896	10.5056900611609	10.0162241232448	10.4893500315603	10.9519811373748	10.7397581093315
let-7j-3p	2.32369378549886	4.66014702368634	1.90389390280999	-0.0163695388498787	2.59940592219893	1.00139175218312	1.55770536523271	2.65298773893433	3.64611442751806	-0.0163695388498787	5.03573428083736	4.17367893405213	1.79008328806807
let-7i-5p	8.66441999569918	8.86661741551036	9.58724409357904	8.77930408509997	9.14372172425321	9.54245160382018	9.11901831889721	10.3089179120945	9.32147396645798	9.80049470846142	8.45508234088082	9.91405002870263	9.84887493584519
let-7h-1-5p	11.1525046383183	11.538700121623	12.0347379507092	11.8528472914699	12.0468888320476	11.9225587669172	11.9541807770708	11.3183727426485	11.7983581747737	12.5448278908074	11.0910763617567	12.1584085042137	12.8358720417177
let-7h-1-3p	8.08299652120512	9.08040997447422	8.16793569234287	8.28857321824535	8.81233203316762	8.53059413148933	8.36582305427125	9.12914457520721	8.37971450605932	6.09677917721264	7.98328913786158	7.35447549593743	7.96821429174154
let-7g-5p	14.087829460677	14.1095849715484	14.3725391686707	14.0995374936304	14.0769187890973	14.1927163730986	14.101276340902	13.8737863842438	13.79056376419	15.0170487352342	13.944971936941	14.16751864481	14.8000756013209
let-7f-5p	11.0753677100218	10.6220395989488	11.1698729962518	10.7927004183842	10.8571719637008	11.0179804352449	11.161005806047	10.4595351295909	10.9084156135859	11.6995579844571	10.2523125962644	11.916582968058	12.7822562358247
let-7e-5p	15.0098032891567	14.8596682483261	14.8817891079457	14.6321231780329	14.6881923985685	14.8995876105671	14.8506385026797	14.3855489676284	14.6996597505509	16.6584947037249	14.4398403540869	16.1615133425456	16.6901713553206
let-7d-5p	12.5873432994972	13.3799023595735	14.2152426786859	13.7216512420491	13.8736616078687	14.0792368790072	14.0734411662977	12.9048476514468	13.1467054985049	13.8141754798007	12.151765271435	13.9935616420135	14.0483725192893
let-7c-2/d-3p	3.95901084302724	2.94314052106605	4.74262612840916	4.44523053484772	4.37238179562159	4.62236503809508	5.38644235523201	5.90420357072368	4.09861552925217	2.57250414805653	4.17944901741043	5.544741025996	5.15232747220202
let-7c-2-5p	11.9733045822093	12.6267215390224	13.1204907974511	12.8055509716675	13.2407007673769	13.3128362329497	13.2657619499032	11.8539538894844	12.528796757716	13.4782955697182	11.9814914664771	13.100982794756	13.6308374054251
let-7b-5p	13.0147775370898	14.3350394249452	14.9735806376761	14.6482212444104	14.721586187371	14.6017636478184	14.6496720580964	15.0744432855861	14.7020334413322	15.546623638217	13.4115095043518	15.2512409129008	16.1205491764166
let-7b-1-3p	9.40497452259786	10.4684319362349	9.71605957107484	10.546332259736	10.389734088246	9.9142232331649	9.96900508878463	10.8854424595929	9.48361885443507	8.16821555015083	9.28777811751203	8.88796382484247	8.75055459299747
let-7a-5p_gac-let-7c-2-5p	8.69271011952491	8.23318122610169	9.32373541799133	9.33942573748552	9.31687630375996	8.94960290157074	8.8054574624902	9.51904685117646	10.2727432838152	10.8463010849128	10.2377663613883	10.6101303223489	11.0140691763006
let-7a-5p	17.0435481227222	17.2723018180099	17.5128487771673	17.1499677989316	17.1777867752329	17.3133601326728	17.2011697346722	16.5694045320349	16.9531279139326	17.7832460753977	16.2352306527645	17.6166520141232	18.0135193218766
let-7a-5-3p	8.76276849854564	8.20068490793218	5.96154687855853	6.8723153244992	6.91234222178433	7.39666083886906	7.52109161963663	7.49691454213079	8.42881430853599	5.96552817773482	7.99717412721519	6.75771084985	4.93660444248643
let-7a-3/7-3p	5.49761806578798	5.03666958254739	6.49749015164398	6.26680362651635	6.72523496048951	6.67680315133301	6.69987295697983	7.06718581749427	6.17951251094858	5.03257477068069	6.47716647759475	6.96186084422063	5.04849428064614
REV_miR-181b-2/3-5p	3.39644117266503	-0.0163695388498787	4.06684433156083	2.46736471477612	4.29166079829031	2.33387260234908	4.80354379369919	3.01018437455073	2.98317347092319	-0.0163695388498787	-0.0163695388498787	0.676211738222637	4.1918890390649
REV_miR-190a-5p	1.80718842055562	-0.0163695388498787	2.52224789376035	0.29601645421474	2.59940592219893	2.82130075589592	2.29248354537212	2.90065964491585	-0.0163695388498761	-0.0163695388498787	-0.0163695388498787	-0.0163695388498761	2.56754046268665
REV_miR-19a-1-3p	2.0006388930549	4.07948477768919	3.49207972324794	3.49404382872677	3.61577606204659	4.26502769463101	3.91734924047998	-0.0163695388498787	4.58799170049451	-0.0163695388498787	3.97011796305763	2.69414562667527	-0.0163695388498787
REV_miR-2184-5p	3.39644117266503	0.869067920581832	4.85919263153381	4.73146283344073	4.44882464183826	4.62236503809508	5.5085029467303	4.39331967343781	4.84110718293666	4.31001646312035	4.36221987805597	4.59330025645418	1.79008328806807
REV_miR-29b-1a-5p	1.31918130520924	3.92891225879238	2.69948942841186	1.27674080084344	1.08117021133238	3.3373731036862	1.19669569638261	-0.0163695388498787	4.95275119737802	-0.0163695388498787	-0.0163695388498787	-0.0163695388498761	-0.0163695388498787
