Gene	B9_Immature	B31_Immature	B27_Immature	B11_Immature	B14_Immature	B17_Immature	B19_Immature	B43_Mature	B54_Mature	B60_Mature	B48_Mature	B49_Mature	B59_Mature
miR-ENSGACG00000022167-5p	1.29452165348066	-0.236180024176855	-0.449907052958358	0.34362926036053	1.12284290206974	-1.61897841767984	-2.37017049461822	0	2.23419074472617	2.5885668465928	3.13928858273172	-0.57744405863874	-2.37017049461822
miR-99a-5p	-0.675412009280326	-0.573089452009523	-0.116403036048721	0	0.416645664550432	0.327543782082548	0.203322073202427	0.394065574663287	0.181704079111819	-0.373550662072038	0.360425500341515	-0.668578496252133	-0.925024892751715
miR-99a-3p	-1.21390625711138	-1.80645282691795	1.60234576698999	0.54684634144527	-1.80645282691794	0.336259648495141	1.63811160851636	1.41697660241226	1.19309018285512	-1.80645282691795	-1.80645282691795	-1.80645282691794	0
miR-92a-3p	0.629074339943156	0.679875539293132	0	0.18275719353419	-0.266194848722535	-0.719548916228714	-0.692989968836311	0.108068698100922	0.094255134198427	-1.30896064962617	0.173209710598233	-0.458584152010321	-1.27783364996301
miR-92a-2-5p	-1.4891454336035	0.748721332918613	-0.258674190695282	-0.39362550994091	-0.937931662852901	-0.469267588592443	-0.224339647659459	0	0.307791399868	1.27027692931794	0.148685666136248	0.329431647438445	1.26743979771427
miR-92a-1-5p	-0.130880342055058	0	-0.0970180178388498	-0.263356371599694	-0.87283610968587	-1.39961791808055	-0.62232211083867	0.741382882370735	1.08651239600138	1.72658429707542	0.671552407552663	0.777999463922682	1.84687132862968
miR-9-5p	-2.60767849591113	-1.14037307283246	0.324436884945098	-0.502667232046472	0.164039812677072	-0.779134966277905	0	-5.08565487047473	0.623491073098562	0.751845109231282	-0.889836314214415	0.530863467130281	2.0779977708642
miR-9-1/3/5/6-3p	-1.76013458994111	0	1.25172830012371	0.154901241749587	1.78252413071872	-0.472430545450051	0.568751390276526	-0.464512405396987	-3.77714302184588	-0.0723715445950273	0.209344480061627	-1.06662785632073	2.87981788098779
miR-8159-5p	1.63749362460653	-3.49301339668796	-0.892864046516457	-0.833382667193273	0	0.276640544962263	-0.234655975363069	2.74471633535877	-0.990943160600173	1.97100390404558	-1.69594221313423	0.308106401165395	1.67568361436393
miR-737-5p	-0.27059720149031	0	0.647510231787689	-0.183475288058492	0.101000320160217	1.44419577666453	1.45327067581764	-1.61280317791698	-0.229247871611334	-2.98904672861299	0.341893761287477	0.196659826473155	-2.33173234682143
miR-730-5p	1.22850458828998	1.03026722825874	-1.14975105080775	-0.973893592737215	-0.131100332538336	0.284064424669521	0	0.279678119813463	0.621886281821044	-2.74687579358714	-2.74687579358714	0.322494900834706	-2.74687579358714
miR-727b-5p	-1.06452690041568	-1.37538003238925	0.599446258360957	-0.740701311344022	0.800843907209123	2.01977542018556	2.28022293890333	0.555108894905699	0.737687767514707	-1.02282607889433	-0.161727950554218	-0.625002671337504	0
miR-727b-3p	-0.72156372223639	-1.48431293332912	0.232058819521843	-0.723734715323894	0.600752336839546	2.79253616191632	1.7172354492693	0.00639997859153318	0	-1.25814681319711	-0.0135076238105407	0.784804380831433	-0.96115864767195
miR-725-3p	-2.9667049369393	0.378326698051001	-0.138397580676221	0	0.376422794134031	-1.18008720190865	0.763537769109442	-0.844696071562573	0.599175555970449	-2.75584992566267	-3.5771923474332	0.176712965242217	0.744945943599751
miR-724-5p	0.25081916135577	0	0.534929709843162	-1.15740314521102	0.841725629466693	0.577787605181773	0.243808767792975	-0.995371903330264	-0.808906239732494	-2.14570716906037	-0.0928007891945768	0.138279589203631	-0.0802757022328322
miR-722-3p	0	-0.611059053811604	0.913586546505735	1.65528752719293	1.39810499743413	1.60396336024716	1.12210458051146	1.31746399787353	-2.27461892425793	-4.77668916034573	-0.235901686237297	-0.203897326242934	-0.38557465647813
miR-7147-5p	1.60670463831994	1.52046131641435	0.32090310501571	-2.50207023608779	-2.50207023608779	-0.251864534126768	-0.258652775543439	0.721359193242418	0	1.58980917084748	1.2394723628922	-0.709343800108308	-2.50207023608779
miR-7133-3p	1.205225678558	0.285774241082981	-0.498829154377602	-1.82328655597675	-0.707890545317877	-0.00211153497340533	0.311992309038275	-0.350194067720285	0	-1.69542717830447	0.890619326086314	0.0457840735856561	1.5811344305846
miR-7132b-5p	1.41838561273766	0.475951540784266	-1.66303384069867	-2.29317545757551	-1.74450581374196	-2.0041284168152	-1.86506285910458	0	1.04966139061093	-1.12458190363583	0.370677286266913	0.379196896462803	1.36705880841267
miR-7132a-5p_gac-miR-7132b-5p	1.02656569694359	0.415277826051068	0	-2.89634338261049	-0.601052347423593	-2.41690935520881	-1.88208709134792	0.631762816214373	1.10642178449354	-2.54606369598734	0.331611765314485	0.165644070734638	-0.410829084015583
miR-7132a-5p	2.05507091728077	1.04505787941638	-1.31140330715348	-2.22201505719479	-0.812679413062616	-1.77730585084196	-2.35002643802204	0.600820303798856	1.03113294318273	-0.831329371354168	0	0.753811737544551	1.12923878393261
miR-7-5p	-0.527874421405066	-2.49585824307535	0.0263441395548094	-1.39341452793643	0	1.08099810443534	0.58792558819719	-0.47179944256475	0.0926596645936675	1.38388229554491	-0.396229695759038	-0.275961329265308	0.805927655787193
miR-551a-3p	-0.90968605054822	-0.386187548852119	0.031723502528946	0.396546967562921	0.184225276237252	0	-0.0536171352449939	2.28644478071284	0.863938392502325	-3.35696259348431	-1.36752199191526	2.00568470457258	-1.35451667854053
miR-499a-5p	-3.18365213003466	-1.77804043930474	-0.437097352226069	0.577470887846362	0	2.12414421122199	2.35535882372913	-1.02762357811557	0.986803575724733	-2.2965209087371	1.02381570329606	0.710797211984772	-2.32736125122599
miR-489-3p	0	-1.00213581500462	0.658179637832349	0.338853512191048	0.220523041908574	0.648737502958777	0.500028048305412	-0.117124150552946	-0.159717556657013	-2.00836781346469	-1.20863708453726	0.206807732185714	-0.112239078216223
miR-460-5p	-4.81898050308329	0.946062354931316	0.674551465978818	-1.05647186710774	-0.687352174389845	-3.05720987809085	-0.165417501414482	1.96259292924502	0.606774113597456	-4.81898050308329	0	0.797537834521718	1.37944594289644
miR-458-3p	0.596967343696253	-1.65082236790971	0	-1.03747136065188	0.56744721260831	0.363392514421695	-0.404257617208969	1.20597873316663	-4.03945923555958	-4.03945923555958	0.501328238548846	0.101046240894999	-1.45554923402305
miR-456-3p	-0.079352865444239	0.984920476607877	0.210047503975924	-0.378096536581085	-0.385100197278577	0	-0.000137904208494355	-0.0717215750690228	0.698716445992742	-1.04885520773015	0.291632426148973	0.0512871279191121	0.861616355069639
miR-455-5p	0.673270654393879	0	1.34241773484037	0.274439454628225	0.953708542203016	0.311667225643996	0.351907135862853	-0.481899476945878	-0.213785088929297	-1.39909085169225	-0.0738467340364855	-0.121426911103434	-2.64575913733371
miR-455-3p	0.448687541340869	0.55737431228525	0	0.223896441837585	0.601348304069703	0.608817930279101	-0.0817576581296882	0.241924798722772	-0.3962511845736	-7.38441769821189	-1.79862396853943	-0.364492628169195	-1.23591587220361
miR-454b-3p	1.00898116109445	0	1.266510171904	1.17008661331419	1.54689021456947	1.65487115149056	2.55114981904505	-2.43435144251668	-0.330719119436361	-1.81652624244616	-0.886361344230388	-1.45633780617411	-4.62790394321038
miR-451-5p	0.263397681327081	-1.17324652745072	-0.70397787428989	0.191952977866389	-0.0609435527946367	0	0.261244264523537	0.305482538934641	0.400808074086118	-0.223651086125045	1.27605137175543	-1.02643757337597	-1.9885980948455
miR-429a-3p	-2.52707253645752	2.22017125194915	-0.173791906998396	0.0391520623265276	0.0422890027149236	-0.956757624084222	1.45891776599848	-1.03562459759328	0.606546011224751	-5.63452459267745	-2.18819413756012	0	1.19077193680691
miR-425-5p	-0.346741963294642	1.26129680630187	0	0.256128826933537	-0.0660734658718631	0.0687889102841623	-0.117320916023344	0.193636260590564	0.693517231621884	-0.895867344070638	0.216829848329636	-0.279948691456548	-0.708236456487594
miR-375a-3p	-1.86743805885883	2.85662040706117	0.406969896722275	-0.279640635144778	0.0912310514064245	-1.70631799409975	0	-1.07277972477407	2.57987739632157	0.0585422309798656	-1.8461016478805	-0.0631223078786114	2.3793199861059
miR-365-2b-5p	-1.39680941388763	-0.719797694555658	0.636861576191512	0.130106779714455	0.236076494161472	0.393110182006714	0	-0.0892717737746258	0.78417669304332	-2.51851119885482	-1.30387544312954	0.137952708615421	-0.675965906186076
miR-365-2b-3p	0.590106666452382	-1.21410309204648	0.905843939664358	1.2057330186042	1.50041580935137	1.28283346676742	1.085505698191	-0.361869989184722	-0.0940415846852769	-1.493394870613	0	-1.26641047430479	-2.11269031735122
miR-34a-5p	0.545325303752958	0.361918697387976	-0.103424832804301	-3.11936684434592	-1.40576373714396	0.281794291077362	0	1.07249632663664	-0.617296608258132	-3.11936684434592	0.622175754634069	-3.11936684434592	1.43401268723322
miR-338-3p	-1.83774752731379	-2.65035072817511	-0.918266682018418	-0.133074603802285	0.356521341415606	0.155883111917061	1.43781397930132	-0.391718590925946	0.446786413686312	0.583516859815182	0.882140000784061	0	-0.490497053004909
miR-338-1a-5p	-0.104016172433742	-3.44633045511733	1.41673534421458	-0.488551213062731	-0.702282823446616	1.28807375132963	1.92619567729685	1.11666067818754	0.460072679101599	1.36554930520343	0	-2.75374917804481	-3.44633045511733
miR-31a-5p	-1.55459033419145	-0.0163589818318099	0.0640003652423902	-0.864204420617553	0.902426180631327	-1.96061756760537	-0.984209652553742	0	2.22556904722963	-1.2348387846425	0.337941121685601	0.183232178696967	0.942565655999883
miR-30e-5p	0.649119230811486	-0.265290709796481	-1.20316576184116	-0.333719342188713	-0.838712085441081	0	0.0450293675240054	0.167745605554066	0.0938919430820082	-1.13295279593261	1.69587147759347	0.689549953321272	-0.0486341397607024
miR-30e-3p	0.272437011573345	0	-0.372745742728078	0.553937817778881	0.0367260171033283	0.754814435151742	0.318782440691605	-0.125352242326406	-0.0487843366474934	-0.669903476130882	0.133386512390723	-0.185223912295035	-0.0597549767761301
miR-30c-2-5p	0.376081511308662	0.0604316850926132	-0.672502692754643	-0.409659409445259	-0.0177330479094557	-0.00568884824325089	0	0.751600620786805	0.509232003007508	-1.06423630897818	0.0632275868381491	0.571634590101583	-0.0284720282378732
miR-30c-1-5p_gac-miR-30c-2-5p	0.0157799798705316	0.492149908110814	-1.25677836880376	-0.22968532665898	0.495841742368517	-0.31275923156579	0	-0.231139282316217	0.397224294761378	-1.56483247994048	1.20516999137039	0.758671963334896	-2.44462032038283
miR-30c-1-5p	0.0910560311765636	-0.142166491108179	-0.724472489163388	-0.384967800572159	-0.299723115682335	0.351275567300155	0	0.752618066718053	0.168563474195034	-1.43840707039384	-0.581171743576986	0.146316287978816	0.245453655303951
miR-30bb-5p	-0.0246824141297832	-0.911379696232739	-0.770265707623853	-0.286772753633803	0.187982542068521	0	0.21143368584298	0.543046721298523	0.214259531896516	-1.50998691972609	0.789128707076527	0.12024887945965	-0.986344435228112
miR-30bb-3p	-0.964235652507548	-4.23243096977329	-0.600993548668124	0.306224550847499	-2.08848779546281	0.216277269616663	0	-0.835794753261963	0.625045752013245	0.164355515500689	-0.786100514655961	1.16959410905953	1.43875605813087
miR-30a-5p	0.561278590565356	-0.090659664824619	-0.261550247242003	0	0.159191510668117	0.0754959376146651	-0.0986828186746287	0.575404610493557	0.282430035721823	-0.110832831904606	0.88561678844966	-0.0196702683794694	-0.0960799185911192
miR-29b-1a/2a-3p	0	-3.48002226496529	-3.48002226496529	-2.33676051732734	-3.48002226496529	-0.226065050313385	0.205320343170647	0.846440224338567	1.48909847126261	-0.153870546582132	1.57208155472195	1.59281874713004	2.04230407016462
miR-29a-3p	0.699630339378621	-1.08972035874545	-1.03590621252308	0.0135849248111022	-0.825175302986962	-0.754491075974206	0.332360580135333	-1.15142135255819	0.634771484952581	-1.4692311579106	2.33742104797638	0	1.05969099223602
miR-27e-3p	-0.940875154049937	-0.0168490042345759	0.877280389276295	0.167511068652821	0.455708547475673	0.346172819170848	0.918376965603443	-0.370875733779446	0	-1.25256848954206	-0.984642087641447	-0.937507381369825	0.238415390655094
miR-27c-1-5p	-0.442464114476228	0	-0.110218927223439	-0.950215530987727	-0.24242817669386	-0.48940801388486	-0.640510598849013	0.429066705198809	1.07604221459595	1.17685947901909	0.501069517619119	1.19994153254201	1.1684120406111
miR-27c-1-3p	0.489124503860108	0	-0.637075410735598	-0.642242344334258	-0.454198023665592	-0.245462286439698	-0.476403189101488	-0.0310013064271537	0.326570127809557	0.045633995591702	1.33376415463392	0.763572495936341	0.732403705674592
miR-27b-5p	-0.803748743593395	0.16145444323093	0.504606583113901	0.144743067093025	0.194529961839257	-1.30656203483572	0.484419184100607	-1.28295549083829	-0.763403480887392	0	-0.576614615339098	0.148166795966797	-1.3414097132477
miR-27b-3p	-0.737636463484478	0	0.320185492788633	0.291876509963974	0.215494371166375	0.548691496604166	0.367665312164219	0.0229107132445865	-0.142276463713429	-0.352375712783404	-0.113022578109868	-0.555949754964336	-0.137700688805669
miR-27a-5p	0.110586502191133	1.32716471672298	-0.561499242130784	-1.28362526220451	-0.128313038317844	-0.334890084860392	0	-0.474239487172025	0.977241692837029	0.338443095465617	-0.9245600591746	1.88913161153025	2.39333964780876
miR-27a-3p_gac-miR-27b-3p_gac-miR-27e-3p	0	-0.183406606364982	0.692469336872947	0.123290106892714	1.16096481158588	-0.217621601591611	0.22693270122378	-3.66469214809888	0.632492675675138	-1.07581846119247	1.99359943894343	-0.3976933244235	-1.08078214656235
miR-27a-3p	0	0.277326281693432	-0.318089614783298	-0.867593422589983	-0.0328997333179215	-0.461241421736979	0.826617810752056	-0.36239517825112	1.85333954069024	-0.290573767301438	1.17887630543142	1.67946849322708	2.25478129668258
miR-26b-3p	-0.397797862007098	-1.07863270581375	-1.37623847078758	-0.0515511646683349	1.01164427414619	0.845161850028749	0.977076399069527	0.447656037658125	0.170778373500479	0	1.23752836523073	-5.17448702235282	-3.36803419543488
miR-26-5p	0.411046384218999	-0.133242068488915	-0.245825423533018	0	0.037643598105662	0.473540089877536	0.45587673635255	0.156484316763057	-0.0608102594753444	-0.823076382175097	0.674771566119539	-0.346628495546796	-0.799947432520753
miR-24-6-5p	0.408033976013132	-0.683351421302282	-1.25160630405262	-3.07198828895216	0	0.0747654899701864	0.11854700708826	0.151441140378052	-0.569918052864366	-0.746305251912097	-0.499030632570938	3.25868241430785	2.45033804617775
miR-24-3p	0.375009643377796	0.317317948740948	0	-0.723915488708812	-0.630748599043178	-0.416702549758329	-0.652326183386876	-0.243161997983627	0.521003060708722	-1.67452947612975	1.20263559104924	0.708745593980749	0.0425175170195899
miR-24-2-5p	0	0.612166244112842	-0.426235024407424	-1.41124311285923	-1.05672787334864	-0.699274180553923	-0.784676152622421	-0.0438644827396226	0.252444548715756	0.179107475854932	0.108719475134682	0.147663313292011	0.210518273359373
miR-23b-2-5p	-1.47570040780043	1.53081813430732	0.824275682302701	0.334317227344459	0	-0.609665474488239	0.242529497721315	-0.452104191014135	-0.10581539382425	-0.124577660179501	-1.46459328777004	1.29842477521604	0.478414172023218
miR-23b-2-3p	0.0394630821515989	0	0.313028740094506	0.195449409465196	0.262995544302333	0.389364927514036	0.859040141511857	-0.116110984924422	-0.0500914502110206	-1.32770069307046	-0.0138643197027992	-0.724521768873261	-1.94175510545535
miR-23a-3p_gac-miR-23b-2-3p	1.06984921048718	-0.676813409953905	0.45717817823137	0.182785272694746	-0.783986869848076	-0.10363985806623	0.101518470543951	-0.900154036005697	-0.355554310034325	0	1.1416831063015	0.0327035142526961	-0.0271533874922474
miR-23a-3p	0.345701559718703	0.510078225964469	-0.348949245355207	-0.646902774498439	0	-0.191530065941819	-0.0942870311126693	0.14213370892805	0.971113462550047	-0.325062065231368	0.845200151566901	0.55679979727811	-0.00516251682893198
miR-23a-3-5p	-0.745630957626188	1.11491738019229	0.536978737240972	-0.922561865392237	0.229178107092279	-1.03261465872269	0.119873676238133	-0.841744158922034	0.765536726786569	-2.53584703433455	-1.67839026612363	0	0.397605613888945
miR-23a-2-5p	0.135271180095948	1.34246271328996	0.0490530700980987	-1.20093086951471	-0.884617937521471	-0.606152704442395	-0.422343321676491	-0.141669746690202	1.21151325595713	-0.446342745122987	0	0.960799730758353	0.450521344378745
miR-23a-1-5p	0	0.0723041866299408	1.07742491270648	0.15529946183242	0.395225564868166	0.477113510704271	0.239096447488321	-1.97235774063008	-2.44883303362717	-0.273889021047418	-5.44837604340024	-0.66725653635808	-1.99009264377713
miR-22b-5p	-0.7664479238847	-0.072672938902544	0.595101720502532	1.78937286547048	1.49795516402274	1.22914586485261	1.19687244836287	-0.0884175626863506	0	0.449841538944971	-0.0336958489459445	-0.629970726443819	-0.6649112349824
miR-22b-3p	0.467449107891223	-1.98331048799468	0	1.17212280181064	1.13919584882544	0.84469518641022	1.08060400613451	-0.559026733874747	-1.32076633845625	-5.22716947267518	0.431122114367125	-0.128155417500753	-0.39549821198939
miR-22a-5p	-1.570254625609	-0.737083037656005	0.172936783160083	0.3283161679774	0.545361244014764	1.34125709828577	0.763598936364296	0.69015966874211	0	-1.02236170010119	-1.01774217238288	-0.348440235289626	-0.620727399801329
miR-22a-3p	-0.869585148658464	-1.08516816445488	0.240712144637865	-0.355434774048307	0.161891212075108	0	-0.232778846242125	0.349918436584966	-0.600928611914668	0.54831424155547	-0.908889639514173	0.194230447301946	0.459676860863427
miR-223-3p	0.894911172597741	0.680779771207355	-0.618171176080265	-0.86140054362202	-0.414999992354241	-0.0827553458482857	-0.231668454391821	0.424490171586328	1.46262987170296	-0.167459758022115	1.0965155908583	0.620046429423882	0
miR-222c-5p	0.604954166933276	-3.22342942933021	0.285019832767609	1.38837378227949	-2.12588967914795	1.29144128658344	1.19837280498274	0	-0.721359193242418	-3.22342942933021	-1.42635824577647	0.21735823802517	-1.41697660241226
miR-222a-5p	1.73743449809756	-3.99901684291387	-0.697266150435048	0	-0.927028553961711	1.10850236116741	-0.218335612653949	-2.24076916229426	-0.999473833140801	1.39788119173972	0.379572573991983	2.38584680686952	2.72765244157916
miR-222-3p	0.582532416310476	0	-0.14652180741755	-0.866207522759492	-0.0186220343445012	0.019441503326318	0.266025726665081	0.539377804245245	0.679353458015516	-2.71307104591585	-0.0185953917483612	0.229560799953797	-0.428380699405283
miR-221a-5p	-3.47599119619637	1.20052536633985	0	0.0344221713802817	0.507561558615865	-1.22578549423535	1.13928531000698	0.401900430753635	0.430411938022558	-3.47599119619637	-0.401242487148144	-3.47599119619637	-3.47599119619637
miR-221-3p	0.688559957553746	-0.223254025917992	0.13140052423765	-0.297029510692106	0.0284159258016707	0.319487941900878	0	0.64765276984776	0.539958797345095	-1.73677146065936	-0.0502820124568739	-0.0269072202837144	-0.367036922785562
miR-21a-3p	-1.13879292159863	-2.47434376565775	0	-2.47434376565775	-0.330400591347275	-1.72315168871937	-2.47434376565775	0.552210147742853	2.78567512546575	1.11492045731563	1.9042456512481	2.40064689707873	2.59052005383827
miR-218a-2-5p_gac-miR-218b-5p	-1.67679149323414	-1.67679149323414	1.62495919924468	1.08921678618733	0.0368116139678281	-0.925599416295751	0	-0.197999602406562	-1.67679149323413	-1.67679149323414	1.39795721581409	1.9907917809594	0.907118508302398
miR-218a-2-5p	-0.609264971785294	0.421231962264421	0.772841071337716	0.130749663702844	1.07665820485212	1.36895848755594	1.08016818787432	-1.49833127925387	0	-1.92721929321916	-1.9102348907204	-2.31938121313111	-0.49342263502206
miR-2188-5p	1.10646849808134	0	-0.0940152011609321	0.424166007352838	-0.0321682033425521	0.0507928955949541	0.549671655162305	-0.175838284655013	0.442694950450599	-1.3416278446889	1.54335523275602	-1.74764208115374	-2.89960946492747
miR-2188-3p	-0.352703276375836	-0.371061414359225	0	0.209317352906162	-0.400645719440648	-0.00627405272657633	-0.109190508817866	0.557566313752497	1.10305137698362	0.0948889045432804	1.79975757821346	0.514400352375059	-1.38499599590152
miR-217a-5p	-0.146551996682769	-1.50406451760791	-0.725931303240363	0.30028254329026	-0.313632068961784	0.399709342290243	0.947409573705075	0.902214581189617	0	-4.29718482377402	0.521795679309271	0.607786291145343	-4.29718482377402
miR-216b-5p	-1.09753975018226	-1.09753975018226	1.44107768242796	0.569597171877735	0	3.32842243209731	2.19356939705672	2.52523038149595	-1.09753975018226	-1.09753975018226	0.699531433371473	-1.09753975018226	-1.09753975018226
miR-214a-3p	0	0.443959562976568	0.522936778873172	0.70696954487183	0.740381759513935	1.07133005272343	1.15284191384119	-0.734719553767418	-0.299680493240119	-1.13964242796682	-0.557266440214384	-1.68732106638522	-1.32792107710465
miR-210-5p	-0.462448109081334	-0.609709574924391	-0.443046911743368	-0.508605772506758	-0.388657269922	0	-0.540571803681987	1.76366869233314	1.50958103023301	0.114307224675008	1.8687425054398	0.628501839511426	0.33107801405221
miR-210-3p	0.889633376284753	-2.40459566406942	-1.15532938523565	-1.58543678261644	-2.08419857653011	-0.198928259534104	-1.22665241443697	1.52119172602319	1.22958937692757	0	2.48438353968005	0.788639745793993	1.04378142662785
miR-21-5p	0.138723866082799	-0.482542525307391	-0.346056305180996	-0.587546193010933	-0.309318440469438	-0.0715959894441145	0	-0.333891267115662	0.682776142717781	0.163660356083886	0.132179589222774	0.133391419913538	0.981875458734269
miR-20a-5p	2.14504664704539	0	-0.672934513444091	-0.983399036024106	-0.672204241517444	0.895306982807612	1.30417304389816	-0.411949065394051	0.321904194121562	-4.93811469700194	0.314630314479273	1.30137660812418	-4.93811469700194
miR-206-1-3p	0	-0.715681177535153	0.801687248946486	1.27523938548411	1.34058768859395	1.42075392835627	1.2026690750434	-1.44540076343685	-1.09696730089657	0.72636160778503	-0.997271977611373	-0.619275994045442	-3.65211424317087
miR-205-1-5p	-1.17733683518167	3.3894357991503	2.26750865628957	0.275514821572497	1.17839424891804	-0.585110292438754	1.6523887291608	-0.556369704543267	2.08747770795785	-3.46708321675653	-1.06560800094597	0	-0.109452192234402
miR-204-2b-3p	0.0545552239817262	1.51501569856444	1.48971278981244	-0.670950821673759	0.746876998605575	1.28536513390549	1.45571163515386	-1.23550364733515	0	-4.45893307666535	-0.472445574757841	-2.43005880363253	-4.45893307666535
miR-204-1/2b-5p	0.85141385401367	0.571495926114197	1.4943000906313	0	1.52645597938444	0.724368926873998	1.91059581930871	-1.90268976377901	-0.426708881021938	-2.9958901636368	-1.84953040493419	-2.41967404324833	-1.41209084818526
miR-200b-5p	-3.49301339668796	2.0799628887723	-3.16742585140446	-3.49301339668796	0	-2.47525210565496	0.579054727818987	0.197889656475484	0.413389737530964	-3.49301339668796	-3.49301339668796	0.922048608127907	1.45996058464834
miR-200b-3p	-2.87510541206891	2.56685339655419	0.282009906622799	0	0.288584489009237	-0.795893451123302	1.70951860293634	-1.55564748397272	0.611864645289891	-3.0867724547623	-3.85528581546827	-0.246820473641478	0.655540240700461
miR-200a-3p	-2.08908841180755	2.09280874857556	0.498785905659999	-0.203468577493831	0	-1.05435147663724	1.28369977216838	-0.199848077602865	2.09578259705284	-1.5051339089561	-1.22853816633654	1.22222639813289	3.41289513249387
miR-19b-3p	0.951762100888805	0.214729333206983	0	0.629675179061745	-1.10200679452533	0.875407262605192	1.44378605741325	-0.537725515677567	-0.839440686987721	-5.13662551076174	1.43407007375226	-0.490996975158921	-5.13662551076174
miR-199-5p	-0.166721713288847	-0.191450850379882	0.179918560549863	0.146799583634442	0.545402159095188	0.734795777593325	0.542360006732935	0	-0.302484371277492	-0.99856950918177	0.0934084227139778	-1.3567805081081	-0.617728832522898
miR-199-3p	-0.835353725863497	-0.156383744723531	0.798925022157697	0.412711578850116	0.934588368576902	0.906253720282363	0.929629897990726	0.0592113475622469	0	-1.72564076818124	-0.864927295348046	-0.880605290756669	-0.9792211272702
miR-196d-5p	0.347052850705572	0	0.773415856388052	1.61865474955134	1.52467406522819	2.07668421846272	1.68223636296471	-2.12404401351885	-0.551559493802283	-1.51628089027737	-1.53419272812267	-0.61570911511082	-3.71422740311224
miR-196d-3p	0	-1.15069316995733	0.770943207039616	0.417747990265811	0.458656035341682	1.30774784062082	0.72126020517724	-1.4780297379407	0.573798673740697	-1.22529689078378	-1.24349395915191	-5.62208337605776	-2.53573496962716
miR-196a-5p	0	0.474317271282939	2.39553703757922	1.88268142393025	2.47357429993329	2.63092170362471	2.68126606902087	-1.25318875430496	-0.562718579993004	-1.09874740306429	-1.75168536420797	-0.624357331558791	-1.2051133786155
miR-194a-5p	0.632027239503019	-4.00439933975282	-1.23398931174182	-0.917861804268555	-0.932411050800659	-3.25320726281443	-1.90149205069685	5.3642270577176	1.06834287209561	0	1.24834567172839	2.06019185482115	1.92509562194795
miR-193a-2-5p	0	0.0688539342183656	1.16237901827483	0.4233140367049	0.817548384945697	0.796032751242963	0.409871796103317	-0.500449390544574	-0.439549955748568	-0.196898903980982	-0.322390598392389	-0.464936309184086	-0.606184005332089
miR-191-5p	-0.543470330208175	1.17887793335406	-0.049236890992832	0	-0.159598311594504	-0.0234068304871364	-0.1674732524453	0.445268543184392	1.29472738147766	0.0663386234857022	0.298048368896087	-0.104019776132642	0.0799765929521286
miR-18c-5p	0.0507963671044873	0	-0.701202913746647	-1.17683156155122	0.179273518250879	0.190300900778145	0.808282183462793	-0.590272677145613	-0.410485121473388	0.688548714191868	-1.95251253319421	-1.00505622005013	1.40402477212534
miR-18a/b-5p	2.33988444132397	-0.745261417334934	-3.70477147725086	-2.41166113755754	-3.70477147725086	-0.351028834714779	0.440777616204407	0.23042603517896	-1.96817146368491	0	1.11420902583243	0.0311245328879237	1.12689978343493
miR-18a-3p	0.583041530307725	0.821975817426273	-1.74474776527657	-0.0445780775397928	0.479216930862771	-0.133583220362741	0	1.00765001956408	0.634369490289034	-5.00897486070259	0.243770150778621	-0.227855353660426	-5.00897486070259
miR-184-3p	-3.67291713174242	1.0415517682703	0.486468388440072	-0.864897922163397	0	-1.53531626531667	1.12756089057882	-1.36114833633986	0.309398155370374	-2.07738927979082	-3.44612162310604	0.64678455739852	1.68874027651964
miR-183-5p	1.04994221763623	0.173214705681241	0.286155174374487	-1.43965094544406	0	-1.15282698065692	-0.527210563407586	-0.451875532175703	1.13788819255257	1.3024718167102	-0.74622264513838	-0.116922978038923	1.39090551116209
miR-182b-5p	1.96102830569202	1.03860609684486	-2.53596757167414	0	-0.382976378018548	-1.22679200998008	-0.695582252359057	-3.12702400968926	1.33190906697609	1.964993197299	1.25156540721659	0.0445421273470097	-3.12702400968926
miR-182a-5p_gac-miR-182b-5p	-0.232894332032477	-2.57295765638122	0.903033539815151	0.140842098597535	0.991298415838588	-2.57295765638122	1.08753227769913	-0.814709975761609	-0.836357642815273	-2.57295765638122	0	1.35037883713641	0.51339075004938
miR-182a-5p	-0.235141602267946	0.0349881476104965	0.474835494083813	-0.422113920213126	0	-1.78516459867598	-0.31556785269518	-1.2716620990812	0.255388320781486	1.6012701231447	-0.149631263974	0.00913698010261221	1.7032870842227
miR-181b-2/3-5p_gac-miR-181c-5p	0.169554024267629	0.323347283174677	0.927535542599136	-0.518636753675574	0.434913884963473	0.557301094405938	0.122592933541485	0	-0.0827953773913865	-1.23169714529256	-0.82268592624423	-0.750019417315862	-0.106155188903069
miR-181b-1-5p	0.579975460457184	1.13741403804245	1.16538195307737	-0.322157286466926	0.79887633107901	0.506961424304257	0.27501464782907	-0.170571211397908	-0.329876204033355	-1.38489211490297	-0.890065851308734	-0.889122384875766	0
miR-181a-5p	0.635013824042568	0.544152865042843	0.639395705249513	-0.38601977233392	0.600585243243835	0.144838602075907	-0.297460417548466	0	-0.316702839169707	-0.814516533946197	-0.0205738174049213	-0.399267154286376	0.204343962213967
miR-181a-3-3p	0.127617574211405	0	0.199741545326756	-0.433555498475161	-0.0810512464808522	-0.397383510513276	-0.52003461551517	-0.361234120876125	0.43607297962258	0.867353526776411	-0.730632941499517	0.727124872612638	1.39446024979315
miR-181a-2-3p_gac-miR-181a-3-3p	0.129604543222739	-3.00618738989095	-0.289965570042718	-1.23199411982797	-0.0731026846453577	-1.74891237390957	0	1.39842784328785	0.0147782848962676	0.360748241437152	-3.89162484932266	1.44590950584409	0.107191035089689
miR-181a-2-3p	0.0148855573074407	-0.146057336172396	-0.238117571432761	-0.291492094083898	0	-0.408432468289011	-0.494712410569326	0.906327579082886	0.311621554845759	0.729787360119911	-0.71685813927053	0.898096864371777	1.05013156435104
miR-181a-1-3p	0.236250381355116	-0.156402975484043	-0.000763752576893317	-0.955464551566283	0	-0.675630792574109	-1.16181242536969	-0.205842020616554	0.862764791617461	1.58632506178818	0.251555303603461	0.283359685691781	1.94204236908767
miR-17a-5p	2.42798126005344	0	-0.544690072799673	0.524751407600984	0.705747493789237	0.810300692464927	1.20011559378816	-1.95854666542617	-0.0235427038659912	-4.62790394321038	1.60579637007938	-0.212841938394509	-4.62790394321038
miR-16c-5p	0.134596640908123	0.673409393061755	-0.0581311465983614	-0.129896377153209	-0.0965096496559674	0.433423936743289	0.127938449714247	-0.449562316503938	0.171471344534519	-1.25436826579666	0	0.235455801105498	-0.841197316554547
miR-16a-5p_gac-miR-16c-5p	0	-0.292185415188678	-0.0925475810148555	0.0212069215781874	-0.108445083955113	0.240736037793924	0.287429937911366	-0.178193364681899	0.128280149312518	-1.36585624094232	1.00878527656329	0.270348448597259	-0.900494203801202
miR-16a-5p	0.355869982628709	0.0535141573685962	-0.0985168514019321	0	0.037376455165619	0.487293007411903	1.05338315290962	-0.76000055758241	-0.20139172015514	-1.05152213088698	0.791281577362758	-0.0598663288961703	-0.921283267982174
miR-15c-5p	0.502163975841027	0.760901500548682	-0.1308324145563	0	-0.314695558214897	0.271616790360383	0.0183520228867771	-0.0568078628320769	0.243421363680676	-1.16568380392055	0.297571573987256	-0.4722780440396	-1.59068254416279
miR-15c-3p	1.9473022515411	-0.14186793909984	1.8251481626362	-0.143527593722834	0.114964545881923	-1.72911450255414	0	0.565754822861757	-1.0102757800212	0.257230673846315	0.99466680539285	-0.51512527081084	-2.74687579358714
miR-15b-1-5p	2.82598989595143	0	0.11936838368969	0.541028424571405	-0.2578699474835	0.102760527504324	1.65749665428079	-0.259350197638327	-1.08222440537969	-1.49213976482185	1.24279013069034	-1.45906336029766	-2.10940944412625
miR-15a-2-5p	0.289008174958246	0.125345761275835	-0.562151524847621	-0.350395876171978	-0.607200188239405	0.129339731688402	-0.0669057538249014	0	0.493098954195908	-0.609048623261529	1.42914370856988	0.220780988083863	-0.128596500299073
miR-155-5p	0.851827028071289	0.0349953298077335	-0.677668217903668	-1.56846810286611	-0.486496178255621	-1.87723072065373	-1.11426535877701	-0.133345694514533	0.658846516662222	0.239529746829848	0.531020635128934	0	1.66867546741114
miR-152a-5p	-0.157897390669732	-1.13810696510741	0	0.0232053275839688	0.121181968412914	0.111492645701705	0.129362034756891	0.81560583307803	-1.45768811676142	-0.246076346569512	-0.70647459032835	-0.178986914770972	0.617709261305699
miR-152a-3p	-0.0741263199342397	-1.24285425245649	0.0379754525630371	0	-0.228798178088955	0.0502257616792399	0.553213468191377	-0.683905052600778	-0.515613690740783	-1.31586118047992	0.222383592094189	0.225036921223378	0.336875759397481
miR-150-5p	0	3.93847217528033	-0.502488453944158	-1.98447698159064	-1.50008630397602	-1.03285008116405	-0.763068159127121	0.683622097932799	2.96103008871485	-0.659770225824126	0.941557489402404	0.846405669596958	2.77671908223123
miR-148a-3p	-0.0840033902620743	-0.756941400771121	0.322214141237604	0.250948685978003	-0.0585240160360305	0.176788152627305	0.519697914987025	0	-0.410566710635329	-1.1982367078636	0.506388701161902	-0.777629763184936	0.234448836112741
miR-146a-5p	0.123290021382678	-0.252427480785938	0	-0.596052751879551	-0.16461114467446	-0.642161319551905	0.0361661984551152	0.402389362764875	0.745599266330712	-1.17053228842107	-0.265577977782538	2.05850249870642	0.897499107799483
miR-146a-3p	-0.341261500045364	-0.0533877595227636	0	-0.562439155274512	-0.11210797875952	-1.13402300150634	0.0663788516412485	0.81692794085793	1.13361508396138	0.674824223843047	-0.343898861762515	0.394356413454696	1.4403069605201
miR-145-5p	-1.24590699281129	-1.54301097096142	-0.946310107987603	0.104711479151263	-0.761564340221206	0	0.288278130059251	1.29270999966554	0.393484269210056	-2.57585678309353	0.512679306529561	0.791517576345111	-2.49428243653315
miR-145-3p	-1.83431442899008	-1.81549747172739	-0.005783952250491	0	-0.239234787694381	0.294855983017656	0.0667474494102178	2.0290941831947	0.167223945041976	-0.61907234053786	-0.572379348242713	2.20909931799936	0.812271857321721
miR-144-5p	0.974377378966231	-0.897725147911073	0.164593119449647	0.108106546719064	-0.332476151130018	0	0.336424804242649	-0.980566544512316	-0.0645523779686208	-0.0226721502760778	0.949062902766441	0.0278706099242303	-1.89390307282891
miR-144-3p	1.39802397730865	-1.86557278891276	-1.20238999154091	0.558891469741162	-1.28251529867652	-0.836988731368955	1.26138525029583	0.18498093219115	0	-1.16245677304367	3.20033624250013	0.664681800299969	-1.23245531494271
miR-143-5p	-2.20988850990478	0.178748357745091	-2.20988850990478	0	-2.20988850990478	0.0403171920562397	0.279150461204192	0.918458854269828	-2.20988850990478	1.3793757130686	-2.20988850990478	0.357992937654745	-2.20988850990478
miR-143-3p	-0.759439451090117	-1.19796272052886	-0.380316527535324	-0.402700118873884	-0.677176304787569	-0.393656037773294	0.182270238576686	2.09560859877407	0.208407803736849	0	0.535623821889432	3.78307320629911	1.45933179317028
miR-142-5p	0.886900440319613	-0.455364276971236	-0.71161251348844	-0.804626992654243	-0.888152363096011	-1.08604755646368	-0.0615058031616407	0	1.03365379956914	1.61137245462462	2.58423481480929	2.08692010845397	3.19514587609317
miR-142-3p	3.06100559469188	0.746601563986439	-1.09783030829674	-0.0653410002756933	-1.80617132815422	0	0.645406682737793	-1.57613203843076	0.601629253750119	-2.64708521790203	2.89551834479372	1.61054893538325	-0.273543027109988
miR-140-5p	-0.516601608257975	-2.80784890261864	0.0461051166911215	1.32203774965086	0.434916383723434	0.0178828513646501	0.946900935962886	-2.04439396705156	-4.23794646774526	-4.23794646774526	1.19091224894352	0	-1.15159806131466
miR-140-3p	0.880577347385195	-0.224426831062917	-0.162005380669529	1.7719895203097	0.604442225351356	0.30746118952702	0.423026222605998	-0.135304342950944	-0.140408089525453	0	0.57662255060086	-0.526667783397489	-0.607196091886522
miR-139-5p	-0.449462557546047	0.486294539702919	-0.635048740592308	-0.22709725749644	-0.638099098504053	0.99722440125499	0.220964049350964	1.80261891993547	1.02209413201472	-1.3888456082782	0.0345203368442979	-0.236447959099774	0
miR-1388-3p	1.07574243820562	0.150713875810464	-0.398793941824887	-1.21162549232718	-0.792491153316258	-2.03618350998155	-1.35200588326989	-0.774179983022893	0.632400637465299	0.705004358387248	1.26322469475167	0	2.4859278889913
miR-133b-3p	0.578634241424085	-3.3484827058596	0	1.32337274702825	1.56304042740026	0.331817487736489	0.324466046414866	-0.584777728267744	-2.93923069036734	-1.77994234671161	0.405646534483833	-2.57209675563674	-1.75461323419638
miR-133a-5p	0	-1.89454237205494	0.00169520666416734	0.608734992620542	0.488616498213263	1.70050631266426	1.06041750040916	-1.54839800523073	-0.747656698970347	-1.82519451762181	0.268377704275242	-4.75851379194232	-5.91707392455708
miR-133a-3p_gac-miR-133b-3p	1.15242085960171	-2.19619423348325	-0.889583059238576	1.13093879261436	1.02776969863824	0	0.696960662312176	-1.02914066429079	0.0778104531974657	-4.97098927144821	2.01230149845488	-1.73539078758387	-5.97333725532913
miR-133a-3p	0	-1.28990965618521	0.663345861215772	1.18741809854683	1.38356510075731	0.952639735328047	0.23465450032918	-0.813610970139035	-1.38263646911462	-2.52939479145631	0.372512003650362	-1.69994670259812	-6.29593553318098
miR-130c-2-5p	-0.115494630463687	-1.49942301674943	0.339973770511247	0.167064926819668	0.678440865429845	0.31203057322097	0.06284712727801	-1.54190389289962	0	-4.45893307666535	-1.88597542028414	-1.1024245592227	0.0944464549137924
miR-130b-5p	-0.561652220428286	-0.0749038152030472	-0.0504817063260727	0	0.468913254229042	0.167523492240075	0.295919243806447	0.5601180287813	0.160136571734471	-0.62312303063459	-1.20752290996536	-0.606645182773565	0.2817426600845
miR-130b-3p	-0.140328996946616	0.170103514089258	1.05205505518951	0	-0.866347206169847	1.34082552004372	2.75131201754129	-1.96388695635211	1.69859701001582	-1.96388695635211	0.609070700029108	-1.96388695635211	-1.96388695635211
miR-1306-5p	-0.287165894517532	0.924822788860314	-0.345422757763123	0.0678507565864441	-0.282312541349084	0.177793779966809	0.472748273726475	0	0.127438903236871	-0.634435164691571	0.63782567486816	-1.25246859821012	-6.88699319088757
miR-129-1a/2-5p	0.764554130132394	-0.567853441867024	-1.04130239853653	1.02424213330207	-0.179566825651055	1.1452760045126	1.23611182700629	-3.81171242654753	1.53355296930578	0	-1.23875477016631	-0.291298457022227	0.741667105031621
miR-128-2-3p	-0.0032526086790341	0.425536793879155	0	0.0253089535708568	-0.407170420234641	0.0753527993646212	-0.0969845475491518	-0.164656041961802	0.460326613347155	0.386123981202266	-0.0643814652546428	0.176279785258053	-0.152826828927871
miR-126b-5p	-1.12024411073365	-1.46965127864995	-0.31380389191875	-0.502564285393365	0	0.426183515938503	1.16626699874841	0.368457942365742	0.11955090642503	-1.73349094904157	-0.195719852635435	0.680690839912055	1.23354790098495
miR-126b-3p	-0.541742508578816	-0.998134607871743	-0.169443009954017	-0.88012074479445	0	0.154399707142314	0.418442285382017	0.392232941431141	0.216322717835425	-0.526706341673204	-0.403279764693391	1.64536506247536	1.27600624101309
miR-125b-2/3-5p	-0.416373613144842	-0.556538434791955	-0.350793839117319	0.161140270480457	0.125351184114901	0.491710914766111	0.631525100034338	0.321196990875176	0.431322944073299	-0.0260384786059227	0	-0.667078465846258	-0.596890015250663
miR-125b-2-3p	-1.06626849942854	0.42085595861843	0	-0.132210756262673	-0.213890782565769	-0.158785404217177	0.00676498502304579	-0.121238497079532	0.673466318650821	0.764257134302796	-1.23676857206958	1.08143962765188	0.505952937462713
miR-125a-5p	-0.305750185078658	0.0547417198306253	-0.2073503255	0	-0.0593995198549564	-0.285943483655258	-0.0602743965628836	0.39799353228995	0.43574149360852	0.482295311613699	-0.440001450050511	0.199113500178969	0.258664464740059
miR-125a-1-3p_gac-miR-125a-2-3p	-2.57727448816637	1.75937811944692	0.818935978492854	0.53285717803735	1.02439004218406	0.70598975977969	0	-0.995796148459758	-3.91282533222549	-3.91282533222549	-0.838076623177264	0.502236672590382	-3.91282533222549
miR-122-5p	-3.1991715489668	0	-0.965379426285654	-2.57528046223903	-2.758029406714	-1.54381706063308	-1.81161720253723	7.04237238942544	3.00784519836851	3.5340648199701	2.55467585152513	2.88124183391148	4.15392268215581
miR-122-3p	-2.56392129749372e-15	-2.56392129749372e-15	0	-2.56392129749372e-15	0	2.53163879866118	0	9.28980593651522	5.2600188911235	-2.56392129749372e-15	4.19581855626031	4.45614037847026	5.06486381949601
miR-10c-5p	-0.622650910907705	-0.796813846990993	-0.464977996777135	-0.16966558169257	0	-0.0247474169002952	0.0466393106833873	0.740363951706508	0.306575368891613	0.551025781080222	-0.651178864966257	1.44771033800803	2.06359647901801
miR-10b-5p	-0.157470555944384	-1.33546966749403	0.4706450221303	0.3743829909121	0.723183164842055	0.333465817843386	0.614157720060218	-0.885724084540936	-0.647567406635945	-0.540717247592472	-0.920437542801206	0	0.342307086129285
miR-10545-5p	2.719614287875	1.8245536496271	0	-2.56392129749372e-15	4.53778961983675	0.751192076938382	2.54442471809503	-2.56392129749372e-15	1.73660001356594	-2.56392129749372e-15	-2.56392129749372e-15	0	-2.56392129749372e-15
miR-103-3p	0.019866942156014	0.187604021737217	-0.805406996417265	-0.64955101099237	-0.725022049755202	0	-0.0842293260713287	0.138082540077837	0.322354105106372	-0.988332354096661	0.285810405525787	0.0152782912130114	-0.428092041469421
miR-101b-5p	0.535076584807987	-0.0416269080199339	-0.609147749369865	0	-0.483835273013945	0.15061085969954	0.228295814613023	0.282103733821833	0.42645777169002	-1.50025957520141	0.405237235391418	-0.875294007745444	-2.32228354443271
miR-101b-3p	0.431334063499976	-0.466470158380897	0	0.545162129616049	-1.47278019947574	0.6508610208256	0.743103955255436	-0.724326270784587	-0.57899362470661	-0.773659143363185	1.2081539016614	-0.211859689976013	0.260502877799988
miR-101a-3p	-0.418954235265643	-1.24544584534531	-0.435083715251546	0.0645063093948544	-0.806371426080892	0.100477883265382	0.678604921701208	-1.00396282582397	-0.262518307863054	0	0.740451500414393	0.113503717365159	0.525241880289542
miR-100-2-5p	-0.471495303961955	-0.821518039451348	0.326752613457964	0.319912467085583	0.332661388749068	0.239997492478885	0	0.225406443523321	-0.342552995953536	0.678940085054167	-0.845084584194156	-0.159477800690061	-0.253149883322511
miR-1-3p	-0.431144797198792	-1.37481105625783	0.892890922796665	0.806206798828109	1.2939192355618	0.800649934947451	0.948183821410039	-1.73833313800311	-2.2332932483705	0.990559868096801	-0.840529014800884	0	-2.88729624137073
let-7j-5p	-0.472771847111536	0.124120258460804	-0.119589772774511	-0.502039410832444	-0.0906816373560506	-0.046037601863075	0.0253493941232765	-0.138131953105866	0.48946593791611	0	0.47312590831547	0.935757014129942	0.723533986086643
let-7j-3p	0	2.33645323818748	-0.419799882688877	-2.34006332434874	0.275712136700064	-1.32230203331574	-0.765988420266156	0.329293953435468	1.32242064201919	-2.34006332434874	2.7120404953385	1.84998514855326	-0.533610497430795
let-7i-5p	-0.657053970758797	-0.454856550947618	0.265770127121064	-0.542169881358001	-0.177752242204761	0.220977637362205	-0.202455647560761	0.987443945636537	0	0.479020742003446	-0.866391625577151	0.592576062244655	0.527400969387212
let-7h-1-5p	-0.770054128598938	-0.383858645294206	0.112179183791977	-0.069711475447308	0.124330065130437	0	0.0316220101535514	-0.604186024268746	-0.124200592143483	0.622269123890201	-0.83148240516053	0.235849737296515	0.91331327480049
let-7h-1-3p	-0.205576697040227	0.791836756228872	-0.120637525902476	0	0.523758814922269	0.242020913243984	0.0772498360259064	0.840571356961865	0.0911412878139704	-2.19179404103271	-0.305284080383771	-0.934097722307922	-0.320358926503805
let-7g-5p	-0.0134468802250378	0.00830863064639153	0.271262827768702	-0.001738847271616	-0.0243575518046857	0.0914400321966173	0	-0.227489956658186	-0.31071257671198	0.915772394332226	-0.156304403961016	0.0662423039079663	0.698799260418872
let-7f-5p	0.0573872747769038	-0.395940836296061	0.151892561006914	-0.225280016860623	-0.160808471544089	0	0.143025370802146	-0.55844530565394	-0.10956482165896	0.681577549212268	-0.765667838980505	0.898602532813143	1.76427580057984
let-7e-5p	0.150135040830627	0	0.0221208596195748	-0.227545070293145	-0.171475849757634	0.0399193622409992	-0.00902974564635706	-0.4741192806977	-0.160008497775145	1.79882645539881	-0.419827894239218	1.30184509421954	1.83050310699447
let-7d-5p	-1.22683218030354	-0.434273120227214	0.401067198885146	-0.0925242377516362	0.0594861280679346	0.265061399206475	0.259265686496999	-0.909327828353923	-0.667469981295865	0	-1.66241020836569	0.179386162212779	0.234197039488524
let-7c-2/d-3p	-0.48621969182048	-1.50209001378168	0.297395593561435	0	-0.0728487392261341	0.177134503247355	0.941211820384288	1.45897303587595	-0.346615005595559	-1.87272638679119	-0.265781517437293	1.09951049114827	0.707096937354292
let-7c-2-5p	-1.12767821254667	-0.474261255733555	0.0195080026951828	-0.295431823088434	0.139717972620975	0.211853438193717	0.164779155147217	-1.24702890527159	-0.572186037039902	0.377312774962206	-1.11949132827881	0	0.529854610669194
let-7b-5p	-1.68725590424236	-0.366994016386998	0.271547196343903	-0.0538121969217258	0.0195527460388298	-0.100269793513744	-0.0523613832357928	0.372409844253985	0	0.844590196884882	-1.2905239369804	0.549207471568627	1.41851573508442
let-7b-1-3p	-0.311085048476984	0.752372365160054	0	0.830272688661127	0.6736745171712	0.198163662090057	0.252945517709787	1.16938288851809	-0.232440716639774	-1.54784402092401	-0.428281453562809	-0.828095746232375	-0.965504978077368
let-7a-5p_gac-let-7c-2-5p	-0.646715617960609	-1.10624451138384	-0.0156903194941886	0	-0.0225494337255583	-0.389822835914782	-0.533968274995321	0.179621113690937	0.933317546329723	1.50687534742727	0.898340623902794	1.27070458486343	1.67464343881509
let-7a-5p	-0.157621611950006	0.0711320833376625	0.311679042495072	-0.0512019357405471	-0.0233829594393029	0.112190398000561	0	-0.631765202637325	-0.248041820739637	0.582076340725518	-0.965939081907688	0.415482279451041	0.81234958720442
let-7a-5-3p	1.36610765967658	0.804024069063117	-1.43511396031053	-0.524345514369864	-0.484318617084734	0	0.124430780767567	0.100253703261726	1.03215346966692	-1.43113266113424	0.600513288346124	-0.638949989019057	-2.46005639638263
let-7a-3/7-3p	-0.979548411806775	-1.44049689504736	0.0203236740492283	-0.210362851078401	0.248068482894755	0.199636673738257	0.222706479385076	0.590019339899518	-0.297653966646171	-1.44459170691406	0	0.484694366625879	-1.42867219694861
REV_miR-181b-2/3-5p	0.413267701741841	-2.99954300977307	1.08367086063764	-0.515808756147063	1.30848732736712	-0.649300868574111	1.820370322776	0.0270109036275379	0	-2.99954300977307	-2.99954300977307	-2.30696173270055	1.20871556814172
REV_miR-190a-5p	0	-1.82355795940549	0.71505947320473	-1.51117196634088	0.792217501643312	1.0141123353403	0.4852951248165	1.09347122436024	-1.82355795940549	-1.82355795940549	-1.82355795940549	-1.82355795940549	0.760352042131039
REV_miR-19a-1-3p	-1.49340493567187	0.585440948962418	-0.00196410547883419	0	0.121732233319819	0.770983865904236	0.423305411753208	-3.51041336757665	1.09394787176774	-3.51041336757665	0.476074134330862	-0.799898202051499	-3.51041336757665
REV_miR-2184-5p	-1.05238346917324	-3.57975672125643	0.410367989695545	0.282638191602469	0	0.173540396256815	1.05967830489203	-0.055504968400454	0.392282541098392	-0.138808178717915	-0.086604763782292	0.144475614615915	-2.6587413537702
REV_miR-29b-1a-5p	0.122485608826632	2.73221656240977	1.50279373202925	0.0800451044608315	-0.115525485050225	2.14067740730359	0	-1.21306523523249	3.75605550099541	-1.21306523523249	-1.21306523523249	-1.21306523523249	-1.21306523523249
