Gene	D15_M_MP	D21_M_MP	D22_M_MP	D24_M_MP	D46_M_MP	D48_M_MP	D50_M_MP	D52_M_MP	D57_M_MP	D60_M_MP	D27_G_F	D28_G_F	D29_G_F	D31_G_F	D35_G_F	D36_G_F	D38_G_F	D41_G_F	D44_G_F
a103_gac-miR-ENSGACG00000022167-5p	43.9828802846831	28.785798661959	78.1242363095319	90.2218652355765	3070.91464018213	2304.36624082299	1950.08888842505	143.540256220798	168.813111999584	267.019441975053	18.225780440373	152.379390254422	137.025944033084	181.609816082616	173.125834550274	142.935913188509	24.6711311291836	40.2827371910349	151.504517830212
a109_gac-miR-ENSGACG00000022167-3p	18.4252606597997	0	11.948412612046	55.9997784220819	177.414365752035	217.583585288864	64.7972573685537	41.1584964073972	0	89.0064806583509	10.7210473178664	13.0610905932362	8.70005993860848	53.9326120487768	23.0834446067032	24.7240498488232	1.12141505132653	3.83645116105094	8.26388279073884
a10_gac-miR-99a-5p	20535.2501869703	11556.8723845448	6313.35740247264	15031.792374594	41114.4075024742	9450.65580997286	14030.149012134	17883.3666890141	12494.9152166196	13190.3262556132	11747.0515461863	21316.7882723776	20751.8179685659	40397.7277556379	26780.0933787196	21564.0072275205	39457.5492884495	8662.70672165302	14186.3321241017
a57_gac-miR-99a-3p	19.01962390689	5.00622585425374	0	22.2962080754586	0	12.853038793435	0	0	0	4.3417795443098	10.7210473178664	11.9726663771332	22.8376573388473	41.8252909766025	14.8393572471664	0.772626557775725	37.0066966937754	0	4.13194139536942
a244_gac-miR-96-5p	0	0	5.51465197479048	3.6296152680979	0	0	74.0540084212043	47.8467520735992	0	8.6835590886196	2.14420946357329	0	0	1.10066555201585	0	0	0	21.739889912622	0
a165_gac-miR-92a-3p	589048.450934831	795692.040388017	993909.401851139	692158.816846333	465506.031508061	552001.293210052	700365.784643539	321313.577347243	861932.300583372	501327.916863275	787598.154902959	533419.29352463	688073.602947144	460973.041836416	603076.424977257	608735.467087223	410433.983832829	817134.045103088	727812.553204556
a44_gac-miR-92a-2-5p	232.396029612312	73.8418313502427	80.8815622969271	100.073678106128	100.595774395484	93.6435683521694	243.761111053131	276.790888339746	380.630106188764	160.645843139463	185.474118599089	396.186414661498	604.654165733289	192.616471602774	375.930383594881	231.015340774942	174.940748006938	498.738650936622	286.481270078946
a181_gac-miR-9-5p	57.6532349677603	63.8293796417352	50.5509764355794	79.8515358981539	40.2383097581935	0	80.225175789638	32.4123159208253	35.2265843467966	75.9811420254215	82.5520643475716	56.5980592373568	34.8002397544339	344.508317780962	118.714857977331	148.344299092939	142.980419044132	55.6285418352386	148.749890233299
a46_gac-miR-9-1/3/5/6-3p	0	21.2764598805784	15.6248472619064	12.4443952049071	12.8030985594252	11.0168903943729	0	8.23169928147944	0	8.6835590886196	0	2.17684843220603	27.1876873081515	29.7179699044281	9.89290483144424	30.1324357532533	33.0817440141325	25.5763410736729	27.5462759691295
a167_gac-miR-8159-5p	87.9657605693663	27.5342421983956	23.8968252240921	205.851037347838	21.9481689590146	70.6917133638926	0	16.9778797680513	82.8053476203921	52.1013545317176	21.4420946357329	281.901871970681	13.0500899079127	162.898501698346	245.673803314199	103.531958741947	45.4173095787243	188.625515418338	88.1480831012143
a125_gac-miR-737-5p	4390.56130625614	1309.12806088735	1476.08851191892	1336.73545159377	3078.2306965018	3417.07217065465	629.459071580236	1230.63904258118	2560.10345460616	1432.78724962223	1315.47250590221	1897.12340866756	2516.4923372425	1253.65806374606	1549.88842359293	1062.36151694162	746.301716657803	2935.52454673081	891.122027601338
a177_gac-miR-730-5p	117.683922923882	101.376073548638	94.6681922339033	124.443952049071	56.6994364774545	83.5447521573276	92.5675105265053	26.2385414597157	319.32669966317	112.886268152055	80.4078548839983	215.507994788397	225.114050911494	82.5499164011891	138.500667640219	161.478950575127	130.64485347954	61.383218576815	247.916483722165
a168_gac-miR-727b-5p	3.56617948254188	2.50311292712687	0	0	3.65802815983577	0	12.3423347368674	0	0	2.1708897721549	0	0	51.1128521393248	28.6173043524122	13.190539775259	0.772626557775725	7.84990535928569	3.19704263420912	0
a124_gac-miR-727b-3p	23.1801666365222	11.2640081720709	7.35286929972065	34.7406032803657	82.3056335963049	15.6072613920282	0	46.3033084583218	0	4.3417795443098	1.07210473178664	46.8022412924297	43.5002996930424	29.7179699044281	18.1369921909811	41.7218341198892	74.574100913214	0.639408526841823	22.0370207753036
a232_gac-miR-725-3p	93.3150297931791	476.843012617669	603.854391239558	1135.55106244777	64.015492797126	158.826836518875	1092.29662421276	6325.03193540676	179.792826601183	3019.70767306746	2317.89043012272	35.9179991313995	116.363301678888	1124.8801941602	377.579201066788	387.085905445638	1101.22958040265	4126.74263223713	148.749890233299
a223_gac-miR-724-5p	97.4755725228113	415.516745903061	417.275332759147	79.8515358981539	42.0673238381114	134.956907331068	92.5675105265053	651.33320564706	111.627098449589	616.532695291991	542.484994284042	107.753997394199	380.627622314121	486.494173991007	138.500667640219	372.406000847899	433.987624863366	936.094083296429	1481.98964713917
a248_gac-miR-722-3p	55.8701452264894	68.8356054959889	11.948412612046	468.22036958463	179.243379831953	30.2964485845254	86.3963431580717	818.539597302111	31.566679479597	71.6393624811117	30.018932490026	239.453327542663	118.538316663541	119.972545169728	57.7086115167581	225.606954870512	67.2849030795916	54.349724781555	254.803052714448
a217_gac-miR-7147-5p	0	58.8231537874815	27.5732598739524	7.25923053619581	0	51.41215517374	0	9.26066169166436	0	19.5380079493941	8.57683785429315	30.4758780508844	0	2.20133110403171	0	9.2715186933087	2.24283010265305	0	2.75462759691295
a156_gac-miR-7133-3p	216.348221940874	504.377254816064	681.059518886625	547.553389015912	241.429858549161	627.962752479253	493.693389474695	362.709249590188	484.479906795554	349.513253316939	1090.33051222702	195.916358898543	787.355424444067	110.066555201585	605.116012190006	567.880519965158	223.161595213979	310.752544045126	637.696288685347
a99_gac-miR-7132b-5p	154.534444243481	339.171801625691	417.275332759147	217.258399619003	481.030703018404	1051.19495846308	1018.24261579156	465.091009403588	271.747936389574	217.08897721549	1466.63927308413	232.922782246045	854.780888968283	638.386020169195	1732.90716297465	744.039375138023	487.815547327039	409.221457178767	672.129133646759
a98_gac-miR-7132a-5p_gac-miR-7132b-5p	35.6617948254188	151.438332091176	196.689253767527	117.184721512875	106.082816635237	466.381693361785	237.589943684697	161.032617193941	112.084586557989	130.253386329294	529.619737502602	95.7813310170653	259.914290665928	171.703826114473	763.402489493114	302.096984090308	173.258625429948	244.254057253576	236.897973334513
a100_gac-miR-7132a-5p	55.2757819793991	103.879186475765	90.0726489215779	77.7774700306694	149.979154553267	177.188320509497	178.963853684577	250.55234688003	129.469134677188	73.8102522532666	238.007250456635	38.0948475636055	216.413990972886	201.421796018901	428.692542695917	149.116925650715	65.6027805026018	92.0748278652225	162.523028217864
a202_gac-miR-7-5p	276.378909896995	342.926471016381	385.106529572869	459.40558964782	117.056901114745	147.809946124503	1774.21061842469	170.293278885606	835.37328593832	334.317024911854	340.929304708153	122.991936419641	224.026543419168	500.802826167214	163.23292971883	154.525311555145	88.0310815291323	163.688582871507	246.539169923709
a105_gac-miR-551a-3p	3852.66256763941	455.56655273709	653.486259012672	914.663047560672	3804.3492862292	2718.4177048115	1801.98087158264	1345.3683513168	17586.7578631111	4919.236223703	3049.06585720122	6085.37979223196	8842.52342010319	693.419297769988	1604.29940016587	3917.9892744807	1247.57424460076	1778.83452167395	5399.07008994937
a224_gac-miR-499a-5p	506.991849768037	1161.44439818687	285.84279402664	1510.4384679956	5271.21857832335	501.268512943965	2527.0930373736	1602.60895386303	756.685331293528	3794.71532172676	1242.56938414072	1822.02213775645	1290.87139339103	3091.76953561253	380.876836010603	11366.8819179965	2091.43907072397	1194.41512814053	3687.06903846798
a182_gac-miR-489-3p	41.0110640492316	51.3138150061009	23.8968252240921	52.370163153984	98.7667603155658	75.2820843615479	64.7972573685537	64.8246318416506	1.37246432519987	60.7849136203372	97.5615305925846	75.1012709111081	145.726003971692	34.1206321124915	120.363675449238	74.1721495464696	156.43739966005	169.443259613083	78.506886512019
a75_gac-miR-460-5p	33.8787050841478	87.6089524494405	32.1688031862778	261.85081576992	67.6735209569618	63.347119767644	15.4279184210842	39.6150527921198	41.1739297559961	67.2975829368019	72.9031217614918	208.977449491779	63.0754345549115	148.58984952214	123.661310393053	132.119141379649	56.0707525663263	29.4127922347239	261.68962170673
a47_gac-miR-458-3p	111.740290452979	217.770824660038	107.535713508414	263.406365170534	87.7926758360585	199.222101298243	163.535935263493	185.72771503838	208.61457743038	260.506772658588	294.828801241327	224.215388517221	65.2504495395636	97.959234129411	125.31012786496	186.975626981725	57.7528751433161	127.242296841523	303.009035660424
a60_gac-miR-456-3p	511.746755744759	565.703521530673	599.258847927233	411.702074695677	177.414365752035	370.901976610553	524.549226316864	379.687129358239	425.00645270356	477.595749874078	548.917622674762	530.062593242168	860.218426429913	551.433441559943	702.396243032541	715.452192500321	499.029697840304	721.252818277576	622.545836902326
a164_gac-miR-455-5p	685.300823895131	260.323744421195	411.760680784356	498.812841130026	210.336619190557	317.653673037751	61.7116736843369	353.448587898523	356.383236443566	497.133757823472	325.91983846314	751.012709111081	444.790564361358	748.452575370781	694.152155673004	660.595706898245	664.438417910967	251.926959575678	680.393016437498
a102_gac-miR-455-3p	753.652597310517	351.687366261325	515.61995964291	611.330914441061	2030.20562870885	723.442469230485	817.679676317464	1046.96925236317	811.126416193123	981.242177014014	470.653977254337	1042.71039902669	716.667437442873	622.976702440973	901.903157133333	851.434466668849	756.955159645406	197.577234794123	793.332747910929
a155_gac-miR-454b-3p	331.654691876394	704.626288986214	632.346759775976	123.406919115329	182.901407991789	602.256674892383	367.184458421805	75.6287371485923	170.643064433184	91.1773704305058	240.151459920208	125.168784851847	117.450809171214	130.979200689887	77.4944211796465	95.8056931641899	240.54352850954	439.273657940332	243.784542326796
a1_gac-miR-451-5p	273692.982383394	215971.086465434	240373.56938583	142429.214218963	343223.637166991	296334.15397624	147123.715647143	165570.341422857	127443.834821301	181238.903518124	258470.513472247	196446.421491785	269934.584700221	302614.785540135	153100.946353959	91157.5717926111	227904.059466039	207635.130921345	70939.9245032991
a134_gac-miR-429a-3p	13.6703546830772	105.130742939329	204.961231729713	220.36949842023	27.4352111987683	42.2314131784293	135.765682105541	1905.1239024574	46.6637870567956	149.791394278688	144.734138791197	25.0337569703693	16.3126123848909	168.401829458426	110.470770617794	33.9955685421319	42.613771950408	182.870838676761	122.580928062626
a17_gac-miR-425-5p	18377.7116000325	42392.7205338207	38765.2460567897	14196.9808629315	29633.6861228296	36019.7231444021	18680.1236242488	101367.717358163	19505.9204778489	16681.1170092382	32557.6764948968	14341.0774713733	28961.4120281353	16743.3243772652	35322.6167006717	19225.2666371334	27534.6644627459	39392.680521671	28670.1640286699
a247_gac-miR-375a-3p	2024.40121958961	6281.56189062488	9302.29877280908	8732.85433504356	848.662533081899	3081.05701362628	185921.844892486	51806.7139091959	3288.42452317889	7491.74060370656	6123.86222796531	2398.88697229105	2720.9437457998	5356.93924166116	7213.57643959476	2353.42049498486	3901.40296356499	17606.1137865896	4510.70268994495
a116_gac-miR-365-2b-5p	149.779538266759	76.3449442773696	63.4184977100906	39.4072514822058	221.310703670064	116.595423340446	74.0540084212043	178.524978167085	86.0077643791918	60.7849136203372	67.5425981025586	483.260351949739	114.188286694236	156.294508386251	288.54305758379	211.699676830549	60.5564127716324	120.208803046263	57.8471795351719
a136_gac-miR-365-2b-3p	3172.116649721	570.709747384927	363.967030336172	1795.10400830785	5878.45125285608	1366.09440890224	1206.46322052879	1066.00505695159	2176.27093165859	1699.80669159729	2016.62900049068	1504.20226665437	2854.70716735591	4809.90846230928	2087.40291943473	4855.95791562043	10041.7110771034	1721.92716278503	1285.03377395989
a205_gac-miR-34a-5p	0	6.25778231781718	0	8.8147799368092	0	19.2795581901525	0	39.6150527921198	28.3642627207973	6.5126693164647	16.0815709767997	33.7411506991935	13.0500899079127	17.6106488322537	9.89290483144424	12.3620249244116	40.9316493734182	24.2975240199893	11.0185103876518
a174_gac-miR-338-3p	365.533396960542	163.95389672681	58.8229543977652	217.776916085874	501.149857897501	306.636782643378	160.450351579276	110.098977889787	277.237793690374	362.538591949868	135.085196205117	260.133387648621	129.413391586801	380.830280997485	100.57786578635	260.375149970419	355.488571270509	95.2718704994316	169.409597210146
a4_gac-miR-338-1a-5p	17.2365341656191	1.25155646356344	5.51465197479048	10.3703293374226	54.8704223975366	13.7711129929661	0	30.8688723055479	32.0241675879969	19.5380079493941	11.7931520496531	26.1221811864724	27.1876873081515	31.9193010084598	19.7858096628885	15.4525311555145	27.4746687574999	15.3458046442038	41.3194139536942
a43_gac-miR-31a-5p	379.20375164362	310.386002963732	1255.5024329273	1169.77314926127	342.025632944645	529.728813129429	524.549226316864	1440.5473742589	604.799279304742	939.995271343071	1544.90291850455	901.215250933297	1629.08622350444	1001.60565233443	769.997759380743	1257.83603605888	1056.37297834959	1072.28809951374	836.029475663079
a214_gac-miR-30e-5p	2986.67531662882	3969.93710242322	3308.79118487429	4561.90787553219	5141.35857864918	5285.35316670038	3502.13748158612	5021.33656170246	2817.21177152693	6234.79542562887	3087.66162754554	1705.56074663342	1320.23409568384	1120.47753195214	1830.18739381718	1832.67019504402	1506.62112145719	1350.43080868993	2118.30862202606
a95_gac-miR-30e-3p	5566.80617224787	4780.94569081232	5205.83146420222	5793.903000818	6580.79265954455	6766.206850544	10355.2188442317	10090.5198754785	8689.98661905717	9130.76238168351	5225.4384627281	6458.70929835529	6451.09444447819	3439.57985004954	5190.47740156441	8357.50147546002	4236.14535638595	5565.41181763123	7779.06833368216
a212_gac-miR-30c-2-5p	12019.8079459074	28619.3416523051	22031.9537479505	21821.7655082715	14065.1182745685	21937.382997795	35934.7075863894	23169.1465901341	26221.3884210519	19518.4699414447	28748.4883828589	13612.9216708004	18219.0130189385	17192.3959224876	14324.9261959313	26248.4420473147	13787.7980560596	25543.731238804	23718.7209232189
a211_gac-miR-30c-1-5p_gac-miR-30c-2-5p	460.631516494992	351.687366261325	209.556775042038	312.14691305642	274.352111987683	391.099609000237	530.720393685297	323.094196798068	477.160097061155	329.975245367545	498.52870028079	528.974169026065	296.889545405014	499.702160615198	229.185628595125	403.311063158928	280.914470357295	329.295391323539	388.402491164725
a213_gac-miR-30c-1-5p	7430.72931512309	3732.14137434616	3068.9038239709	6426.49309040078	8199.47012027188	8083.64332687109	6316.18980159188	16681.5385939181	16310.3660406752	10320.4099768244	3976.43645019666	6661.15620255045	6259.6931258288	3767.57818455027	2882.13294089409	6602.86656275135	2605.04716423152	2579.37399727991	9521.3702887296
a210_gac-miR-30bb-5p	933.744661178881	1043.79809061191	544.112328179328	978.959089452692	780.989012124937	684.88335285018	1299.03073105529	1582.54418686442	959.810051423109	1118.00823265977	924.154278800087	1005.70397567919	705.792362519613	614.171378024846	489.69878915649	1193.7080317635	886.478598073619	826.755225206477	513.738046824265
a89_gac-miR-30bb-3p	74.8897691333794	95.1182912308211	60.6611717226953	86.0737335006074	219.481689590146	117.513497539977	70.9684247369874	72.0273687129451	49.8662038155952	78.1520317975764	69.6868075661319	50.0675139407387	54.375374616303	89.1539097132842	47.8157066853138	70.309016757591	71.2098557592344	31.9704263420912	35.8101587598683
a208_gac-miR-30a-5p	23757.887712694	31148.7372651668	34076.8727695553	32061.9472125094	46895.9210090946	33816.3450655275	35225.0233390195	50105.3245639551	31183.7619328662	31914.2505404492	36840.7348983845	28467.7353721744	29638.9291958544	29732.2785566043	25543.480274789	54497.9868792685	34879.9330489346	28967.1244915151	34815.7381973827
a110_gac-miR-301c-5p	0	5.00622585425374	11.948412612046	1.03703293374226	74.9895772766333	0	0	0	0	0	15.009466245013	0	0	4.40266220806342	0	2.31787967332717	4.48566020530611	48.5950480399786	1.37731379845647
a111_gac-miR-301b-5p	5.34926922381281	11.2640081720709	34.9261291736731	0	0	11.9349645939039	0	34.9847219462876	0	0	2.14420946357329	0	14.1375974002388	6.60399331209512	54.4109765729433	4.63575934665435	28.0353762831632	13.4275790636783	28.9235897675859
a143_gac-miR-29b-2b-3p	0	0	0	0	0	0	0	29.3254286902705	0	4.3417795443098	0	2.17684843220603	0	0	4.94645241572212	0.772626557775725	0	0	1.37731379845647
a145_gac-miR-29b-1a/2a-3p	27.9350726132447	88.8605089130039	17.4630645868365	100.592194572999	109.740844795073	75.2820843615479	206.734106842529	94.6645417370135	119.861884400789	28.2215670380137	87.9125880065048	28.2990296186784	38.0627622314121	80.3485852971573	51.1133416291286	72.6268964309182	49.9029697840304	10.869944956311	45.4513553490636
a107_gac-miR-29b-1a-5p	23.7745298836125	11.2640081720709	27.5732598739524	10.8888458042937	0	28.4603001854632	27.7702531579516	43.7309024328595	0	15.1962284050843	57.8936555164788	53.3327865890477	56.5503896009551	18.7113143842695	31.3275319662401	23.9514232910475	11.7748580389285	14.0669875905201	30.3009035660424
a144_gac-miR-29a-3p_gac-miR-29b-1a/2a-3p	7.72672221217406	1.25155646356344	4.5955433123254	0	0	0.918074199531072	18.5135021053011	6.68825566620204	0	8.6835590886196	1.07210473178664	7.61896951272111	0	7.70465886411098	6.59526988762949	0	2.80353762831632	0	0
a146_gac-miR-29a-3p	901.054682588914	382.976277850411	379.591877598078	300.739550785255	629.180843491753	547.172222920519	330.157454211202	575.189987293376	924.583467076312	316.949906734615	417.048740665005	323.261992182596	303.414590358971	291.676371284201	217.643906291773	203.973411252791	400.905880849233	97.8295046067989	104.675848682692
a33_gac-miR-29a-3b-5p	65.3799571799344	68.8356054959889	52.3891937605096	75.7034041631849	53.0414083176187	52.3302293732711	154.279184210842	63.7956694314656	203.582208237981	32.5633465823235	51.4610271257589	57.6864834534598	73.9505094781721	51.7312809447451	23.0834446067032	57.9469918331794	35.8852816424489	73.5319805868097	33.0555311629554
a228_gac-miR-27e-3p	2372.10371913744	1683.34344349282	1139.6947414567	1944.95526723361	3743.99182159191	1390.88241228957	1783.46736947734	5115.48662223438	1540.36246098265	2863.40360947231	876.981670601475	1432.36626839157	1746.53703267565	2305.89433147321	1413.03657342462	1687.41640218218	2748.02758327565	1238.53431649261	2148.6095255921
a59_gac-miR-27c-1-5p	292.426717568434	697.116950204834	808.815622969271	366.072625611017	561.507322534791	769.346179207039	703.513080001441	638.471175519749	385.662475381163	499.304647595627	501.745014476149	325.438840614802	317.552187759209	417.152244214009	669.419893594394	614.238113431701	709.295019964028	413.057908339818	522.001929615003
a231_gac-miR-27c-1-3p	4304.97299867513	15446.7098732999	10693.8292877812	5111.01681394872	6888.06702497076	7608.99896571353	5418.28494948478	5192.14432179315	2429.71934371217	9790.71287241859	7113.41489540438	3609.2147005976	4215.17904025581	5157.71877674629	7652.16188712212	4020.74860666487	6960.62322358375	3023.12351490814	5810.88691568786
a36_gac-miR-27b-5p	198.517324528164	279.097091374646	286.761902689105	305.924715453966	290.813238706944	258.896924267762	268.445780526866	591.138904651242	395.727213765962	340.829694228319	221.925679479835	273.194478241857	256.65176818895	366.521628821279	359.442208875807	312.141129341393	358.852816424489	285.815611498295	421.458022327681
a230_gac-miR-27b-3p	6324.02494904093	6896.07611423453	6941.10861893629	8424.33703725523	6405.20730787244	4588.5348492563	8445.2425437015	12996.3097218408	5209.4170903503	10971.6769084709	4525.35407287143	5568.37828958303	5675.70160244971	5950.19797419771	7612.59026779634	5270.858377146	6033.21297613671	4097.3298400024	5601.53521832248
a42_gac-miR-27a-5p	121.250102406424	73.8418313502427	100.182844208694	110.962523910422	10.9740844795073	112.923126542322	61.7116736843369	209.908331677726	126.724206026788	193.209189721786	79.3357501522117	116.461391123023	106.575734247954	68.2412642249829	380.876836010603	144.481166304061	96.4416944140813	168.164442559399	95.0346520934966
a227_gac-miR-27a-3p_gac-miR-27b-3p_gac-miR-27e-3p	99.8530255111725	56.3200408603546	83.6388882843223	72.5923053619581	21.9481689590146	96.3977909507626	9.25675105265053	118.330677171267	107.96719358239	123.740717012829	41.8120845396791	28.2990296186784	53.2878671239769	44.0266220806342	87.3873260110908	105.077211857499	71.7705632848977	15.9852131710456	97.7892796904096
a229_gac-miR-27a-3p	342.94759357111	372.963826141904	432.900180021053	553.775586618366	892.558870999928	580.222894103638	521.463642632647	922.979281935882	488.139811662754	1487.05949392611	253.016716701648	239.453327542663	77.2130319551502	144.187187314077	357.7933914039	167.659963037332	166.530135121989	157.93390612993	230.011404342231
a74_gac-miR-26b-3p	523.039657439475	431.786979929385	347.4230744118	211.03620201655	380.43492862292	608.683194289101	465.923136316744	188.814602268935	387.949915923163	297.411898785221	246.584088310928	285.16714461899	404.552787145294	204.723792674949	229.185628595125	134.437021052976	174.380040481275	520.478540849244	95.0346520934966
a73_gac-miR-26a-1b-3p	128.382461371508	306.631333573042	261.026860140083	198.591806811642	104.253802555319	145.055723525909	206.734106842529	102.896241018493	99.2749195227905	221.4307567598	274.458811337381	153.467814470525	229.464080880799	119.972545169728	161.584112246923	246.467871930456	222.040180162652	198.856051847807	152.881831628669
a226_gac-miR-26-5p	204908.512524127	211619.424641623	216129.321087326	120496.486186781	217674.623679187	195395.568034597	149835.94370557	149654.350862116	115942.583776126	133309.999128488	166503.225370125	133918.627125099	164252.781610959	105936.858050422	89903.4214732214	147692.202278176	149488.551294506	136617.304662078	97652.9256243624
a197_gac-miR-24-6-5p	35.6617948254188	62.5778231781718	60.6611717226953	121.332853247844	95.1087321557301	55.0844519718643	46.2837552632527	186.756677448565	112.542074666389	338.658804456164	35.3794561489593	106.665573178095	46.7628221700206	64.9392675689354	112.119588089701	61.810124622058	49.3422622583672	28.773383707882	44.0740415506071
a206_gac-miR-24-3p	2604.49974874975	3848.53612545756	3509.15687329168	2352.50921019431	4396.9498481226	3032.39908105113	2428.35435947866	5437.03737541717	1551.34217558425	3538.55032861249	2659.89183956266	1722.97553409107	1809.61246723056	2708.73792351102	2949.73445724229	1505.07653454711	3490.96505477948	1957.86890918966	2494.31528900467
a198_gac-miR-24-3-5p	0	20.024903417015	7.35286929972065	19.1851092742318	0	11.9349645939039	18.5135021053011	33.4412783310102	0	6.5126693164647	13.9373615132264	0	0	18.7113143842695	18.1369921909811	4.63575934665435	14.0176881415816	23.0187069663056	0
a199_gac-miR-24-2-5p	457.06533701245	495.61635957112	490.804025756353	303.850649586482	545.04619581553	347.950121622276	435.067299474575	387.918828639718	253.905900161976	421.15261579805	361.299294612099	284.078720402887	386.065159775751	648.292010137338	664.473441178671	438.079258258836	634.720919050814	338.886519226166	594.999560933196
a119_gac-miR-23b-2-5p	111.145927205888	72.5902748866793	68.014041022416	82.4441182325095	137.176055993841	150.564168723096	283.87369894795	258.78404616151	167.440647674384	251.823213569968	70.7589122979185	280.813447754578	269.701858096863	159.596505042299	281.947787696161	131.346514821873	111.580797606989	163.049174344665	123.958241861083
a50_gac-miR-23b-2-3p	4772.14251088812	2978.70438328098	3512.83330794154	4476.87117496533	5309.62787400162	3362.90579288232	3668.75900053383	8192.59870989241	5166.87069626911	3968.38650349916	2162.43524401366	4990.42503083233	2979.7705289734	4544.64806427346	4883.79735178964	3061.14642190742	3169.11893504876	2198.92592380903	3549.33765862233
a49_gac-miR-23a-3p_gac-miR-23b-2-3p	38.6336110608703	62.5778231781718	52.3891937605096	53.4071960877263	43.8963379180293	65.1832681667061	27.7702531579516	0	57.6435016583945	47.7595749874078	36.4515608807459	33.7411506991935	35.88774724676	15.409317728222	87.3873260110908	52.5386059287493	48.2208472070406	27.4945666541984	24.7916483722165
a51_gac-miR-23a-3p	71151.2243091813	87053.2613796183	90813.4505035248	44666.5640056797	65544.5485679374	69856.2658423193	42439.1179927185	66454.5082993835	55186.7905162867	64623.046737507	47315.19812794	65997.6907676224	42401.9171257931	64359.216823023	84097.9351546356	45285.9604309086	62401.7012385902	44112.1548582905	62622.3264744205
a114_gac-miR-23a-3-5p	389.902290091245	108.885412330019	137.866299369762	207.406586748452	117.056901114745	444.347912573039	104.909845263373	506.249505810985	177.962874167583	282.215670380137	154.383081377277	424.485444280176	199.013871095669	212.42845153906	300.084779887142	261.147776528195	190.64055872551	232.105295243582	327.800684032641
a112_gac-miR-23a-2-5p	107.579747723347	246.556623321997	367.643464986032	110.444007443551	380.43492862292	479.23473215522	111.081012631806	295.826692928167	241.096233126777	223.601646531955	183.329909135516	137.14145122898	196.838856111017	333.501662260804	295.13832747142	132.119141379649	269.70031984403	79.9260658552279	104.675848682692
a118_gac-miR-23a-1-5p	95.09811953445	16.2702340263247	17.4630645868365	43.0368667503037	82.3056335963049	16.5253355915593	43.1981715790358	64.8246318416506	37.0565367803965	47.7595749874078	39.6678750761058	65.3054529661809	59.8129120779333	244.34775254752	92.3337784268129	67.9911370842638	69.5277331822446	20.4610728589383	38.5647863567812
a79_gac-miR-22b-5p	4036.32081099031	1548.17534542797	2059.72251258425	1318.58737525328	2156.40760022319	1412.91619307832	1561.30534421372	1451.35147956584	2153.85401434699	1395.8821234956	1606.01288821639	3801.86578684783	4467.48077847545	2192.52577961558	2565.55998628787	1817.99029044628	2478.88797095729	4349.89620810492	1637.62610636475
a14_gac-miR-22b-3p	153.940080996391	165.205453190373	124.079669432786	102.666260440484	82.3056335963049	126.694239535288	120.337763684457	99.2948725828457	5.94734540919943	65.126693164647	78.263645420425	117.549815339126	106.575734247954	123.274541825776	92.3337784268129	78.807908893124	132.32697605653	147.703369700461	71.6203175197366
a45_gac-miR-22a-5p	3504.36570484448	916.139331328435	927.380640427266	2738.28546154643	1633.30957336667	1218.28446277773	971.958860528306	1946.79688006989	1592.97359344865	2064.51617331931	1212.55045165069	3917.23875375475	3484.3740054127	2325.7063114095	2260.52875398501	2635.429188573	3286.86751543805	2826.8250971677	1403.48276062715
a13_gac-miR-22a-3p	67798.4212323449	49233.7281636584	57721.862220132	141152.108161059	92906.5992035089	44980.1273318254	45080.3776264081	132255.110987094	70620.1518531593	114312.542732361	37663.0392276648	74873.7902499425	79926.3631485038	115454.313078703	109461.694324987	120178.197929225	133331.203234993	82604.5481741683	146094.429229875
a219_gac-miR-223-5p	544.436734334726	2859.80651924245	1943.91482111365	535.627510277876	563.336336614709	2290.59512783002	509.121307895779	421.874588175821	578.722457125945	761.98231002637	1235.06465101821	380.948475636055	486.115849069749	871.727117196556	1320.70279499781	651.324188204936	983.481000013364	1688.67791938925	1057.77699721457
a173_gac-miR-223-3p	23583.1449180494	60014.6355407939	58842.2556796769	17417.4866386681	19632.6371338386	55022.9410004957	19704.5374074088	20658.4783092828	12963.8405277296	17328.0421613404	76565.431525275	18395.4576763571	36770.8033305287	35515.1753668956	64317.0719441628	27986.0791757523	59109.2266478956	68103.4021939226	30353.2414903838
a201_gac-miR-222c-5p	43.9828802846831	71.3387184231158	68.9331496848811	93.3329640368032	7.31605631967154	21.1157065892147	27.7702531579516	29.839909895363	38.8864892139963	110.7153783799	57.8936555164788	50.0675139407387	50.0253446469988	23.1139765923329	29.6787144943327	96.5783197219656	68.9670256565814	73.5319805868097	64.7337485274542
a200_gac-miR-222a-5p	58.841961461941	143.928993309795	132.351647394972	185.110378672993	84.1346476762227	650.91460746753	367.184458421805	116.272752350897	107.05221736559	212.74719767118	150.09466245013	74.012846695005	34.8002397544339	37.422628768539	75.8456037077392	123.620249244116	64.4813654512753	39.0039201373512	148.749890233299
a39_gac-miR-222-3p	4179.56235353908	3341.65575771437	3591.87665291354	6410.93759639464	5968.07294277206	7312.46099926499	6859.25253001405	8737.94878729042	5535.60611163947	6249.99165403395	4302.3562886598	6527.28002396978	6903.49756128583	5177.53075668258	5582.89595987837	7604.96320818646	4762.64972298376	5116.54703178827	6827.34449894874
a25_gac-miR-221a-5p	5.94363247090313	47.5591456154105	15.6248472619064	9.85181287055145	0	0	0	42.7019400226746	0	26.0506772658588	7.50473312250651	43.5369686441206	2.17501498465212	22.0133110403171	0	3.0905062311029	0.560707525663263	0	0
a40_gac-miR-221-3p	2744.76947506306	2652.04814629092	2643.35651324957	4712.79616739169	2128.97238902442	3505.20729380963	3576.19149000732	3475.3205403996	2409.13237883417	3399.61338319457	3858.50492970013	6047.28494466835	6079.16688210267	3880.9467364079	3103.07448212968	6024.9418975351	3456.76189571402	4254.62433760549	4225.59873366446
a77_gac-miR-21a-3p	0	27.5342421983956	10.1101952871159	23.8517574760719	0	34.8868195821807	58.6260900001201	74.5997747384074	0	80.3229215697313	11.7931520496531	5.44212108051508	0	5.50332776007927	16.4881747190737	10.8167718088601	0	20.4610728589383	5.50925519382589
a237_gac-miR-218a-2-5p_gac-miR-218b-5p	3.56617948254188	13.7671210991978	5.51465197479048	22.8147245423297	0	26.6241517864011	21.5990857895179	30.3543911004554	45.2913227315957	23.8797874937039	20.3699899039462	0	0	1.10066555201585	6.59526988762949	3.0905062311029	6.72849030795916	0	12.3958241861083
a239_gac-miR-218a-2-5p	487.972225861147	523.150601769516	238.968252240921	792.811677845957	241.429858549161	411.29724138992	697.341912633007	1115.39525264046	374.225272671164	583.969348709668	324.847733731353	265.575508729136	276.226903050819	875.029113852604	181.369921909811	314.45900901472	227.086547893622	92.7142363920643	374.629353180161
a15_gac-miR-2188-5p	30160.9629735979	25069.9275216392	42639.28906908	14044.0185052045	16009.3602415213	19569.6696372043	20432.7351568839	10932.2111270098	7991.40227753044	17762.2201157714	38259.1294585382	33249.1829535149	41580.8489690869	35187.1770323948	17281.2559230612	16575.1575439626	38729.7509201386	29732.4964981448	11361.4615234674
a108_gac-miR-2188-3p	81043.8061937525	68380.0389432519	103804.132338806	53364.6777374429	80480.2775445468	44625.7506908064	44531.1437306175	66299.6494566506	39964.3311973866	74817.5451075465	63854.5578252125	83230.7113811815	85631.4274532463	87010.9138835093	46501.5991602036	51501.7410882143	100054.33300193	98727.2341784848	37580.0069908849
a5_gac-miR-2184-5p	176.525884385823	122.652533429217	82.7197796218573	262.887848703662	475.54366077865	151.482242922627	145.022433158192	114.72930873562	86.4652524875918	264.848552202898	72.9031217614918	54.4212108051508	89.1756143707369	161.797836146331	146.744754999756	122.84762268634	164.848012544999	73.5319805868097	104.675848682692
a142_gac-miR-217a-5p	48.1434230143153	12.5155646356344	0	55.4812619552108	20.1191548790967	14.6891871924972	21.5990857895179	19.0358045884212	0	17.3671181772392	11.7931520496531	39.1832717797085	27.1876873081515	96.8585685773951	54.4109765729433	45.5849669087678	21.8675935008673	25.5763410736729	49.583296744433
a135_gac-miR-216b-5p	14.2647179301675	0	0.919108662465081	1.55554940061339	56.6994364774545	0	12.3423347368674	4.63033084583218	0	0	7.50473312250651	7.61896951272111	16.3126123848909	2.20133110403171	0	2.31787967332717	2.80353762831632	0	9.64119658919531
a58_gac-miR-214a-3p	8708.61029636726	1382.9698922376	1202.19413050433	3737.98520967397	9154.21546998902	3235.2934791475	5523.19479474815	4314.43938590541	4537.82454721917	3473.42363544784	3149.84370198916	9634.73116094389	8375.98270589531	8512.54737929061	11721.4434077895	4347.56964060401	8385.94175381977	4507.19070570801	5407.33397274011
a27_gac-miR-212b-5p	2.37745298836125	0	0.919108662465081	2.07406586748452	0	0	228.333192632047	10.8041053069418	0	0	0	0	0	17.6106488322537	0	0	11.2141505132653	0	2.75462759691295
a26_gac-miR-212a-5p	17.2365341656191	21.2764598805784	22.977716561627	67.9256571601179	129.85999967417	87.2170489554519	12.3423347368674	11.8330677171267	38.4290011055963	23.8797874937039	41.8120845396791	79.4549677755201	47.8503296623466	117.771214065696	28.0298970224253	80.3531620086754	81.8632987468364	0	77.1295727135625
a38_gac-miR-210-5p	2000.0323264589	2754.67577630312	2439.31439018232	1935.10345436305	4331.10534124555	1779.22779869122	1780.38178579312	2974.73032784463	2371.16086583697	2203.45311873722	2183.87733864939	2583.91908902856	2421.87918541014	2337.81363248167	1963.74160904168	2785.31874078149	2460.3846226104	2052.50137116225	3120.99306730237
a94_gac-miR-210-3p	283.511268862079	942.422017063267	526.649263592491	560.516300687691	27.4352111987683	672.948388256276	1005.90028105469	140.453368990243	180.250314709583	484.108419190543	732.247531810278	272.106054025754	412.165339591577	223.435107059218	235.780898482754	417.218341198891	315.678336948417	247.451099887786	291.990525272772
a52_gac-miR-21-5p	120259.298873524	227042.354942116	195647.903652954	147759.044981931	155524.725243578	254375.408835072	169049.873307188	208130.284632926	158606.094813073	216789.394426933	168430.869677877	128269.705443524	145497.627398304	173446.179683314	244409.160313246	175732.365312973	184952.180877656	234168.027151173	181294.437977027
a126_gac-miR-20a-5p	300.747803027698	423.026084684441	329.040901162499	389.405866620218	164.61126719261	1004.37317428699	450.495217895659	65.8535942518355	220.051780140379	390.760158987882	428.841892714658	214.419570572294	135.938436540757	101.261230785459	105.524318202072	217.108062734979	147.466079249438	137.472833270992	144.61794883793
a203_gac-miR-206-1-3p	16786.6011875717	339.171801625691	1011.01952871159	8553.44763750615	85010.7454205034	5518.54401338127	29692.5717932187	765.033551972495	1409.97835008867	5581.35760421025	2751.02074176453	35919.0875556156	15846.071670683	100661.36805961	4181.4011087571	92818.7188918289	51735.361977898	19734.0653639192	28087.5602919229
a240_gac-miR-205-1a-3p	6.53799571799344	46.3075891518471	27.5732598739524	153.480874193854	0	55.0844519718643	117.25218000024	747.541190999351	39.3439773223963	132.424276101449	67.5425981025586	8.70739372882412	55.4628821086291	96.8585685773951	47.8157066853138	30.905062311029	82.984713798163	184.149655730445	67.4883761243672
a178_gac-miR-205-1-5p	3031.84692340769	3767.18495532594	5648.84183951039	27759.2975704128	2011.91548790967	3190.30784337048	9719.58860528306	101968.116924506	11438.1176862157	22631.5258747148	21495.6998723222	2891.94314218571	5010.14701714616	9247.79196803721	5866.49256504643	8689.73089530358	16792.0689785634	35248.6738592092	7372.7607631375
a101_gac-miR-204-2b-3p	5.34926922381281	0	0.919108662465081	0	0	0	0	0	54.4410848995948	0	0	17.4147874576482	32.6252247697818	11.0066555201585	21.4346271347959	7.72626557775725	14.5783956672448	21.739889912622	34.4328449614118
a233_gac-miR-204-1/2b-5p	7638.16208835761	1066.32610695605	1226.09095572842	10054.5528090981	16537.9453106175	4932.81267408045	2826.39465474263	2769.45232701274	9737.63438729307	1793.15495179995	3492.91721616089	1269.10263597612	3758.42589347886	5875.35271666063	4479.83707117233	9252.20302936431	7382.27528288253	6653.04572178917	13558.2770320055
a234_gac-miR-202-5p	192.573692057261	61.3262667146083	10.1101952871159	7.25923053619581	0	76.200158561079	0	11.8330677171267	69.5381924767934	49.9304647595627	18.225780440373	0	2.17501498465212	52.831946496761	6.59526988762949	16.9977842710659	17.3819332955612	0	59.2244933336283
a67_gac-miR-200b-5p	2.97181623545156	18.7733469534515	23.8968252240921	12.9629116717782	0	11.9349645939039	33.9414205263853	424.961475406376	46.6637870567956	19.5380079493941	21.4420946357329	0	0	24.2146421443488	1.64881747190737	9.2715186933087	1.12141505132653	28.1339751810402	13.7731379845647
a133_gac-miR-200b-3p	1173.86741300337	4271.562210142	8432.82197811712	12173.7296092004	806.595209243788	2069.33924574304	11644.9928242344	74629.1001670977	5865.45503779584	10218.3781575331	7159.51539887121	1371.4145122898	1095.12004477234	5861.04406448442	3342.15301555625	1733.77399564873	2677.93914256775	20347.8975496873	3328.9674508693
a128_gac-miR-200a-3p	83.2108545926438	718.393410085412	1256.42154158977	1851.6223031968	47.554366077865	122.103868537633	894.819268422885	13870.9277704979	655.580459337138	2244.70002440817	1238.28096521357	88.1623615043442	91.350629355389	996.102324574348	347.900486572456	213.2449299461	340.349468077601	1306.31162033784	493.078339847417
a221_gac-miR-19c-3p	21.9914401423416	0	1.83821732493016	1.03703293374226	0	0	0	0	0	0	2.14420946357329	0	0	5.50332776007927	0	1.54525311555145	5.04636773096937	4.47585968789276	0
a220_gac-miR-19b-3p	865.392887763495	563.200408603546	444.848592633099	489.479544726346	74.9895772766333	396.608054197423	336.328621579636	123.475489222192	220.051780140379	544.89333281088	681.858609416306	462.580291843781	460.015669253923	44.0266220806342	112.119588089701	319.86739491915	222.600887688316	522.396766429769	157.013773024038
a157_gac-miR-19b-2-5p	74.8897691333794	110.136968793582	83.6388882843223	121.851369714715	224.9687318299	42.2314131784293	145.022433158192	43.216421227767	111.627098449589	97.6900397469705	58.9657602482654	112.107694258611	150.076033940996	60.536605360872	85.7385085391834	51.7659793709736	56.0707525663263	196.937826267282	34.4328449614118
a222_gac-miR-19a-1-3p	185.441333092178	173.966348435318	105.697496183484	162.295654130663	51.2123942377008	75.2820843615479	74.0540084212043	77.1721807638697	49.4087157071953	149.791394278688	105.066263715091	40.2716959958116	17.400119877217	3.30199665604756	19.7858096628885	38.6313278887863	20.7461784495407	250.008733995153	35.8101587598683
a72_gac-miR-199-5p	6650.9247349406	3994.96823169449	4124.95967714328	10955.7344285201	14315.6932035173	4177.23760786638	9333.89064475596	5904.18630964113	4850.28892525634	11625.1147298895	7989.32446127407	9843.70861043567	10916.400207969	9029.86018873807	12991.0328611582	7751.76225416385	12603.5837618588	2980.28314360974	7281.85805243937
a20_gac-miR-199-3p	40027.9872385442	14032.4510694732	18050.3750221517	31917.7996347192	37289.9390613659	20025.9525143713	17152.7597005614	15142.7253094865	28512.0313798105	27177.3690576072	15893.952648737	48819.0913648685	32320.7226719305	44731.0480339243	52389.5263523849	27783.6510176151	49176.8535382965	20849.8332432582	40092.2273592695
a153_gac-miR-196d-5p	77.2672221217406	5.00622585425374	18.3821732493016	15.0369775392627	181.072393911871	12.853038793435	43.1981715790358	11.8330677171267	0	32.5633465823235	8.57683785429315	85.9855130721382	47.8503296623466	132.079866241902	57.7086115167581	67.9911370842638	171.015795327295	17.903438751571	108.807790078061
a69_gac-miR-196d-3p	244.877657801209	28.785798661959	36.7643464986032	62.7404924914066	316.419435825794	62.4290455681129	163.535935263493	36.528165561565	75.9430259943928	30.3924568101686	63.254179175412	205.71217684347	146.813511464018	355.514973301121	224.239176179403	180.79461451952	444.641067850968	145.785144119936	187.31467659008
a154_gac-miR-196a-5p	643.101033351718	128.910315747034	150.733820644273	308.517297788322	726.118589727401	233.190846680892	169.707102631926	76.6576995587772	356.383236443566	206.234528354715	107.210473178664	762.985375488214	481.765819100445	1316.39600021096	479.805884325046	474.392706474295	504.636773096937	349.117055655635	159.768400620951
a216_gac-miR-194b-5p	2.37745298836125	0	4.5955433123254	5.18516466871129	0	0	0	0	0	0	11.7931520496531	2.17684843220603	2.17501498465212	3.30199665604756	28.0298970224253	0	3.36424515397958	9.59112790262735	2.75462759691295
a215_gac-miR-194a-5p	151.56262800803	270.336196129702	58.8229543977652	2967.46973990347	951.087321557301	298.374114847598	558.490646843249	370.940948871667	1397.16868305347	395.101938532192	296.9730107049	1889.50443915483	846.080829029675	1083.0549031836	727.128505111152	823.619910588923	126.159193274234	237.859971985158	1727.15150326442
a71_gac-miR-194a-3p	0	1.25155646356344	0	12.9629116717782	0	0	0	0	0	4.3417795443098	1.07210473178664	14.1495148093392	0	33.0199665604756	8.24408735953687	6.1810124622058	0	9.59112790262735	1.37731379845647
a207_gac-miR-193a-2-5p	756.624413545968	152.689888554739	88.2344315966478	316.81356125826	545.04619581553	289.193372852288	219.076441579396	118.330677171267	240.638745018377	312.608127190305	435.274521105378	1034.00300529786	1671.49901570515	1856.82278625075	1018.96919763876	876.158516517672	2408.23882272372	607.438100499732	466.909377676744
a131_gac-miR-18c-5p	22.5858033894319	95.1182912308211	106.616604845949	87.6292829012208	74.9895772766333	163.417207516531	154.279184210842	127.591338862931	58.1009897667945	45.5886852152529	224.069888943409	35.9179991313995	29.3627022928036	74.8452575370781	72.5479687639244	80.3531620086754	49.3422622583672	33.2492433957748	70.2430037212801
a130_gac-miR-18a/b-5p	51.1152392497669	206.506816487967	190.255493130272	116.147688579133	0	246.043885474327	151.193600526625	36.528165561565	0	149.791394278688	135.085196205117	18.5032116737513	57.6378970932812	41.8252909766025	52.7621591010359	30.905062311029	77.3776385415303	71.6137550062842	50.9606105428895
a32_gac-miR-18a-3p	101.636115252443	155.193001481866	154.410255294134	118.221754446617	56.6994364774545	110.168903943729	197.477355789878	78.7156243791471	171.100552541584	186.696520405321	177.969385476583	125.168784851847	142.463481494714	55.0332776007927	128.607762808775	99.6688259530685	70.0884407079079	259.59986189778	100.543907287323
a76_gac-miR-184-5p	0	1.25155646356344	2.75732598739524	0	0	0	0	18.0068421782363	30.6517032627971	10.8544488607745	12.8652567814397	0	0	13.2079866241902	0	0	0	0	0
a204_gac-miR-184-3p	260.331102225557	1476.83662700485	2413.5793476333	3592.28208248318	378.605914543002	843.710189369055	1771.12503474047	4167.29776124896	3297.57428534689	5299.14193383011	2714.56918088378	278.636599322372	394.76521971436	3583.76703736362	2410.57114392858	539.293337327456	1650.72295555265	11213.3073352251	400.798315350834
a159_gac-miR-183-5p	138.486636572043	195.242808315896	350.180400399196	571.923662958855	54.8704223975366	124.858091136226	1079.9542894759	3143.99464432005	147.311170904786	286.557449924447	423.481369055724	72.924422478902	98.9631818016715	506.306153927293	150.042389943571	213.2449299461	335.863807872295	244.254057253576	336.064566823379
a243_gac-miR-182b-5p	47.549059767225	7.50933878138061	25.7350425490223	19.1851092742318	0	16.5253355915593	0	0	0	2.1708897721549	23.5863040993062	0	0	9.90598996814269	0	10.8167718088601	6.72849030795916	6.39408526841823	8.26388279073884
a241_gac-miR-182a-5p_gac-miR-182b-5p	0	20.024903417015	9.19108662465081	18.1480763404895	0	11.9349645939039	37.0270042106021	87.461804865719	0.457488108399956	2.1708897721549	13.9373615132264	4.35369686441206	0	6.60399331209512	11.5417223033516	13.9072780399631	1.12141505132653	0	5.50925519382589
a242_gac-miR-182a-5p	26.1519828719738	37.5466939069031	66.1758236974858	172.665983468086	60.3574646372902	31.2145227840565	361.013291053371	1084.52638033492	194.432446069981	132.424276101449	83.6241690793582	21.7684843220603	8.70005993860848	106.764558545538	59.3574289886654	32.4503154265805	115.505750286632	148.982186754145	100.543907287323
a87_gac-miR-181b-3-3p	3.56617948254188	0	4.5955433123254	11.925878738036	0	23.8699291878079	0	0	0	0	7.50473312250651	0	0	0	0	0	0	0	4.13194139536942
a8_gac-miR-181b-2/3-5p_gac-miR-181c-5p	955.141738074132	1475.58507054129	1212.30432579144	1786.80774483791	1170.56901114745	1161.36386240681	860.8778478965	5833.18790333836	1532.12767503145	1467.52148597671	1096.76314061774	1968.95940693035	2069.52675789649	1898.64807722735	1383.35785893029	1829.57968881292	1845.84917448346	1151.57475684212	2561.80366512904
a7_gac-miR-181b-1-5p	475.49059767225	853.561508150263	711.390104747972	528.368279741681	437.134365100375	681.211056052056	595.517651053851	698.665476515567	589.702171727544	744.61519184913	623.964953899827	587.749076695628	581.816508394442	643.889347929275	601.818377246191	502.207262554221	510.24384835357	629.177990412354	643.205543879173
a6_gac-miR-181a-5p	8198.05226711668	19390.3642899883	13741.5936125154	12742.542173358	16547.0903810171	12949.4365843858	15011.3646237149	29413.9194575464	8607.18127143678	11907.3304002696	17249.0930297153	13272.2448911602	14586.7379945694	14890.9042532225	11859.9440754297	13671.6269398415	15136.8603628055	9137.14784856965	18727.3357176127
a23_gac-miR-181a-3-3p	313.229431216595	309.134446500169	435.657506008448	304.369166053353	197.533520631132	348.868195821807	327.071870526986	262.385414597157	301.942151543971	351.684143089094	394.534541297485	337.411506991935	428.477951976468	519.514140551483	483.10351926886	462.030681549884	541.643469790712	471.883492809265	493.078339847417
a21_gac-miR-181a-2-3p_gac-miR-181a-3-3p	84.3995810868244	35.0435809797762	44.1172157983239	35.7776362141079	47.554366077865	56.0025261713954	30.8558368421685	50.933639304154	82.8053476203921	69.4684727089568	42.8841892714658	114.284542690817	81.5630619244545	67.1405986729671	72.5479687639244	145.253792861836	105.973722350357	99.1083216604826	84.0161417058449
a22_gac-miR-181a-2-3p	918.291216754533	565.703521530673	552.384306141514	1483.99412818517	1527.22675673143	784.035366399536	666.486075790839	2861.54446272429	1223.32320186148	1793.15495179995	752.617521714224	1331.14281629399	1079.89493987978	932.263722557428	1093.16598387459	2399.7780884514	1457.83956672448	1017.93837473218	2345.56539877137
a24_gac-miR-181a-1-3p	75.4841323804697	229.034832832109	153.491146631668	165.925269398761	60.3574646372902	201.976323896836	185.135021053011	676.028303491499	155.088468747585	154.133173822998	245.511983579142	77.2781193433141	127.238376602149	119.972545169728	89.0361434829982	180.79461451952	193.444096353826	136.194016217308	140.48600744256
a2_gac-miR-17a-5p	176.525884385823	196.494364779459	101.101952871159	137.406863720849	73.1605631967154	325.916340833531	197.477355789878	87.461804865719	0	147.620504506533	112.570996837598	39.1832717797085	84.8255844014327	63.8386020169195	130.256580280682	126.710755475219	101.488062145051	108.69944956311	90.9027106981272
a31_gac-miR-17a-1-3p	11.2929016947159	3.75466939069031	18.3821732493016	0	0	0	0	0	87.3802287043917	0	4.28841892714658	13.0610905932362	14.1375974002388	6.60399331209512	0	2.31787967332717	6.72849030795916	0	0
a115_gac-miR-1788-5p	0	0	2.75732598739524	0	0	0	0	13.3765113324041	0	0	0	0	0	0	0	0	0	19.8216643320965	0
a150_gac-miR-16c-5p	195571.065912338	316532.396756292	316759.77121464	154909.905576551	135826.243602862	248429.960318909	234988.796638902	92546.9370968529	209689.216997012	138244.431580596	262531.646196254	172365.035710506	228685.425516293	141052.491821936	135349.777451404	147105.006094267	156511.973760964	241585.166062539	172936.897847993
a149_gac-miR-16a-5p_gac-miR-16c-5p	10781.7493022183	14629.443502593	15078.8967164021	7666.78447915652	10690.58729712	15027.0384979246	9247.49430159788	7708.4718959004	7543.06393129848	7563.37996618767	12209.1286855863	9720.71667401603	7757.19094276178	7672.73956310252	7513.6612194819	6666.99456704673	8293.98571961099	8834.70761537347	7471.92735662637
a151_gac-miR-16a-5p	5874.09197099356	13917.3078748254	14174.4937925365	7926.04271259208	9684.6295531652	9504.82218774519	12067.7177889721	4453.86379248547	8332.23091828841	7563.37996618767	9712.19676525521	5075.32211968836	5511.48797110847	5546.25371660789	5167.39395695771	4947.12784943797	3950.18451829769	7494.50734311301	5955.50486452579
a152_gac-miR-15c-5p	60285.0754258762	93660.2279507697	133273.513383424	88805.7967645514	63214.384630122	62463.9323876951	106171.848990217	46375.3358270348	72699.4353058371	80509.6180901366	113524.097944156	81051.6861005432	110513.598877667	53711.3782728217	77487.8259097589	72978.4415147061	62353.4803913832	114889.563511466	78767.1988199272
a147_gac-miR-15b-1-5p	210.998952717061	411.76207651237	410.841572121891	357.257845674208	352.999717424152	291.02952125135	663.400492106622	183.155309012917	70.9106568019932	432.007064658825	746.184893323504	322.173567966492	183.788766203104	239.945090339456	145.095937527849	185.430373866174	384.084655079335	178.394978988869	145.995262636386
a148_gac-miR-15a-2-5p	41928.760902739	73055.8538911248	60394.6302105804	31533.0604163008	16373.3340434249	37914.6282922342	37708.9182048141	13026.1496317361	16829.6150437092	30372.9188022192	60372.3616563695	32331.6413393401	42568.305772119	33612.1246274602	34417.4159085945	29002.0830992274	35061.0415797239	36526.2120958391	33333.7485502436
a225_gac-miR-155-5p	322.144879922949	501.874141888938	516.539068305375	690.145417405473	241.429858549161	1284.38580514397	1530.44950737156	997.064575469197	743.418176149929	499.304647595627	754.761731177798	179.589995656998	356.702457482948	314.790347876534	529.270408482267	830.573549608904	372.87050456607	264.715130112515	582.603736747088
a16_gac-miR-152a-5p	568.211264218339	536.917722868714	564.33271875356	750.811844029395	501.149857897501	632.553123476909	623.287904211803	478.982001941085	570.030183066346	523.184435089331	588.585497750868	449.519201250545	451.315609315315	484.292842886976	657.878171291042	548.564856020765	657.709927603008	617.668636929201	517.869988219634
a169_gac-miR-152a-3p	1165.5463275441	1041.29497768478	1111.20237292028	1670.14153979191	360.315773743824	912.565754333886	475.179887369394	341.615520181397	263.055662329975	1819.20562906581	849.106947575022	714.006285763578	575.291463440486	696.721294426036	957.962951178184	450.441283183248	592.667854626069	630.456807466038	698.298095817432
a29_gac-miR-150-5p	5559.67381328278	1156.43817233261	1988.95114557443	7841.00601202521	1838.15915031748	2232.75645325957	2721.48480947926	148820.376828662	6167.39718933981	2162.20621306628	4814.82235045382	8632.29245791301	3389.76085358033	3134.69549214115	4529.30159532955	3622.0733028526	2381.88556901754	4586.4773630364	7649.60083662725
a78_gac-miR-150-3p	1.18872649418063	0	0.919108662465081	2.07406586748452	0	0	0	321.036271977698	31.109191371197	6.5126693164647	11.7931520496531	23.9453327542663	9.78756743093454	7.70465886411098	4.94645241572212	3.86313278887863	4.48566020530611	0	19.2823931783906
a170_gac-miR-148a-3p	486.189136119876	712.135627767595	653.486259012672	1837.62235859128	612.719716772492	373.656199209146	712.769831054091	724.904017975283	1572.84411667905	1456.66703711594	508.177642866869	944.752219577417	493.728401516031	649.392675689354	544.109765729433	652.869441320488	439.594700119998	615.111002821834	804.35125829858
a183_gac-miR-146a-5p	22195.9010993406	34312.6720050551	25118.3206365082	34310.2346128626	26451.2016237725	36926.7804535388	38634.5933100791	54393.5254084008	42494.2404368384	73386.9287476964	18553.8444882997	16886.9017128383	14395.3366759201	16721.3110662249	16082.5656209845	31516.9825447874	13990.2134728241	14574.0385523057	54366.7075664724
a53_gac-miR-146a-3p	873.119609975669	559.445739212856	309.739619250732	552.220037217753	433.476336940539	259.814998467293	669.571659475055	1437.46048702835	764.920117244727	1196.16026445735	443.851358959671	424.485444280176	615.52924065655	359.917635509184	257.21552561755	560.154254387401	322.406827256376	461.013547852954	651.469426669912
a121_gac-miR-145-5p	8462.54391207187	2866.06430156027	2526.62971311651	4822.72165836837	5362.66928231924	3042.49789724597	2814.05232000576	5144.29756971955	3227.57860476169	2976.28987762437	2864.66384333391	7255.4358245427	2442.54182776433	2004.31197022087	3116.26502190494	4346.79701404623	2845.59069274106	1986.64229289754	2780.79655908362
a113_gac-miR-145-3p	2842.83941083297	2764.68822801163	2329.02135068651	3486.50472324147	3209.91971025589	2128.09599451303	867.049015264933	2812.6687482405	2788.39002069773	1988.53503129389	1517.0281954781	4374.37692451802	1630.17373099676	1669.70964240805	2682.6260267933	2742.05165354605	1530.73154506071	1982.16643320965	3689.82366606489
a48_gac-miR-144-5p	6529.08026928708	13454.2319833069	15961.2410323686	14746.6083178149	17776.1878427219	19254.7701867652	18090.7771405634	4891.17281681406	13552.1702351319	19655.2359970905	9375.5558794742	3708.26130426297	5674.61409495738	3680.62560594102	2928.29983010749	3982.88990533386	2427.86358612193	13467.2223923425	4576.81375227086
a80_gac-miR-144-3p	989.614806405371	1177.71463221319	788.595232395039	1199.84710433979	1503.4495736925	1296.32076973787	1558.21976052951	512.423280272095	164.695719023984	2737.49200268733	715.093856101692	226.392236949427	190.31381115706	231.139765923329	183.018739381718	105.849838415274	124.477070697244	219.956533233587	194.201245582363
a120_gac-miR-143-5p	82.0221280984631	62.5778231781718	30.3305858613477	25.9258233435565	0	30.2964485845254	15.4279184210842	18.0068421782363	0	56.4431340760274	49.3168176621856	41.3601202119146	17.400119877217	1.10066555201585	0	31.6776888688047	50.4636773096937	70.9743464794424	42.6967277521507
a55_gac-miR-143-3p	41600.6723903452	44910.8521385103	38671.4969732183	82026.1939602114	82419.0324692598	55331.4139315382	45722.1790327252	71795.3376894484	58442.7333837692	62777.7904311754	25399.2332007574	52174.7032231141	18978.0932485821	20208.2195350111	34738.9353156164	65137.827206398	38410.7083380362	22891.4646694641	60442.0387314639
a66_gac-miR-142-5p	553.352183041081	1300.36716564241	760.102863858622	1081.62534989318	846.833519001981	1481.77175804315	1407.02616000288	784.069356560916	540.750944128749	1163.59691787503	794.429606253903	148.02569339001	139.200959017736	176.106488322537	623.253004380987	350.772457230179	174.380040481275	196.937826267282	360.856215195596
a218_gac-miR-142-3p	303.125256016059	411.76207651237	382.349203585474	586.442124031247	276.181126067601	576.550597305513	388.783544211322	210.937294087911	30.6517032627971	501.475537367782	525.331318575456	89.2507857204473	106.575734247954	58.3352742568403	257.21552561755	130.573888264098	124.477070697244	145.785144119936	174.918852403972
a65_gac-miR-140-5p	206.244046740338	274.090865520392	294.114771988826	287.776639113477	276.181126067601	321.325969835875	515.292475264213	283.993625211041	189.857564985982	243.139654481349	198.339375380529	65.3054529661809	143.55098898704	42.9259565286183	112.119588089701	116.666610224134	139.055466364489	184.789064257287	70.2430037212801
a139_gac-miR-140-3p	6553.44916241779	11070.0169202186	10083.5411359044	6827.30631929216	5291.33773320244	16331.6219354582	16119.0891663488	2856.39965067336	4660.88884837876	7949.79834563124	10539.8616181945	4919.67745678563	5835.56520382164	7018.9442252051	4817.84465291334	5827.14949874452	8153.80883819517	6853.8199992175	4437.70505862676
a180_gac-miR-139-5p	1195.26448989862	977.465598043043	985.284486162567	1034.4403514079	918.165068118779	1075.98296185042	635.63023894867	1257.90654645108	277.237793690374	703.368286178187	1000.27371475694	1115.63482150559	1599.72352121163	1251.45673264203	2403.97587404095	812.803138780063	968.902604346119	1282.01409631786	1111.49223535437
a54_gac-miR-1388-3p	146.213358784217	654.564030443677	1374.0674503853	1295.77265071095	213.994647350393	689.473723847835	1706.32777737192	1010.4410868016	772.697415087526	442.861513519599	1151.44048193886	314.554598453771	703.617347534961	197.019133810838	659.526988762949	1138.07891960364	569.118138548212	270.469806854091	874.59426201986
a160_gac-miR-135c-5p	0	35.0435809797762	0	48.222031419015	20.1191548790967	36.7229679812429	160.450351579276	39.6150527921198	21.9594292031979	73.8102522532666	52.5331318575456	16.3263632415452	21.7501498465212	17.6106488322537	1.64881747190737	15.4525311555145	12.3355655645918	42.8403712984021	33.0555311629554
a162_gac-miR-135b-5p	10.6985384476256	1.25155646356344	3.67643464986032	13.4814281386494	16.461126719261	28.4603001854632	3.08558368421684	0	0	15.1962284050843	5.36052365893322	16.3263632415452	0	6.60399331209512	0	1.54525311555145	7.84990535928569	0	0
a161_gac-miR-135a-1-5p	52.8983289910378	6.25778231781718	0.919108662465081	16.5925269398761	0	6.4265193967175	9.25675105265053	8.7461804865719	46.2062989483956	0	4.28841892714658	15.2379390254422	0	0	0	6.95363901998153	29.717498860153	0	0
a246_gac-miR-133b-3p	43.3885170375928	7.50933878138061	3.67643464986032	16.074010473005	62.1864787172081	0	52.4549226316864	9.77514289675683	0	0	4.28841892714658	7.61896951272111	20.6626423541951	261.958401379773	0	336.865179190216	287.082253139591	36.4462860299839	41.3194139536942
a41_gac-miR-133a-5p	127.193734877327	1.25155646356344	0	40.9628008828192	98.7667603155658	15.6072613920282	46.2837552632527	0	12.3521789267988	30.3924568101686	42.8841892714658	44.6253928602236	44.5878071853685	287.273709076138	6.59526988762949	144.481166304061	237.739990881224	65.219669737866	31.6782173644989
a245_gac-miR-133a-3p_gac-miR-133b-3p	68.351773415386	0	0	21.2591751417163	117.056901114745	32.1325969835875	40.112587894819	0	0	15.1962284050843	3.21631419535993	41.3601202119146	16.3126123848909	220.133110403171	8.24408735953687	392.494291350068	492.301207532345	69.0561208989169	49.583296744433
a236_gac-miR-133a-3p	9781.43595736528	534.414609941587	355.695052373986	3767.54064828562	18527.9126295682	1571.7430295972	11253.1236963388	535.574934501256	513.301657624751	3243.30931959942	3242.04470892281	7848.62702231884	7233.01233146062	51627.8183828557	697.449790616819	42475.1450137205	57387.2938365837	8066.1385661096	9334.05561213952
a64_gac-miR-130c-3p	31.5012520957866	56.3200408603546	44.1172157983239	11.925878738036	45.7253519979471	30.2964485845254	21.5990857895179	41.6729776124896	29.7367270459972	45.5886852152529	26.8026182946661	20.6800601059573	16.3126123848909	11.0066555201585	14.8393572471664	3.0905062311029	21.8675935008673	12.7881705368365	20.6597069768471
a104_gac-miR-130c-2-5p	116.495196429701	145.180549773359	124.998778095251	59.6293936901799	117.056901114745	247.880033873389	64.7972573685537	58.1363761754485	118.489420075589	69.4684727089568	124.364148887251	77.2781193433141	97.8756743093454	102.361896337474	103.875500730165	56.4017387176279	111.580797606989	255.763410736729	169.409597210146
a30_gac-miR-130b-5p	5597.71306109657	7386.6862479514	6862.98438262676	2434.95332842682	5163.30674760819	7695.29794046945	4569.74943632515	2804.95153016412	6964.79896228094	3534.20854906818	5677.86665954207	3890.02814835218	5054.73482433153	3272.27868614313	6555.69826830372	3020.96984090308	5781.45529711391	9761.84997929411	6587.69189801731
a62_gac-miR-130b-3p	71.9179528979278	239.047284540616	84.5579969467874	39.9257679490769	34.7512675184398	236.863143479017	86.3963431580717	22.122691818976	26.0768221787975	28.2215670380137	57.8936555164788	11.9726663771332	17.400119877217	38.5232943205549	32.9763494381475	20.8609170599446	44.2958945273978	60.7438100499732	52.337924341346
a70_gac-miR-1306-5p	436.85698661138	135.168098064851	200.365688417388	83.4811511662518	362.144787823741	149.646094523565	55.5405063159032	126.047895247654	399.844606741562	80.3229215697313	162.95991923157	274.28290245796	429.565459468794	80.3485852971573	131.90539775259	61.0374980642823	90.8346191574487	289.652062659346	90.9027106981272
a12_gac-miR-129-1b/2-3p	2.97181623545156	0	4.5955433123254	3.6296152680979	0	0	0	7.20273687129451	0	0	0	0	7.61255244628242	5.50332776007927	0	13.1346514821873	19.064055872551	0	0
a96_gac-miR-129-1a/2-5p	16.6421709185288	2.50311292712687	5.51465197479048	8.8147799368092	0	0	169.707102631926	17.4923609731438	0	17.3671181772392	17.1536757085863	14.1495148093392	0	198.119799362854	0	41.7218341198892	26.3532537061734	0	17.9050793799342
a117_gac-miR-128-2-5p	0	0	0	4.14813173496903	0	0	0	29.839909895363	0	0	2.14420946357329	5.44212108051508	0	0	0	0.772626557775725	2.80353762831632	0	5.50925519382589
a166_gac-miR-128-2-3p	33049.5683544568	24504.2240001085	34570.4341212991	20944.4356463255	15965.4639036032	17276.3202867757	19809.4472526721	17795.3904029433	24319.1528663249	21381.0933659536	28433.2895917136	34035.0252375413	48125.4690579051	23935.0730941368	29322.5699204007	24737.9571268632	23834.555500894	49721.046455747	23641.5913505054
a68_gac-miR-126b-5p	5311.82433924612	2709.61974361484	2725.15718420896	3225.17242393842	3014.21520370468	2498.99797112358	1277.43164526577	1854.19026315324	1887.59593525822	4799.83728623448	2127.0557878647	3558.05876244076	5054.73482433153	3183.12477642985	2783.20389257965	3652.20573860585	3494.32929993346	1870.90934953917	1959.91753520356
a179_gac-miR-126b-3p	89186.5826788898	87065.7769442539	86100.2612824038	101213.895816778	152483.074828674	147062.633726084	75439.4354954176	100816.707987509	111506.77907708	178158.410931436	43638.9510026436	58115.3225946044	70888.0883797819	48411.6736398653	83994.0596539054	77152.9428063683	51451.6439699124	45697.2485963314	59228.6252750237
a175_gac-miR-125b-2/3-5p	134847.944773356	26320.232428739	26683.5626886862	56462.8136269979	187501.378402782	66243.6438671645	55994.0871174831	61606.5519037972	94592.0712452086	56186.9690829131	42428.5447604564	118317.154411478	105135.874328114	145830.480983237	113067.658136048	92447.0855175388	134500.278426001	70346.4473060837	65050.5307010992
a28_gac-miR-125b-2-3p	162.261166455655	32.5404680526493	22.0586078991619	58.0738442895665	305.445351346287	45.9037099765536	21.5990857895179	131.707188503671	289.132484508772	78.1520317975764	12.8652567814397	169.79417771207	126.150869109823	170.603160562457	217.643906291773	74.9447761042453	85.7882514264793	88.2383767041716	61.9791209305413
a176_gac-miR-125a-5p	58117.4326637379	43999.7190330361	43526.2289283588	49667.1368121848	158268.246363454	82260.3663521836	52124.7651774752	70353.7613527793	104959.666757768	65439.3012918373	43674.3304587925	64823.2810384473	63590.913106274	72548.168530021	68976.630119773	49775.6933581433	53151.1484801977	48899.4064987553	77111.6676341826
a61_gac-miR-125a-1-3p_gac-miR-125a-2-3p	16.6421709185288	21.2764598805784	30.3305858613477	23.8517574760719	56.6994364774545	36.7229679812429	74.0540084212043	36.528165561565	48.0362513819954	4.3417795443098	27.8747230264527	71.835998262799	13.0500899079127	88.0532441612683	74.1967862358318	76.4900292197968	74.574100913214	19.8216643320965	30.3009035660424
a129_gac-miR-124-3p	2.97181623545156	2.50311292712687	0	0	0	0	0	0	8.23478595119922	0	0	15.2379390254422	0	23.1139765923329	0	13.9072780399631	1.68212257698979	16.6246216978874	5.50925519382589
a123_gac-miR-122-5p	23617.0236231336	6981.18195375684	988.041812149962	149167.335705953	13739.5537683432	8522.48279424694	8809.34141843909	16235.997870308	40565.0130837157	11332.0446106486	3737.35709500824	671737.331331217	256478.85449767	315905.322080726	155109.206034742	166539.654528558	49099.475899755	59205.3931343918	390651.644597605
a11_gac-miR-122-3p	79.6446751101019	127.65875928347	16.5439559243715	1262.5875968312	190.21746431146	70.6917133638926	46.2837552632527	116.272752350897	333.508831023568	78.1520317975764	65.3983886389853	1781.75044176064	543.75374616303	1172.20881289688	382.525653482511	885.430035210981	232.693623150254	71.6137550062842	1213.41345644015
a141_gac-miR-10c-5p	11798.7048179898	2564.43919384148	2234.35315845261	4196.35376638805	4373.17266508366	4471.93942591585	4677.74486527274	3820.02294781155	9402.2956038359	13363.9974373856	4940.25860407286	8305.76519308211	10941.4128802925	2847.42178306501	5612.5746743727	13405.8434039666	5766.316193921	4769.98761024	9692.1571997382
a140_gac-miR-10b-5p	58292.7698216295	16530.5577707459	27713.8834993096	50614.9849136253	65078.1499775583	48696.4916915271	18778.8623021437	16921.8013166963	47541.7067368151	23476.0019960831	10756.4267740154	38647.7670653859	19285.8578689103	31657.34260708	37360.5550959492	37578.2378905379	37524.2297399626	20595.988058102	22797.2979920515
a132_gac-miR-10545-5p	16.0478076714384	7.50933878138061	2.75732598739524	27.4813727441698	0	22.0337807887457	0	8.23169928147944	45.7488108399956	0	0	8.70739372882412	46.7628221700206	20.9126454883012	4.94645241572212	17.7704108288417	7.84990535928569	14.7063961173619	2.75462759691295
a90_gac-miR-10545-3p	5.94363247090313	7.50933878138061	3.67643464986032	18.6665928073607	0	0	0	81.8025116097019	82.8053476203921	6.5126693164647	5.36052365893322	38.0948475636055	29.3627022928036	15.409317728222	31.3275319662401	13.1346514821873	12.3355655645918	22.3792984394638	22.0370207753036
a37_gac-miR-103-3p	3258.29932054909	3178.95341745113	2465.04943273135	1807.54840351276	1069.97323675196	2241.93719525488	2354.30035105745	1619.07235242599	853.215322165919	1830.06007792658	3050.137961933	2475.07666741826	3351.69809134892	1576.1530704867	2026.39667297416	2294.7008765939	3053.05247723647	2951.50975990185	1483.36696093762
a172_gac-miR-101b-5p	2093.34735625208	962.446920480282	738.963364621925	1153.69913878826	888.900842840093	880.433157350298	1410.1117436871	696.607551695197	469.840287326755	523.184435089331	1329.40986741544	2187.73267436706	2366.41630330151	1625.68302032742	1190.44621471712	1335.09869183645	1452.79319899352	1306.31162033784	1031.6080350439
a19_gac-miR-101b-3p	165.232982691107	58.8231537874815	74.4478016596715	150.369775392627	56.6994364774545	96.3977909507626	30.8558368421685	43.7309024328595	0	136.766055645759	90.0567974700781	38.0948475636055	10.8750749232606	40.7246254245866	64.3038814043876	35.5408216576834	26.9139612318366	50.513273620504	59.2244933336283
a138_gac-miR-101a-3p	19624.0913291809	12150.1101482738	13216.7825662479	11063.0673371624	5415.71069063686	10769.0103604995	6384.07264264465	3487.15360811673	4527.75980883437	18873.7156791147	9369.12325108348	6163.74633579138	5581.08845061734	5273.28865970796	7051.99232734784	5894.36800927101	7007.72265573947	10490.1362913669	3879.89297025188
a9_gac-miR-100-2-5p	93291.8496265426	34984.7578259887	39328.6596668808	64233.8199159955	93815.6192012281	51712.3654369867	50029.6538558919	47595.6852455141	92435.9297903196	67597.1657253593	47617.5316623038	94431.6849890976	78730.1049069451	148283.86449868	97453.3566770853	127698.944842614	148629.54736519	55232.7479571235	89187.9550190489
a18_gac-miR-1-3p	30342.8381272076	1881.08936473584	2327.18313336158	21159.619980077	152472.100744195	10756.157321706	26458.8800921594	2811.12530462523	3981.51900740482	23912.3508402862	4775.15447537771	14008.0196612458	11712.4556923517	177142.214606984	4075.87679055503	89980.8615451187	73452.1251543618	29616.1241462596	44047.8725884365
a194_gac-let-7j-5p	5997.12516314126	12876.0128971406	13080.754484203	8376.63352230309	9247.49518806483	8722.62296974472	7201.75231896212	7595.28603078006	9358.83423353791	8505.54612730289	9176.14439936189	6732.99220081325	8411.87045314207	8414.5881451612	7188.84417751615	7753.3075072794	6177.31481023217	8875.62976109135	10723.7652347821
a92_gac-let-7j-3p	127.193734877327	347.932696870635	332.717335812359	222.962080754586	179.243379831953	269.913814662135	462.837552632527	134.279594529133	117.574443858789	143.278724962223	250.872507238075	83.8086646399322	166.388646325887	94.6572374733634	189.614009269348	201.655531579464	178.865700686581	222.514167340954	176.296166202429
a192_gac-let-7i-5p	994.369712382093	2127.64598805784	1523.8821623671	1332.06880339193	2130.80140310434	918.992273730603	1564.39092789794	2029.62835408977	1383.44403980147	2563.82082091494	1660.69022953751	1868.82437904888	1961.86351615621	2977.30031820289	1637.27574960402	2995.47316449649	2326.37552397688	957.194564682209	2962.60198047987
a184_gac-let-7h-1-5p	15935.4730177384	17909.7729935928	23546.6448236929	13639.5756610451	15166.1847506791	17183.5947926231	17427.3766484567	20598.284008287	28540.3956425313	14825.0062540458	18976.2537526236	30961.3152512664	29172.3884816466	24434.775254752	32605.3655069683	24374.0500181508	22878.5491696381	32677.6121727782	29435.9505006117
a82_gac-let-7h-1-3p	2014.89140763616	739.66986996599	1001.82844208694	771.55250270424	912.678025879025	811.577592385468	740.540084212043	1061.88920731085	1405.40346900467	675.146719140174	693.651761465959	811.964465212849	1294.13391586801	738.546585402638	793.081203987447	602.648715065066	581.453704112804	2152.88850987642	738.24019597267
a191_gac-let-7g-5p	78807.8116581987	94949.33110824	138407.654371954	60317.9835581847	80635.7437413398	80841.9417139081	66472.7293090835	64322.4981854803	81952.1322982262	65695.4662849516	111599.669950599	110928.930832571	143641.252108903	150676.711408762	86800.3469910918	94909.4463571701	104756.987019667	123941.670025965	106931.888684564
a84_gac-let-7g-1-3p	0	6.25778231781718	8.27197796218573	9.33329640368033	31.0932393586041	0	0	0	0	2.1708897721549	17.1536757085863	10.8842421610302	14.1375974002388	0	0	6.1810124622058	12.8962730902551	0	0
a186_gac-let-7f-5p	9337.44661178881	16757.0894906508	21460.2681598972	12424.691579166	13975.4965846526	19744.1037351152	12524.3841742362	12384.0770877807	20832.6359922088	13487.7381543984	14113.1866892394	14406.3829243395	14670.4760714785	19500.4915850649	19530.2429547428	20883.3232301201	13834.8974882154	18260.2287095488	22778.0155988732
a185_gac-let-7e-5p	96991.7608396798	242987.184287914	252279.702999403	101763.004755194	97737.0253885721	212117.371504856	126391.67887289	94579.1378569682	154676.729450025	122253.657518903	145354.887430901	115452.421874695	129714.631162175	170795.77703406	177467.170953806	166337.22637042	141585.378720282	195759.396352312	235999.96473792
a83_gac-let-7e-1-3p	320.361790181679	200.24903417015	150.733820644273	133.25873198588	168.269295352445	249.716182272452	160.450351579276	75.6287371485923	163.323254698784	199.721859038251	173.680966549436	101.22345209758	93.5256443400412	45.12728763265	102.226683258257	77.2626557775725	80.7418836955099	304.99786730355	68.8656899228237
a193_gac-let-7d-5p	35197.0027661941	20504.2495425598	21665.2293916269	23999.0161526633	37513.0787791158	34815.2097946173	27501.8073774247	26218.4766927171	59933.2296409363	29958.2788557376	17444.2160909005	64812.3967962863	58602.5162389744	55564.8990624164	65601.5007547787	33841.0432305768	43943.2094937556	41184.9426224087	54789.5429025985
a91_gac-let-7c-2/d-3p	80.8334016042825	32.5404680526493	49.6318677731144	40.4442844159481	181.072393911871	34.8868195821807	0	70.9984063027601	80.0604189699924	47.7595749874078	23.5863040993062	46.8022412924297	104.400719263302	104.563227441506	93.9825958987203	103.531958741947	99.8059395680609	130.439339475732	45.4513553490636
a189_gac-let-7c-2-5p	24137.6858275847	7914.84307557517	7469.59609985371	12767.9494802347	39649.3672244599	14526.6880591802	17448.9757342463	23097.1192214211	33785.0393172284	14651.3350722734	9764.72989711275	52359.7353398516	46500.73286437	69542.2509074657	67339.354370169	30793.8040867093	47944.4183968887	23652.3608164059	38411.9045251526
a190_gac-let-7b-5p	102735.092896313	39027.2852032986	42085.0665456136	72837.5636507881	145904.11118321	62976.2177910334	71857.0728380419	157533.116036903	228774.705903241	85687.190196726	52913.7290373298	404626.05603316	280630.220887247	180269.205440261	294172.120432882	102746.970159247	122361.521202917	194709.487551238	171987.928640857
a81_gac-let-7b-1-3p	4391.15566950323	897.365984374983	1113.95969890768	2359.76844073051	5130.38449416967	2062.91272634632	1820.49437368794	4337.59104013457	3302.60665453929	1812.69295974934	1337.98670526973	3284.8642841989	3419.12355587313	2691.12727467876	2234.14767443449	2253.75166903179	1903.04134210112	3909.34373311091	2256.0400018717
a187_gac-let-7a-5p_gac-let-7c-2-5p	1849.06406169796	1617.01095092396	2134.17031424392	1228.88402648458	1865.59436151624	1739.75060811138	1169.43621631818	1284.14508791079	1601.20837939985	1267.79962693846	2068.09002761644	4372.20007608581	2624.15557898278	3646.50497382852	3388.31990476965	2871.85291525237	4147.55356733116	2601.75329571938	3313.81699908627
a188_gac-let-7a-5p	551564.932757081	634460.278969457	822125.235510428	509620.279849021	601873.663278579	705101.182872253	571360.616390117	537317.996824109	867372.291680355	519622.004973225	620706.827619927	1208628.69810522	1122043.46775986	1174414.54666312	1230556.99735621	889142.505821093	868487.175697662	1254736.28915426	1137742.45903916
a85_gac-let-7a-5-3p	522.445294192385	847.303725832446	904.402923865639	391.998448954574	321.906478065548	851.972857164835	435.067299474575	384.831941409164	446.508393798357	308.266347645996	628.253372826974	284.078720402887	406.727802129946	396.239598725707	499.591693987934	380.132266425657	409.316493734182	791.587756230177	440.740415506071
a158_gac-let-7a-3/7-3p	813.088922019548	260.323744421195	147.976494656878	489.479544726346	400.554083502017	430.576799580073	481.351054737828	371.45543007676	468.925311109955	425.49439534236	243.367774115568	397.274838877601	417.602877053207	203.623127122933	212.697453876051	244.922618814905	287.082253139591	702.070562472322	220.370207753036
a267_REV_gac-let-7b-5p_gac-let-7c-2-5p	14.2647179301675	0	0	3.6296152680979	0	0	0	12.8620301273116	0.457488108399956	0	0	6.53054529661809	0	0	3.29763494381475	0	15.6998107185714	5.11526821473458	2.75462759691295
a257_REV_gac-let-7f-3p	17.8308974127094	15.0186775627612	2.75732598739524	9.85181287055145	23.7771830389325	0	0	8.7461804865719	0	4.3417795443098	9.6489425860798	3.26527264830905	0	15.409317728222	21.4346271347959	5.40838590443007	1.68212257698979	41.5615542447185	1.37731379845647
a253_REV_gac-miR-103a-5p	2.37745298836125	7.50933878138061	2.75732598739524	8.29626346993807	0	0	24.6846694737348	0	0	0	8.57683785429315	5.44212108051508	0	4.40266220806342	1.64881747190737	4.63575934665435	8.41061288494895	4.47585968789276	2.75462759691295
a252_REV_gac-miR-10c-3p	2.37745298836125	0	0	0	0	0	0	0	18.7570124443982	6.5126693164647	4.28841892714658	0	8.70005993860848	0	0	2.31787967332717	0	0	2.75462759691295
a260_REV_gac-miR-132-3p	29.1237991074253	8.76089524494405	5.51465197479048	47.7035149521439	65.8445068770439	26.6241517864011	111.081012631806	0	0	30.3924568101686	20.3699899039462	76.1896951272111	46.7628221700206	14.3086521762061	31.3275319662401	64.1280042953852	61.1171202972957	24.2975240199893	35.8101587598683
a250_REV_gac-miR-181b-2/3-5p	66.568683674115	5.00622585425374	11.948412612046	19.1851092742318	27.4352111987683	29.3783743849943	37.0270042106021	44.245383637952	0	56.4431340760274	21.4420946357329	41.3601202119146	69.6004795088678	57.2346087048244	26.381079550518	42.4944606776649	33.0817440141325	20.4610728589383	33.0555311629554
a268_REV_gac-miR-190a-5p	17.2365341656191	18.7733469534515	10.1101952871159	7.77774700306694	23.7771830389325	9.18074199531072	6.17116736843369	0	0	8.6835590886196	37.5236656125325	2.17684843220603	16.3126123848909	3.30199665604756	0	15.4525311555145	5.60707525663263	7.67290232210188	4.13194139536942
a261_REV_gac-miR-191-5p	28122.8913993252	66037.1252434611	62570.1604146353	19960.2913922041	19365.6010781706	44109.7929906699	24335.9985174183	71619.8995985118	25449.6059821812	23868.9330448431	40233.9463744892	26814.4189879139	45122.8608715929	26740.6695862252	63131.5721818614	24937.2947787693	36840.1665586534	56126.6410776484	53485.2267354602
a251_REV_gac-miR-193a-2-3p	10.6985384476256	8.76089524494405	0	5.18516466871129	0	11.0168903943729	0	1.02896241018493	0	8.6835590886196	11.7931520496531	0	0	0	0	1.54525311555145	12.3355655645918	0	0
a269_REV_gac-miR-27b-3p_gac-miR-27c-1-3p	65.3799571799344	81.3511701316233	63.4184977100906	33.7035703466234	31.0932393586041	39.4771905798361	21.5990857895179	74.0852935333149	60.3884303087942	56.4431340760274	61.1099697118387	28.2990296186784	68.5129720165418	49.5299498407134	34.6251669100548	37.8587013310105	42.0530644247447	28.1339751810402	19.2823931783906
a255_REV_gac-miR-460-3p	13.6703546830772	2.50311292712687	0	3.6296152680979	0	0	0	0	0	0	0	0	0	7.70465886411098	18.1369921909811	0	0	0	6.88656899228237
a256_REV_gac-miR-730-3p	8.91544870635469	1.25155646356344	4.5955433123254	1.55554940061339	0	1.83614839906214	21.5990857895179	11.8330677171267	25.6193340703976	0	4.28841892714658	22.8569085381633	20.6626423541951	0	18.1369921909811	16.2251577132902	0	0	0
a254_REV_gac-miR-7bb-3p	1.78308974127094	2.50311292712687	1.83821732493016	0.518516466871129	0	0	0	0	58.5584778751944	8.6835590886196	2.14420946357329	5.44212108051508	0	0	4.94645241572212	0	0	0	4.13194139536942
