		B9_F	B31_F	B27_F	O25_F	O32_F	O55_F	O59_F	O63_F	T9_F	T26_F	T31_F	T32_F	T13_F	T23_F	B11_M	B14_M	B17_M	B19_M	O49_M	O51_M	O29_M	O33_M	O38_M	O39_M	O46_M	O53_M	T1_M	T3_M	T12_M
nomCol	Gene	B9_F	B31_F	B27_F	O25_F	O32_F	O55_F	O59_F	O63_F	T9_F	T26_F	T31_F	T32_F	T13_F	T23_F	B11_M	B14_M	B17_M	B19_M	O49_M	O51_M	O29_M	O33_M	O38_M	O39_M	O46_M	O53_M	T1_M	T3_M	T12_M
miR-ENSGACG00000022167-5p	miR-ENSGACG00000022167-5p	23	4	11	423	192	528	11	50	0	0	0	0	0	0	23	18	2	0	724	99	757	340	139	274	1310	221	0	0	0
miR-ENSGACG00000022167-3p	miR-ENSGACG00000022167-3p	0	0	0	248	145	39	25	189	0	0	0	0	0	0	0	0	0	0	84	327	581	111	0	219	208	55	0	0	0
miR-99a-5p	miR-99a-5p	6502	4184	19219	28722	17763	17890	15332	11023	1262	3334	7995	483	290	3257	21818	12354	19378	27641	29281	8309	16561	13503	9032	10627	20504	22558	648	713	1156
miR-99a-3p	miR-99a-3p	1	0	38	0	0	0	0	0	0	0	0	0	0	0	17	0	10	45	0	0	0	0	0	0	0	0	0	0	0
miR-92a-3p	miR-92a-3p	495068	307391	642180	190588	165790	236304	646080	182022	80127	678029	714525	48906	65392	23330	763324	237197	289043	457723	269996	193519	125756	172328	55290	93309	207015	247822	266948	55441	121523
miR-92a-2-5p	miR-92a-2-5p	66	191	316	0	0	0	0	0	183	3191	1070	87	198	38	301	87	202	373	0	0	0	0	0	0	0	0	701	20	145
miR-92a-1-5p	miR-92a-1-5p	463	304	951	568	238	245	520	213	0	0	0	0	0	0	887	246	284	760	367	317	266	299	132	122	277	296	0	0	0
miR-9-5p	miR-9-5p	9	17	164	328	344	1957	2647	0	1	522	123	41	0	29	95	65	55	150	39	2700	34	85	1004	271	147	123	111	0	0
miR-9-1/3/5/6-3p	miR-9-1/3/5/6-3p	6	15	125	43	105	604	181	11	0	0	0	6	0	0	59	81	26	88	8	392	33	8	153	131	32	152	0	0	0
miR-8159-5p	miR-8159-5p	67	0	20	41	3369	147	0	0	28	0	26	0	0	0	22	18	37	39	0	9733	2	0	1069	1	37	0	0	0	0
miR-737-5p	miR-737-5p	232	168	883	1712	2811	1127	1503	163	72	1302	1353	80	186	138	518	268	1139	1782	118	741	457	896	55	703	459	459	137	12	232
miR-733-1-5p	miR-733-1-5p	0	12	10	0	0	0	0	0	0	0	0	0	0	0	0	26	0	1	0	0	0	0	0	0	0	0	0	0	0
miR-730-5p	miR-730-5p	29	15	8	6	5	16	0	0	23	0	0	1	8	143	10	9	21	26	14	0	7	7	0	9	24	11	11	80	4
miR-728b-5p	miR-728b-5p	0	0	0	0	0	0	0	0	0	0	0	0	0	0	0	0	27	0	0	0	0	0	0	0	0	0	0	0	0
miR-727b-5p	miR-727b-5p	46	22	301	18	0	0	0	0	0	0	0	0	0	0	122	154	602	1122	13	0	2	0	0	0	6	0	0	0	0
miR-727b-3p	miR-727b-3p	41	14	163	0	0	0	0	0	0	0	0	0	0	0	86	94	727	534	0	0	0	0	0	0	0	0	0	0	0
miR-725-3p	miR-725-3p	68	425	993	50	1626	3388	2197	1050	234	183	100	42	12	81	1145	631	356	2142	1031	500	733	1416	159	2396	477	5546	32	50	56
miR-724-5p	miR-724-5p	50	25	123	1299	60	130	9	0	0	0	197	0	0	6	37	68	94	115	164	41	629	99	63	42	111	1659	0	115	0
miR-722-3p	miR-722-3p	52	20	200	209	2201	256	85	41	0	13	12	0	0	30	353	125	241	267	55	143	14	145	62	128	29	21	0	90	13
miR-7147-5p	miR-7147-5p	32	18	24	0	3	0	84	0	0	0	0	0	0	0	0	0	11	17	0	0	1	0	0	0	12	0	0	0	0
miR-7133-3p	miR-7133-3p	352	111	214	432	401	457	2046	166	3	19	0	1	11	0	87	82	225	436	96	110	224	238	0	169	433	302	0	0	0
miR-7132b-5p	miR-7132b-5p	1483	462	348	0	0	0	0	0	0	0	0	0	0	0	234	146	203	348	0	0	0	0	0	0	0	0	0	0	0
miR-7132a-5p_gac-miR-7132b-5p	miR-7132a-5p_gac-miR-7132b-5p	656	257	644	657	937	720	1454	96	1037	13193	5328	345	867	463	87	188	87	198	245	1467	411	721	148	598	544	898	2192	853	1470
miR-7132a-5p	miR-7132a-5p	553	164	104	0	0	0	0	0	0	0	0	0	0	0	56	66	55	56	0	0	0	0	0	0	0	0	0	0	0
miR-7-5p	miR-7-5p	71	10	211	1005	614	6012	2524	220	3	961	673	36	16	33	80	92	328	361	3164	587	145	187	195	128	121	457	95	0	122
miR-551a-3p	miR-551a-3p	235	203	909	330	58	185	184	16	121	311	470	66	25	125	1227	449	659	987	123	51	42	144	764	213	305	151	8	43	10
miR-499a-5p	miR-499a-5p	29	48	413	15990	144	100	177	117	242	0	91	0	2	0	878	249	1821	3324	151	20	2721	330	257	758	607	1357	18	10	10
miR-489-5p	miR-489-5p	0	0	30	0	0	0	0	0	0	0	0	0	0	0	0	0	1	0	0	0	0	0	0	0	0	0	0	0	0
miR-489-3p	miR-489-3p	149	44	474	149	33	82	142	35	104	1	0	3	0	31	397	155	349	489	99	125	56	43	0	21	153	234	0	0	0
miR-460-5p	miR-460-5p	0	63	174	11	712	42	16	0	16	43	7	0	0	3	52	29	7	110	0	208	3	13	70	0	14	0	35	0	0
miR-458-3p	miR-458-3p	47	5	61	40	77	0	0	0	0	0	0	0	2	0	29	41	59	52	24	39	4	19	121	30	17	17	0	0	0
miR-456-3p	miR-456-3p	350	440	859	540	1204	728	594	309	100	973	399	19	40	90	597	252	550	855	294	1046	210	346	303	321	267	345	67	88	87
miR-455-5p	miR-455-5p	214	80	685	640	515	171	196	51	20	0	142	14	2	67	340	232	247	395	241	165	234	270	228	242	157	136	3	0	1
miR-455-3p	miR-455-3p	447	289	656	612	682	714	318	91	50	98	135	5	0	83	803	443	743	714	169	181	335	519	213	496	431	285	0	0	116
miR-454b-3p	miR-454b-3p	96	28	231	77	101	62	0	0	3	469	0	0	0	0	226	125	225	655	29	41	32	48	0	36	13	6	0	0	0
miR-451-5p	miR-451-5p	182963	40515	187721	157458	127905	36596	42204	24853	14753	181682	64519	16367	12334	31886	365810	130219	226646	422315	61040	53930	49250	39381	14792	42510	37214	107352	17662	6238	19894
miR-429a-3p	miR-429a-3p	15	272	170	231	613	655	378	41	84	211	255	8	4	53	207	88	72	617	439	23	245	550	109	261	240	680	25	6	105
miR-425-5p	miR-425-5p	6660	12172	16992	7541	5930	21095	42011	5781	2806	15018	20342	1165	2733	1158	21252	7210	13209	18050	13535	9843	5380	14710	3718	11018	12434	20162	3442	1527	1748
miR-375a-3p	miR-375a-3p	653	10375	6353	959	2656	966824	45009	15906	4734	11649	3707	481	499	936	4132	2267	1086	5520	410991	4766	5915	13761	3601	11654	9132	55274	1222	1455	1068
miR-365-2b-5p	miR-365-2b-5p	41	40	349	27	31	69	12	47	131	80	122	12	0	4	256	117	218	257	124	2	28	43	38	8	114	25	4	32	33
miR-365-2b-3p	miR-365-2b-3p	3757	644	9382	929	501	388	369	753	191	1353	1377	120	74	492	12096	6294	9031	12245	754	507	471	390	177	292	1053	1504	134	14	485
miR-34a-5p	miR-34a-5p	23	12	28	86	135	0	306	0	0	0	0	0	0	0	0	4	28	35	5	0	2	20	0	4	4	0	0	0	0
miR-338-3p	miR-338-3p	22	7	87	205	290	90	96	99	21	62	88	0	0	7	160	96	139	532	172	157	102	36	176	115	91	55	12	0	0
miR-338-1b-5p	miR-338-1b-5p	0	8	26	0	0	0	0	0	0	0	44	0	14	0	8	0	2	12	0	0	0	0	0	0	0	0	0	11	0
miR-338-1a-5p	miR-338-1a-5p	18	0	111	16	20	0	42	0	0	0	0	0	0	0	28	10	75	184	16	0	17	3	51	36	28	0	0	0	0
miR-31a-5p	miR-31a-5p	55	98	347	1608	266	5	148	2	0	264	275	23	24	3	189	277	61	191	167	0	178	268	111	354	135	464	0	0	0
miR-30e-5p	miR-30e-5p	1445	459	800	10003	3486	1325	3190	274	254	2886	1612	85	73	158	1534	458	1369	2196	1077	911	844	741	744	490	989	1561	76	125	332
miR-30e-3p	miR-30e-3p	2898	1438	3716	4721	6140	9593	12249	1442	517	23178	9835	1656	1340	1406	7401	2193	6021	6918	1124	5786	1296	2334	960	2160	1646	6732	2281	1135	2007
miR-30c-2-5p	miR-30c-2-5p	6302	3035	6110	9428	21543	14916	15483	3871	534	19482	6222	451	966	639	7678	4274	7191	11224	2331	7977	2208	6680	1770	8839	3809	7184	1048	825	1701
miR-30c-1-5p_gac-miR-30c-2-5p	miR-30c-1-5p_gac-miR-30c-2-5p	63	53	50	196	214	345	45	67	15	126	10	15	11	4	111	79	74	144	12	105	44	120	0	107	54	83	1	4	3
miR-30c-1-5p	miR-30c-1-5p	2028	1034	2310	3364	3377	4802	1224	607	127	2613	2605	90	76	389	3062	1378	3612	4401	889	1126	895	3615	817	2917	1475	2251	176	24	228
miR-30bb-5p	miR-30bb-5p	634	205	757	1949	1579	945	1411	389	39	1878	567	40	98	167	1110	655	959	1727	404	900	338	474	128	787	565	495	36	0	129
miR-30bb-3p	miR-30bb-3p	17	0	45	74	119	114	199	0	6	565	523	10	4	35	92	6	61	81	34	88	38	33	0	47	4	0	8	0	0
miR-30a-5p	miR-30a-5p	33090	12623	37527	37681	42720	37403	56965	8623	4605	48631	37712	4313	5667	5702	47111	22315	35134	48410	21226	34876	12350	15631	12015	15765	13539	25757	8800	2581	6713
miR-301b-5p	miR-301b-5p	0	0	0	0	0	0	0	0	0	0	0	0	0	0	0	0	12	6	0	0	0	0	0	0	0	0	0	0	0
miR-29b-1a/2a-3p	miR-29b-1a/2a-3p	20	0	0	147	156	7	278	0	32	178	209	7	30	49	5	0	25	54	78	97	19	11	46	24	41	48	5	0	0
miR-29a-3p_gac-miR-29b-1a/2a-3p	miR-29a-3p_gac-miR-29b-1a/2a-3p	0	0	18	0	4	0	0	0	0	0	0	0	0	0	0	0	0	0	26	0	4	6	0	0	5	0	0	0	0
miR-29a-3p	miR-29a-3p	149	25	87	0	0	0	0	0	1	799	658	10	10	70	193	45	79	266	0	0	0	0	0	0	0	0	80	76	118
miR-27e-3p	miR-27e-3p	633	721	4488	1028	2782	1858	1196	224	533	1485	2125	70	35	149	2872	1488	2301	5321	1013	591	876	1202	963	1745	878	2249	409	5	68
miR-27c-1-5p	miR-27c-1-5p	369	301	933	0	0	0	0	0	69	386	849	28	46	30	544	378	531	743	0	0	0	0	0	0	0	0	110	127	14
miR-27c-1-3p	miR-27c-1-3p	5459	2331	5015	3206	3792	912	6126	871	414	5824	6436	226	331	199	5233	2529	4877	6460	1254	1496	1607	1800	706	1692	1186	2300	924	214	637
miR-27b-5p	miR-27b-5p	58	69	294	249	348	587	9	8	18	182	70	4	2	0	239	105	60	334	284	69	119	129	0	162	97	80	44	0	93
miR-27b-3p	miR-27b-3p	1586	1586	6628	9796	9896	6788	4427	934	879	2532	6669	340	410	1038	6806	2738	5756	7893	4457	3772	2392	3962	2525	3911	2019	4844	853	81	973
miR-27a-5p	miR-27a-5p	52	74	64	35	43	44	42	0	10	3	188	9	3	0	39	39	56	111	17	0	25	64	0	28	41	51	57	0	7
miR-27a-3p_gac-miR-27b-3p_gac-miR-27e-3p	miR-27a-3p_gac-miR-27b-3p_gac-miR-27e-3p	23	12	77	51	43	0	0	10	48	24	188	4	0	30	53	48	29	63	38	0	22	26	0	5	19	64	8	4	6
miR-27a-3p	miR-27a-3p	85	62	136	703	249	4	152	0	21	130	497	13	6	9	96	74	91	352	164	25	120	117	48	59	110	246	0	7	187
miR-26b-3p	miR-26b-3p	52	19	51	166	121	285	58	65	91	22	16	9	70	0	140	126	187	319	15	27	58	71	73	19	41	30	0	87	62
miR-26-5p	miR-26-5p	61036	25088	77661	159794	191704	74712	138603	23779	7709	54920	46899	3038	6763	4688	96437	41988	94771	145547	60751	76358	44026	49775	30509	55321	40906	59782	9818	3772	7628
miR-24-6-5p	miR-24-6-5p	20	5	10	8	15	0	72	0	0	0	0	0	0	0	0	13	23	37	13	0	3	21	0	0	6	0	0	0	0
miR-24-4a-5p	miR-24-4a-5p	0	0	36	0	0	0	0	0	0	0	0	0	0	0	0	0	0	0	0	0	0	0	0	0	0	0	0	0	0
miR-24-3p	miR-24-3p	2075	1195	3209	3732	2286	1106	3218	373	160	2151	2260	107	153	109	2033	920	1781	2351	1949	679	1206	1373	1835	1107	956	1181	229	209	414
miR-24-2-5p	miR-24-2-5p	497	456	741	181	91	16	318	21	69	226	527	10	25	8	390	212	454	665	115	76	141	134	27	110	162	77	120	7	127
miR-23b-2-5p	miR-23b-2-5p	29	148	302	110	46	273	9	70	115	422	1009	22	8	117	224	75	81	231	253	0	78	142	254	83	170	126	19	13	4
miR-23b-2-3p	miR-23b-2-3p	1598	932	3876	6422	4576	3373	2192	1133	447	2286	2854	75	80	397	3741	1663	3029	6523	2765	1686	1415	3290	1553	1856	2127	2502	213	36	533
miR-23a-3p_gac-miR-23b-2-3p	miR-23a-3p_gac-miR-23b-2-3p	139	24	181	37	20	0	4	2	25	53	0	13	9	26	156	33	90	162	12	35	5	33	7	16	16	11	15	0	92
miR-23a-3p	miR-23a-3p	37845	25423	46908	30418	19983	16299	42196	11382	4685	19150	14582	1281	1607	2104	39956	26539	38775	64487	19271	8034	14635	21832	9413	13944	19342	22077	3824	1748	2225
miR-23a-3-5p	miR-23a-3-5p	39	88	196	115	105	54	3	2	0	0	11	10	0	0	72	70	47	168	172	71	68	90	83	81	32	60	0	0	0
miR-23a-2-5p	miR-23a-2-5p	134	187	253	40	60	0	90	0	0	0	0	0	0	0	109	58	118	209	75	163	38	13	2	19	27	16	0	0	0
miR-23a-1-5p	miR-23a-1-5p	84	53	360	7	20	31	60	0	0	0	0	0	0	0	197	99	175	230	0	68	6	14	0	20	29	170	0	0	0
miR-22b-5p	miR-22b-5p	747	725	3857	1259	766	1286	1231	680	550	1757	2133	270	194	290	9248	3205	4438	6747	781	649	362	615	492	799	1027	1400	579	107	233
miR-22b-3p	miR-22b-3p	100	10	144	71	86	100	23	3	2	263	142	9	8	2	345	143	194	356	22	28	33	0	49	27	29	0	0	0	3
miR-22a-5p	miR-22a-5p	325	348	2192	2606	9475	2871	2566	699	168	1300	956	88	81	301	2557	1261	3655	3806	370	1751	638	1419	327	2218	1037	879	206	186	380
miR-22a-3p	miR-22a-3p	41620	21485	180264	59251	226601	235182	324588	44677	11536	96059	125230	15346	6936	23262	124877	75817	113073	149599	41186	239042	23298	36351	70853	72252	57044	98918	10883	8038	15293
miR-223-3p	miR-223-3p	29905	15453	21017	29175	41299	96756	110392	10638	5142	19438	11689	1407	3864	2140	18594	10748	22578	31659	19393	96892	32766	44183	15879	113078	53947	28156	5894	993	2854
miR-222c-5p	miR-222c-5p	26	0	41	23	40	0	0	41	13	506	107	30	0	73	97	2	64	93	0	91	13	0	0	8	0	11	0	0	0
miR-222a-5p	miR-222a-5p	103	0	35	30	212	57	151	56	30	289	0	0	0	0	62	13	98	58	0	89	6	61	0	23	0	184	0	0	0
miR-222-3p	miR-222-3p	3431	1373	4151	2721	13965	1084	5490	447	461	2774	1451	194	80	215	2638	2015	3452	6368	830	2892	768	1729	568	1503	1512	1269	369	85	208
miR-221a-5p	miR-221a-5p	0	29	40	42	148	54	84	0	0	93	7	2	0	19	43	26	11	107	7	0	4	11	43	15	35	19	46	0	0
miR-221-3p	miR-221-3p	2067	658	2817	3842	16465	2861	7387	847	484	3582	1141	135	78	173	2191	1165	2379	2963	966	2997	1024	1932	755	2130	1114	2424	230	80	66
miR-21a-3p	miR-21a-3p	3	0	18	0	0	0	0	0	35	504	144	16	19	102	0	6	2	0	0	0	0	0	0	0	0	0	0	0	5
miR-218b-5p	miR-218b-5p	8	6	6	0	0	0	0	0	0	0	0	0	0	0	0	0	3	4	0	0	0	0	0	0	0	0	0	0	0
miR-218a-2-5p_gac-miR-218b-5p	miR-218a-2-5p_gac-miR-218b-5p	0	0	35	28	3	0	0	0	0	0	214	8	0	0	24	4	2	10	0	3	3	9	0	9	0	19	0	0	0
miR-218a-2-5p	miR-218a-2-5p	195	240	1026	894	332	155	301	128	10	513	461	35	26	24	687	563	1151	1464	203	436	198	329	186	174	181	231	19	1	0
miR-2188-5p	miR-2188-5p	58582	16308	51136	32343	26860	11065	18140	7369	1010	3782	4218	448	597	2357	76694	23710	41902	92059	10917	17213	12346	11103	2553	13265	6728	30988	1242	335	1480
miR-2188-3p	miR-2188-3p	7747	4585	19847	40759	28847	13562	24642	13204	1956	15926	20743	5623	2591	2496	24030	6678	14646	21202	15098	26166	12691	11637	9868	8470	6737	28221	3305	2258	2722
miR-217a-5p	miR-217a-5p	33	7	43	0	373	0	0	37	0	82	196	0	28	3	96	26	73	168	0	788	0	0	52	0	8	0	0	8	4
miR-216b-5p	miR-216b-5p	0	0	19	0	104	0	0	0	0	0	0	0	0	0	9	2	60	40	0	310	0	0	41	0	0	0	0	0	0
miR-214a-3p	miR-214a-3p	13855	11298	39940	16006	10315	6502	5522	5827	587	874	2396	265	68	983	47517	20628	43293	71220	22462	6367	12889	10446	11997	8984	15094	10093	354	276	437
miR-212b-5p	miR-212b-5p	19	0	10	0	0	447	25	0	0	0	0	0	0	0	7	0	0	8	346	0	0	0	0	0	8	0	0	0	0
miR-212a-5p	miR-212a-5p	0	8	0	5	0	0	1	0	22	824	413	13	15	31	0	0	36	1	36	0	0	7	18	0	5	0	36	51	6
miR-210-5p	miR-210-5p	839	454	1706	1574	4497	2270	3871	975	553	5187	7147	471	534	473	1707	787	1720	1837	1799	2182	1088	1379	2157	1831	1413	922	1367	45	766
miR-210-3p	miR-210-3p	181	10	85	220	582	106	763	79	6	520	99	17	48	0	65	19	125	93	40	336	100	115	106	117	60	157	6	0	107
miR-21-5p	miR-21-5p	53203	20732	76271	254684	265330	79448	260515	30183	37602	393440	252287	22638	31117	20980	67561	34754	68375	111711	46047	94967	55143	76745	32165	98781	69476	58103	33616	11659	23896
miR-20b-5p	miR-20b-5p	0	1	19	0	0	0	0	0	0	0	0	0	0	0	2	0	0	15	0	0	0	0	0	0	0	0	0	0	0
miR-20a-5p	miR-20a-5p	265	35	72	619	431	67	321	5	33	465	555	30	33	45	60	32	164	340	48	124	48	94	102	67	93	2	41	0	5
miR-206-1-3p	miR-206-1-3p	34089	12442	119212	14317	7301	10762	11659	9227	17074	9638	4938	3616	1117	6743	173346	76937	135705	181380	13864	4732	11505	13709	21624	25671	14941	12833	3063	6901	4784
miR-205-1-5p	miR-205-1-5p	1186	16875	25948	994	10177	24179	15682	5065	563	2093	1462	103	149	220	6828	5417	2660	19519	20125	3247	8532	25521	3645	21153	17293	27852	334	80	416
miR-204-2b-3p	miR-204-2b-3p	43	73	240	0	0	0	0	0	22	111	150	20	13	8	53	63	154	270	0	0	0	0	0	0	0	0	3	0	106
miR-204-1/2b-5p	miR-204-1/2b-5p	14270	7045	44703	2045	759	326	3282	1518	5698	8757	31658	2290	1255	5413	16614	20305	19429	68742	1722	359	846	1350	268	166	6872	1202	2713	3150	2214
miR-200b-5p	miR-200b-5p	0	55	1	8	32	196	125	31	23	0	0	0	0	0	0	18	3	72	26	0	23	71	0	49	69	74	0	0	0
miR-200b-3p	miR-200b-3p	348	9118	6259	8600	20639	52969	26503	7438	1498	4107	2787	148	396	289	5390	2793	2196	19407	7662	8606	6456	24248	1132	17073	12130	28498	558	692	1483
miR-200a-3p	miR-200a-3p	85	945	1045	1208	4522	4552	2222	814	515	527	1248	49	24	10	671	328	262	2078	1948	894	1127	2076	611	1881	1605	3474	48	81	58
miR-19b-3p	miR-19b-3p	132	47	135	945	461	358	456	58	1	549	189	34	103	17	221	27	186	431	84	268	103	234	0	75	160	359	5	45	16
miR-199-5p	miR-199-5p	3194	1882	8149	2327	4226	1628	2147	716	312	784	2251	129	94	1318	8340	4664	8874	12073	2075	2415	1969	2118	1228	2175	1909	2368	305	3	213
miR-199-3p	miR-199-3p	7705	7395	47993	37120	43625	15519	17484	7773	2194	5436	12711	1151	873	4946	38454	23421	38318	60546	9261	18231	14697	18422	6922	23659	13987	12114	1886	714	2110
miR-196d-5p	miR-196d-5p	113	53	306	0	0	0	0	0	8	0	3	9	22	2	579	230	564	666	0	0	0	0	0	0	0	0	1	0	0
miR-196d-3p	miR-196d-3p	95	25	328	0	0	0	0	0	8	0	0	17	0	0	268	117	354	365	0	0	0	0	0	0	0	0	5	0	8
miR-196a-5p	miR-196a-5p	218	182	2318	0	0	0	0	0	196	60	328	30	21	124	1700	1087	2023	3257	0	0	0	0	0	0	0	0	44	0	41
miR-194a-5p	miR-194a-5p	47	0	23	12303	12694	586	522	0	1	43	117	11	28	2	31	13	2	15	691	496	210	526	729	411	293	0	0	0	24
miR-194a-3p	miR-194a-3p	0	0	0	0	152	35	2	0	0	0	0	0	0	0	0	0	0	0	0	0	0	4	0	0	0	0	0	0	0
miR-193a-2-5p	miR-193a-2-5p	555	349	2497	332	135	0	58	46	203	1	263	40	0	61	1565	873	1435	1706	507	272	120	124	238	61	214	345	6	34	0
miR-191-5p	miR-191-5p	14671	29021	41459	0	0	0	0	0	5328	25999	29744	2148	2676	2380	44924	17060	31283	44013	0	0	0	0	0	0	0	0	3198	1877	2311
miR-18c-5p	miR-18c-5p	45	26	52	0	0	0	0	0	31	92	379	53	0	0	38	44	74	179	0	0	0	0	0	0	0	0	1	0	0
miR-18a/b-5p	miR-18a/b-5p	128	8	0	44	65	0	5	0	0	352	179	0	1	2	6	0	27	76	31	0	2	27	15	24	13	150	1	0	0
miR-18a-3p	miR-18a-3p	93	66	34	87	83	82	281	121	0	0	0	0	0	0	125	77	83	142	59	0	35	64	0	56	62	146	0	0	0
miR-184-3p	miR-184-3p	83	1336	3042	673	1002	2880	1536	1710	268	1740	453	77	75	134	1246	964	553	5469	1386	869	904	651	190	709	1077	2824	114	2	24
miR-183-5p	miR-183-5p	648	211	764	577	250	2720	4837	197	7	651	190	57	26	91	239	278	207	499	626	672	214	695	31	307	189	1443	59	10	128
miR-182b-5p	miR-182b-5p	65	20	2	90	89	151	1243	50	18	102	0	11	5	45	32	10	8	20	109	76	37	3	0	32	24	162	0	0	9
miR-182a-5p_gac-miR-182b-5p	miR-182a-5p_gac-miR-182b-5p	8	0	40	21	0	23	115	0	0	9	121	1	2	0	23	19	0	53	5	0	4	9	0	7	0	18	0	0	0
miR-182a-5p	miR-182a-5p	55	40	183	350	28	729	233	31	0	333	258	11	0	61	101	58	26	120	136	52	55	217	68	105	96	248	35	0	2
miR-181b-2/3-5p_gac-miR-181c-5p	miR-181b-2/3-5p_gac-miR-181c-5p	1078	719	3660	908	7029	2199	2306	200	474	1729	3321	249	207	298	1404	1155	2098	2412	674	1792	509	1535	965	773	699	1461	461	32	312
miR-181b-1-5p	miR-181b-1-5p	692	611	2085	119	167	149	425	111	105	615	875	14	109	142	776	718	978	1294	157	117	69	78	141	104	184	200	116	0	59
miR-181a-5p	miR-181a-5p	13059	7350	26278	5015	18748	5674	10757	965	1252	9553	12339	515	732	1336	13517	11363	13823	15815	4774	4213	3046	3804	3094	2878	2808	3952	1426	389	1926
miR-181a-3-3p	miR-181a-3-3p	567	311	1196	190	347	230	179	122	0	0	0	0	0	0	806	437	585	835	89	202	78	125	109	115	145	268	0	0	0
miR-181a-2-3p_gac-miR-181a-3-3p	miR-181a-2-3p_gac-miR-181a-3-3p	30	1	44	45	94	66	51	0	1263	17138	14701	1355	897	1572	22	23	10	63	0	62	3	20	0	7	4	81	1883	960	1077
miR-181a-2-3p	miR-181a-2-3p	1110	595	1868	594	2263	1202	1552	331	0	0	0	0	0	0	1885	979	1230	1801	278	1321	173	661	116	244	523	946	0	0	0
miR-181a-1-3p	miR-181a-1-3p	270	123	459	39	12	334	126	0	101	334	115	3	0	0	246	204	212	234	48	78	17	61	0	0	26	28	14	17	3
miR-17a-5p	miR-17a-5p	260	28	63	224	272	153	179	41	1	468	772	25	51	31	143	69	124	254	46	204	19	23	0	29	38	4	0	0	3
miR-16c-5p	miR-16c-5p	44890	39092	78794	81673	82292	94522	201888	23400	7478	151759	117727	8904	19634	2756	78510	34082	82108	103292	61964	95844	42073	46722	33611	44062	34304	45586	24455	6852	10408
miR-16a-5p_gac-miR-16c-5p	miR-16a-5p_gac-miR-16c-5p	2462	1205	4632	19601	15720	10138	20666	3340	617	14135	8177	699	1284	532	5249	2035	4326	6947	6719	12529	6149	6895	4567	6323	4296	8398	1111	234	1226
miR-16a-5p	miR-16a-5p	3650	1774	5343	0	0	0	0	0	141	2444	2558	129	300	336	5991	2608	5945	13686	0	0	0	0	0	0	0	0	288	138	215
miR-15c-5p	miR-15c-5p	105615	75744	136626	84198	56580	38477	107034	21742	5716	66882	52851	5566	7507	4581	156659	53428	133844	174583	54018	45772	43860	40769	16424	39154	31023	67720	12859	2055	7926
miR-15c-3p	miR-15c-3p	49	6	90	10	8	0	45	4	0	0	0	0	0	0	21	11	3	26	9	0	5	0	110	3	13	0	0	0	0
miR-15b-1-5p	miR-15b-1-5p	2165	182	662	125	145	93	11	63	32	567	555	22	73	58	930	226	485	2224	195	300	102	78	19	99	32	381	23	0	126
miR-15a-2-5p	miR-15a-2-5p	8527	4563	9481	28470	28123	14387	35563	5869	3717	54855	29650	3111	4350	1529	11499	4082	11350	15401	13737	18248	10258	9590	7484	8973	6553	16204	6124	1559	3921
miR-155-5p	miR-155-5p	457	155	315	207	206	487	1214	64	329	8566	4492	388	354	113	176	160	100	267	135	322	120	502	30	266	352	192	760	134	418
miR-152a-5p	miR-152a-5p	229	69	513	256	1204	961	232	123	29	354	89	19	15	114	546	248	411	647	507	718	98	142	326	225	239	419	0	5	22
miR-152a-3p	miR-152a-3p	325	86	705	1122	2853	728	445	214	44	293	238	27	38	213	719	260	527	1163	373	792	242	407	113	338	722	296	16	0	14
miR-150-5p	miR-150-5p	1524	14023	2157	8344	1646	53423	13204	4746	2221	18203	10309	513	648	349	806	479	1106	2074	44019	2790	4777	83994	4684	27061	24525	35507	2799	326	7062
miR-148a-3p	miR-148a-3p	323	121	860	12060	5533	2032	906	173	71	741	1260	38	30	213	857	293	576	1137	698	1367	394	493	1125	575	775	424	25	18	103
miR-146a-5p	miR-146a-5p	4531	2093	8345	78858	84230	53724	189173	52986	2695	53125	30293	4928	2292	4504	5780	3307	3962	9860	10848	78312	19282	40646	5528	49168	19103	64295	2187	1771	3553
miR-146a-3p	miR-146a-3p	83	61	212	2568	2912	2265	7801	2403	0	0	0	0	0	0	149	87	70	256	929	2581	751	1349	1364	1680	761	3385	0	0	35
miR-145-5p	miR-145-5p	435	212	1075	1605	2673	634	1615	1094	81	634	582	11	24	69	2337	543	1538	2921	3541	388	972	2895	1051	1418	1447	1035	41	27	215
miR-145-3p	miR-145-3p	135	82	972	975	1812	888	685	425	134	696	887	37	0	244	1022	367	888	1178	1281	758	283	1322	1082	762	358	854	80	17	173
miR-144-5p	miR-144-5p	5758	942	6588	8369	5594	1968	3962	998	216	3881	4379	1255	441	509	6634	2073	4356	8552	1544	2842	2024	2240	539	1748	1765	3844	258	321	861
miR-144-3p	miR-144-3p	802	49	262	953	238	285	534	119	3	842	762	22	5	85	940	110	251	1686	206	275	181	169	99	8	179	834	0	8	27
miR-143-5p	miR-143-5p	0	5	0	22	47	69	0	0	0	0	0	0	0	0	15	0	11	21	0	0	0	24	55	12	0	3	0	0	0
miR-143-3p	miR-143-3p	4068	1799	10615	34322	42160	16774	12050	15740	1213	18305	15445	1190	372	2435	10945	3838	7795	18067	25879	13532	6156	16278	13579	9058	9256	11317	1284	1459	1694
miR-142-5p	miR-142-5p	481	113	316	321	170	268	1273	121	66	7497	2788	199	200	53	310	124	180	574	138	413	123	144	0	105	129	241	658	6	438
miR-142-3p	miR-142-3p	514	61	54	294	132	118	570	7	9	1672	106	37	21	91	120	14	89	219	62	138	49	68	0	74	171	200	193	0	23
miR-140-5p	miR-140-5p	24	2	73	124	191	0	166	47	0	0	75	2	28	44	191	43	53	161	89	49	44	79	51	60	55	72	0	0	13
miR-140-3p	miR-140-3p	3562	992	3467	2611	2626	1452	1079	627	60	5607	4362	443	408	694	13885	2621	3559	5995	930	1546	729	1321	210	500	479	2498	536	231	612
miR-139-5p	miR-139-5p	320	368	564	885	5238	674	288	158	491	1650	1426	50	177	116	785	250	1302	1180	605	862	370	647	649	683	746	480	224	39	7
miR-1388-3p	miR-1388-3p	800	252	575	305	473	1040	1260	55	560	4124	4788	436	244	120	341	194	135	340	294	208	199	363	49	512	289	776	529	125	283
miR-135a-1-5p	miR-135a-1-5p	0	1	0	58	19	9	235	0	0	0	0	0	0	0	20	2	25	1	15	0	59	39	70	65	36	42	0	0	0
miR-133b-3p	miR-133b-3p	231	8	309	15	11	0	381	8	0	0	99	0	0	21	816	409	289	447	10	0	22	0	0	37	12	34	0	0	0
miR-133a-5p	miR-133a-5p	117	18	235	40	18	0	0	0	69	249	39	32	0	73	377	147	572	569	0	0	29	0	0	11	24	0	93	68	134
miR-133a-3p_gac-miR-133b-3p	miR-133a-3p_gac-miR-133b-3p	273	15	130	0	0	0	0	0	7	0	0	0	4	10	565	223	181	459	0	0	0	0	0	0	0	0	0	0	0
miR-133a-3p	miR-133a-3p	25269	6194	80288	7926	1741	2482	3444	1369	1446	1067	2021	867	513	2334	120908	58756	72720	68731	925	1345	3711	2351	140	5275	4166	3613	1194	2245	1250
miR-130c-3p	miR-130c-3p	0	0	0	5	4	142	0	0	17	0	377	1	9	0	2	0	7	39	0	0	3	11	36	0	0	0	55	0	0
miR-130c-2-5p	miR-130c-2-5p	38	8	106	15	15	121	26	0	82	532	238	31	41	8	98	60	77	100	22	0	2	17	40	0	15	0	4	3	0
miR-130b-5p	miR-130b-5p	1915	1609	5477	1250	927	3712	1913	650	1031	7418	3832	310	460	467	5940	3488	4722	8025	772	1480	400	871	939	943	902	1225	532	1038	603
miR-130b-3p	miR-130b-3p	5	4	28	1	3	0	144	0	0	243	118	5	2	73	12	2	26	115	0	0	0	4	0	0	0	0	3	10	67
miR-1306-5p	miR-1306-5p	189	264	364	442	74	324	128	165	0	0	0	0	0	0	509	169	389	743	328	254	91	215	41	127	155	102	0	0	0
miR-129-1b/2-3p	miR-129-1b/2-3p	0	6	0	0	0	0	0	0	19	0	0	3	5	25	0	0	11	8	0	0	0	0	0	0	0	0	0	116	4
miR-129-1a/2-5p	miR-129-1a/2-5p	45	10	23	0	0	14	0	0	2	25	229	4	0	57	114	20	88	146	14	0	3	3	0	0	8	91	0	0	0
miR-128-2-3p	miR-128-2-3p	16671	13452	33520	18106	28617	27977	34205	8384	4626	36006	28156	2819	3313	2835	35724	11228	26176	36113	17731	22775	7805	10691	9693	12765	8943	17005	5618	2073	4025
miR-126b-5p	miR-126b-5p	415	195	1459	4219	2604	640	1114	436	274	1376	2748	210	141	515	1340	806	1808	4698	862	316	1073	1042	418	701	1560	879	539	0	299
miR-126b-3p	miR-126b-3p	9514	4156	24707	65946	53751	11742	26359	13778	3541	34288	39716	3913	2077	5460	15808	12343	22921	42793	11093	11441	15715	18520	3854	11475	30208	22382	4923	1773	4513
miR-125b-2/3-5p	miR-125b-2/3-5p	29723	16167	62402	81041	49992	32586	30748	31937	7410	13923	28219	2464	1272	12876	93186	38559	82936	142062	79911	22593	44015	48970	15008	38126	89547	41970	4355	2586	8195
miR-125b-2-3p	miR-125b-2-3p	88	150	374	100	85	105	5	105	204	223	647	34	8	75	357	143	248	433	79	155	39	45	154	47	77	185	306	291	98
miR-125a-5p	miR-125a-5p	24539	18885	52704	48738	18840	15567	24455	12817	6966	51280	31888	3325	3154	8350	63724	25940	36991	67248	38448	9869	20967	30261	6656	20276	29994	27504	8941	4425	10288
miR-125a-1-3p_gac-miR-125a-2-3p	miR-125a-1-3p_gac-miR-125a-2-3p	3	59	101	0	0	0	0	0	0	0	0	0	0	0	86	52	69	64	0	0	0	0	0	0	0	0	0	0	0
miR-122-5p	miR-122-5p	159	885	1515	418734	1944070	17290	5657	814	5383	1281	1819	126	743	393	517	193	751	969	14242	160993	6719	3854	287619	2223	26923	157	1118	168	1558
miR-122-3p	miR-122-3p	0	0	0	4823	4588	319	0	60	0	0	12	0	19	0	0	0	14	0	185	866	89	36	464	22	139	0	0	0	0
miR-10c-5p	miR-10c-5p	1188	631	2659	2186	8918	30602	15963	4437	454	600	882	114	77	511	3418	1631	2675	4370	5164	13319	1820	3968	2668	7806	4500	11222	581	385	260
miR-10b-5p	miR-10b-5p	14920	3952	46263	4018	2523	5409	12087	6369	3418	30903	50095	8147	3221	14995	45320	24482	31178	58884	3464	6988	1362	3640	1257	1139	6962	13750	6322	5736	8025
miR-10545-5p	miR-10545-5p	11	3	0	22	19	0	1	0	0	299	0	0	0	0	0	39	2	22	18	0	10	9	0	9	21	0	0	0	0
miR-103-3p	miR-103-3p	1329	895	1503	3721	3056	1105	2370	291	154	5653	1321	230	274	205	1754	706	1949	2858	782	1505	705	786	157	743	673	1056	624	109	212
miR-101b-5p	miR-101b-5p	832	334	753	999	1654	378	1039	299	221	998	273	26	54	14	1205	365	947	1554	410	772	492	423	288	382	361	634	11	0	29
miR-101b-3p	miR-101b-3p	39	12	57	121	132	0	148	163	0	472	334	11	0	0	89	8	68	113	0	142	15	2	31	16	35	85	12	0	0
miR-101a-3p	miR-101a-3p	4454	1505	8836	26657	7871	6471	14243	5765	380	16334	3579	996	933	829	13084	3034	9494	22038	2015	4326	1895	3339	946	1116	2593	8788	2360	490	1093
miR-100-2-5p	miR-100-2-5p	45970	21619	160377	88728	108798	136199	126863	87546	7988	29116	47979	9053	5139	25071	167155	71533	111928	147345	90905	130728	46797	61192	32597	63933	87434	177793	9217	8673	14041
miR-1-3p	miR-1-3p	32420	10103	162842	20331	6169	4032	13948	4781	6944	11591	27127	7355	3362	12909	160586	95516	113217	194971	3573	5502	5494	2897	3475	5509	11807	7867	4353	10547	11051
let-7j-5p	let-7j-5p	1484	1346	3804	5416	13232	4711	9871	1432	1369	23791	15764	1247	928	965	3055	1724	2967	4847	2877	6441	2053	2542	3992	2767	1996	2687	1760	447	1775
let-7j-3p	let-7j-3p	8	29	11	73	138	0	291	0	1	105	170	6	24	0	0	9	3	9	82	102	36	16	23	41	24	116	0	0	0
let-7i-5p	let-7i-5p	806	556	3069	3502	2700	3522	11477	220	337	6358	5695	330	411	919	1834	1002	2205	2555	765	5555	537	668	2925	1673	622	1140	488	534	1003
let-7h-1-5p	let-7h-1-5p	4531	3550	16758	14587	31090	32022	38512	5075	7082	83025	44008	4564	7101	3237	15470	7507	11491	18261	8036	38553	5562	8081	12291	10754	5862	14069	8105	6732	5727
let-7h-1-3p	let-7h-1-3p	538	645	1145	130	187	53	269	177	142	1795	1088	58	45	90	1304	796	1092	1514	68	87	66	86	149	61	143	178	195	68	82
let-7g-5p	let-7g-5p	34672	21099	84733	48491	72330	60935	74685	14675	17007	211912	137714	18089	15442	9430	73435	30665	55441	80900	37445	80110	19951	27979	38286	34289	18373	37603	26168	12677	20996
let-7f-5p	let-7f-5p	4295	1880	9200	56928	38161	25843	36707	6089	3141	74760	37514	4279	3224	1780	7417	3290	6137	10536	12128	28166	7055	10380	17710	13618	7868	11917	3609	2011	3743
let-7e-5p	let-7e-5p	65695	35487	120603	96198	200073	287204	462025	51701	24640	606259	337549	54744	62379	31826	106227	46845	90496	136000	61734	318911	40774	63149	84884	87922	43668	123426	57816	37919	53312
let-7d-5p	let-7d-5p	12253	12723	75980	56311	31020	49836	75712	25713	15932	92035	45264	6765	3098	5073	56512	26635	51247	79354	48322	38503	20349	36986	54985	24297	24616	39862	8043	10333	7328
let-7c-2/d-3p	let-7c-2/d-3p	29	8	103	69	71	25	0	8	20	137	219	8	31	100	87	35	70	188	45	0	11	79	35	29	68	16	7	0	4
let-7c-2-5p	let-7c-2-5p	8005	7548	35573	62277	25313	59408	31802	23588	4220	7311	10402	1537	846	2246	29946	17175	30126	45333	65645	25791	25825	25934	43305	27089	28832	47174	1469	2593	2381
let-7b-5p	let-7b-5p	16479	24668	128526	202383	212097	155145	100014	69600	48009	106712	63051	12098	8214	10866	107419	47942	73616	118315	158825	138896	56897	99767	282491	99446	91478	141413	16161	21300	17603
let-7b-1-3p	let-7b-1-3p	1348	1690	3356	0	0	0	0	0	631	4596	2901	330	431	730	6252	2379	2854	4609	0	0	0	0	0	0	0	0	600	435	377
let-7a-5p_gac-let-7c-2-5p	let-7a-5p_gac-let-7c-2-5p	822	358	2556	2348	2936	1825	2130	875	964	5872	3260	1122	705	592	2706	1130	1461	2055	1700	2101	1409	837	1329	1482	708	2216	1059	485	761
let-7a-5p	let-7a-5p	269005	188954	747133	894510	1401594	1055155	1058478	302153	200391	957707	598741	126093	97050	67705	608409	263099	482235	693635	794153	1164680	438115	524120	1018228	656778	394737	808909	129317	114832	110761
let-7a-5-3p	let-7a-5-3p	863	350	245	99	472	158	1361	102	1	412	581	21	51	17	486	212	496	841	220	521	176	165	180	169	224	252	33	0	23
let-7a-4-3p	let-7a-4-3p	0	0	0	0	0	0	0	0	0	0	1	0	0	0	19	7	21	0	0	0	0	0	0	0	0	0	0	0	0
let-7a-3/7-3p	let-7a-3/7-3p	88	38	357	230	545	188	82	78	104	532	979	19	24	6	318	186	300	474	81	102	109	198	15	178	168	169	101	105	19
REV_let-7f-3p	REV_let-7f-3p	13	8	0	0	3	0	0	0	0	0	0	0	0	0	0	6	8	3	0	0	0	0	0	2	0	73	0	0	0
REV_miR-137-1-3p	REV_miR-137-1-3p	0	0	0	0	0	0	0	0	0	0	0	0	0	0	20	0	7	16	34	0	0	0	0	0	0	0	0	0	0
REV_miR-181b-2/3-5p	REV_miR-181b-2/3-5p	19	0	63	5	120	0	0	0	0	0	0	0	0	0	19	33	12	124	18	20	4	10	0	9	22	0	0	0	0
REV_miR-190a-5p	REV_miR-190a-5p	5	0	19	82	111	0	98	1	0	0	0	0	0	0	1	9	18	18	37	140	9	6	63	8	46	0	0	0	0
REV_miR-193a-2-3p	REV_miR-193a-2-3p	0	0	0	0	0	0	0	0	0	0	0	0	0	0	0	0	5	0	0	0	0	0	0	0	0	0	0	0	0
REV_miR-19a-1-3p	REV_miR-19a-1-3p	6	19	41	178	34	0	1	2	0	0	0	0	0	0	43	20	54	65	19	74	39	50	0	0	16	306	0	0	0
REV_miR-2184-5p	REV_miR-2184-5p	19	1	112	109	75	0	0	0	0	0	0	0	0	0	107	37	70	205	39	18	43	27	0	18	55	60	0	0	0
REV_miR-24-3-5p	REV_miR-24-3-5p	0	0	1	0	0	0	68	0	0	0	0	0	0	0	0	0	0	15	0	0	4	0	0	0	0	0	0	0	0
REV_miR-29b-1a-5p	REV_miR-29b-1a-5p	3	17	22	0	0	0	0	0	0	0	0	0	0	0	6	2	27	6	0	0	0	0	0	0	0	0	0	0	0
REV_miR-7bb-3p	REV_miR-7bb-3p	0	0	0	0	0	0	0	0	0	0	0	0	0	0	17	9	0	5	0	0	0	0	0	0	0	0	0	0	0
REV_miR-9-7-3p	REV_miR-9-7-3p	0	0	0	0	0	0	0	0	0	0	0	0	0	0	0	2	14	16	0	0	0	0	0	0	0	0	0	0	0
miR-8160a-5p_gac-miR-8160b-5p	miR-8160a-5p_gac-miR-8160b-5p	0	0	0	0	0	0	0	0	0	0	0	0	0	0	0	0	0	0	0	71	0	0	0	0	0	0	0	0	0
miR-8160a-5p	miR-8160a-5p	0	0	0	0	0	0	0	0	0	0	0	0	0	0	0	0	0	0	27	0	2	0	0	0	5	2	0	0	0
miR-7132b-3p	miR-7132b-3p	0	0	0	678	709	1839	3955	278	0	0	0	0	0	0	0	0	0	0	672	1132	275	668	405	693	670	615	0	0	0
miR-33-5p	miR-33-5p	0	0	0	29	3	0	14	0	0	0	0	0	0	0	0	0	0	0	0	0	3	0	0	0	14	0	0	0	0
miR-26a-1b-3p	miR-26a-1b-3p	0	0	0	67	168	121	384	5	26	85	139	0	17	4	0	0	0	0	95	93	51	43	36	35	77	108	0	0	101
miR-216a-1-3p	miR-216a-1-3p	0	0	0	0	0	0	0	0	0	0	0	0	0	0	0	0	0	0	0	63	0	0	0	0	0	0	0	0	0
miR-19c-3p	miR-19c-3p	0	0	0	16	28	0	32	0	0	0	0	0	0	0	0	0	0	0	0	0	5	12	0	0	0	0	0	0	0
miR-194b-5p	miR-194b-5p	0	0	0	0	2	0	0	0	0	0	0	0	0	0	0	0	0	0	0	0	0	25	0	4	0	0	0	0	0
miR-183a-3p	miR-183a-3p	0	0	0	0	3	0	111	0	0	0	0	0	0	0	0	0	0	0	0	0	0	0	0	0	0	0	0	0	0
miR-181b-2-3p	miR-181b-2-3p	0	0	0	2	31	0	0	0	0	0	0	0	0	0	0	0	0	0	0	0	0	0	0	0	0	0	0	0	0
miR-17a-1-3p	miR-17a-1-3p	0	0	0	16	10	23	95	0	0	0	0	0	0	0	0	0	0	0	14	0	4	27	0	10	0	0	0	0	0
miR-150-3p	miR-150-3p	0	0	0	18	0	213	0	0	54	421	429	21	10	0	0	0	0	0	87	0	16	133	75	27	45	60	0	0	5
miR-135c-5p	miR-135c-5p	0	0	0	20	954	335	60	0	0	0	37	0	0	0	0	0	0	0	242	0	13	19	0	18	7	0	0	0	6
miR-135a-2-5p	miR-135a-2-5p	0	0	0	30	0	788	0	0	0	0	0	0	0	0	0	0	0	0	255	0	0	0	0	0	0	0	0	0	0
miR-132b-5p	miR-132b-5p	0	0	0	0	0	46	0	0	37	0	0	0	0	0	0	0	0	0	33	0	0	0	0	0	0	0	0	0	0
miR-132-3p	miR-132-3p	0	0	0	13	0	94	0	0	72	990	555	30	41	0	0	0	0	0	318	0	7	0	0	0	8	8	331	0	58
miR-125a-1-3p	miR-125a-1-3p	0	0	0	33	23	0	0	0	0	79	448	10	37	51	0	0	0	0	59	63	19	14	0	10	10	0	84	0	0
miR-10545-3p	miR-10545-3p	0	0	0	179	195	209	288	21	0	0	0	0	0	0	0	0	0	0	38	198	29	32	0	57	78	295	0	0	0
miR-101a-5p	miR-101a-5p	0	0	0	0	0	22	0	0	0	0	0	0	0	0	0	0	0	0	0	54	0	0	0	0	0	0	0	0	0
let-7e-1-3p	let-7e-1-3p	0	0	0	120	104	47	324	19	18	229	156	19	28	0	0	0	0	0	53	59	40	126	59	126	62	53	37	2	18
REV_let-7a-5p_gac-let-7g-5p	REV_let-7a-5p_gac-let-7g-5p	0	0	0	7	5	66	0	0	4	437	434	61	71	70	0	0	0	0	0	0	0	0	0	0	0	47	154	132	172
REV_miR-135b-3p	REV_miR-135b-3p	0	0	0	4	0	52	0	0	0	0	0	0	0	0	0	0	0	0	0	0	0	0	0	0	0	0	0	0	0
REV_miR-135b-5p	REV_miR-135b-5p	0	0	0	9	10	0	0	0	0	0	33	0	0	0	0	0	0	0	0	0	8	5	0	4	1	8	0	0	0
REV_miR-191-5p	REV_miR-191-5p	0	0	0	9875	7952	36602	39796	7836	0	0	0	0	0	0	0	0	0	0	21048	11337	6023	17887	8286	12418	12244	24253	0	0	0
REV_miR-21a-3p	REV_miR-21a-3p	0	0	0	0	0	0	0	0	0	0	0	0	0	0	0	0	0	0	0	0	0	0	0	0	0	0	0	0	0
REV_miR-29a-3p	REV_miR-29a-3p	0	0	0	9240	237	0	347	120	0	0	0	0	0	0	0	0	0	0	432	137	200	111	352	78	73	109	0	0	0
REV_miR-29b-2a-5p	REV_miR-29b-2a-5p	0	0	0	26	20	0	11	0	0	0	0	0	0	0	0	0	0	0	63	103	12	23	0	30	19	0	0	0	0
REV_miR-727b-3p	REV_miR-727b-3p	0	0	0	24	24	0	136	0	0	0	0	0	0	0	0	0	0	0	50	0	2	13	0	9	2	87	0	0	0
REV_miR-96-5p	REV_miR-96-5p	0	0	0	32	0	0	0	0	0	0	0	0	0	0	0	0	0	0	11	0	0	0	0	6	7	0	0	0	0
miR-301c-5p	miR-301c-5p	0	0	0	0	0	0	0	0	5	20	108	9	5	0	0	0	0	0	0	0	0	0	0	0	0	0	0	0	0
miR-301a-5p	miR-301a-5p	0	0	0	0	0	0	0	0	0	0	0	0	0	0	0	0	0	0	0	0	0	0	0	0	0	0	0	0	0
miR-29b-2b-3p	miR-29b-2b-3p	0	0	0	0	0	0	0	0	0	121	68	0	0	0	0	0	0	0	0	0	0	0	0	0	0	0	0	0	123
miR-29b-1a-5p	miR-29b-1a-5p	0	0	0	0	0	0	0	0	8	430	16	20	15	31	0	0	0	0	0	0	0	0	0	0	0	0	2	1	0
miR-24-3-5p	miR-24-3-5p	0	0	0	0	0	0	0	0	0	0	0	0	0	0	0	0	0	0	0	0	0	0	0	0	0	0	108	0	0
miR-223-5p	miR-223-5p	0	0	0	0	0	0	0	0	116	2003	804	206	458	150	0	0	0	0	0	0	0	0	0	0	0	0	273	172	110
miR-2184-5p	miR-2184-5p	0	0	0	0	0	0	0	0	0	257	64	0	0	0	0	0	0	0	0	0	0	0	0	0	0	0	0	0	0
miR-217a-5p_gac-miR-217b-5p	miR-217a-5p_gac-miR-217b-5p	0	0	0	0	0	0	0	0	0	0	43	0	0	0	0	0	0	0	0	0	0	0	0	0	0	0	0	0	0
miR-214a-5p	miR-214a-5p	0	0	0	0	0	0	0	0	0	0	67	0	0	0	0	0	0	0	0	0	0	0	0	0	0	0	0	0	0
miR-212-3p	miR-212-3p	0	0	0	0	0	0	0	0	0	110	0	0	2	0	0	0	0	0	0	0	0	0	0	0	0	0	71	0	0
miR-19b-2-5p	miR-19b-2-5p	0	0	0	0	0	0	0	0	19	170	0	7	0	0	0	0	0	0	0	0	0	0	0	0	0	0	0	0	0
miR-19a-1-3p	miR-19a-1-3p	0	0	0	0	0	0	0	0	0	84	307	17	5	0	0	0	0	0	0	0	0	0	0	0	0	0	0	0	0
miR-181b-3-3p	miR-181b-3-3p	0	0	0	0	0	0	0	0	0	40	0	0	0	0	0	0	0	0	0	0	0	0	0	0	0	0	0	0	0
miR-138bb-3p	miR-138bb-3p	0	0	0	0	0	0	0	0	0	0	0	0	0	46	0	0	0	0	0	0	0	0	0	0	0	0	0	0	0
miR-1388-5p	miR-1388-5p	0	0	0	0	0	0	0	0	0	655	159	82	24	35	0	0	0	0	0	0	0	0	0	0	0	0	87	2	101
miR-132a-5p	miR-132a-5p	0	0	0	0	0	0	0	0	0	0	55	0	0	0	0	0	0	0	0	0	0	0	0	0	0	0	0	0	0
miR-129-1a-3p_gac-miR-129-1b/2-3p	miR-129-1a-3p_gac-miR-129-1b/2-3p	0	0	0	0	0	0	0	0	0	0	94	0	0	0	0	0	0	0	0	0	0	0	0	0	0	0	2	0	0
miR-124-3p	miR-124-3p	0	0	0	0	0	0	0	0	0	66	0	0	0	0	0	0	0	0	0	0	0	0	0	0	0	0	0	0	0
miR-103a-5p	miR-103a-5p	0	0	0	0	0	0	0	0	0	45	0	0	0	0	0	0	0	0	0	0	0	0	0	0	0	0	0	0	0
let-7g-1-3p	let-7g-1-3p	0	0	0	0	0	0	0	0	0	0	15	0	0	0	0	0	0	0	0	0	0	0	0	0	0	0	0	0	0
let-7f-3p	let-7f-3p	0	0	0	0	0	0	0	0	0	0	0	0	14	0	0	0	0	0	0	0	0	0	0	0	0	0	33	0	0
REV_miR-1306-5p	REV_miR-1306-5p	0	0	0	0	0	0	0	0	5	64	0	0	0	0	0	0	0	0	0	0	0	0	0	0	0	0	0	0	0
REV_miR-181a-2-3p	REV_miR-181a-2-3p	0	0	0	0	0	0	0	0	0	0	66	0	0	0	0	0	0	0	0	0	0	0	0	0	0	0	0	0	0
REV_miR-183a-3p	REV_miR-183a-3p	0	0	0	0	0	0	0	0	0	0	83	0	0	0	0	0	0	0	0	0	0	0	0	0	0	0	0	0	0
REV_miR-18a-3p	REV_miR-18a-3p	0	0	0	0	0	0	0	0	46	133	67	17	20	4	0	0	0	0	0	0	0	0	0	0	0	0	2	0	0
REV_miR-7132b-3p	REV_miR-7132b-3p	0	0	0	0	0	0	0	0	780	38792	14317	741	950	492	0	0	0	0	0	0	0	0	0	0	0	0	2432	166	1308
REV_miR-723-3p	REV_miR-723-3p	0	0	0	0	0	0	0	0	0	60	0	0	0	0	0	0	0	0	0	0	0	0	0	0	0	0	0	0	0
