		O25_F	O32_F	O55_F	O59_F	O63_F	O49_M	O51_M	O29_M	O33_M	O38_M	O39_M	O46_M	O53_M
nomCol	Gene	O25_F	O32_F	O55_F	O59_F	O63_F	O49_M	O51_M	O29_M	O33_M	O38_M	O39_M	O46_M	O53_M
miR-ENSGACG00000022167-5p	miR-ENSGACG00000022167-5p	423	192	528	11	50	724	99	757	340	139	274	1310	221
miR-ENSGACG00000022167-3p	miR-ENSGACG00000022167-3p	248	145	39	25	189	84	327	581	111	0	219	208	55
miR-99a-5p	miR-99a-5p	28722	17763	17890	15332	11023	29281	8309	16561	13503	9032	10627	20504	22558
miR-92a-3p	miR-92a-3p	190588	165790	236304	646080	182022	269996	193519	125756	172328	55290	93309	207015	247822
miR-92a-1-5p	miR-92a-1-5p	568	238	245	520	213	367	317	266	299	132	122	277	296
miR-9-5p	miR-9-5p	328	344	1957	2647	0	39	2700	34	85	1004	271	147	123
miR-9-1/3/5/6-3p	miR-9-1/3/5/6-3p	43	105	604	181	11	8	392	33	8	153	131	32	152
miR-8160a-5p_gac-miR-8160b-5p	miR-8160a-5p_gac-miR-8160b-5p	0	0	0	0	0	0	71	0	0	0	0	0	0
miR-8160a-5p	miR-8160a-5p	0	0	0	0	0	27	0	2	0	0	0	5	2
miR-8159-5p	miR-8159-5p	41	3369	147	0	0	0	9733	2	0	1069	1	37	0
miR-737-5p	miR-737-5p	1712	2811	1127	1503	163	118	741	457	896	55	703	459	459
miR-730-5p	miR-730-5p	6	5	16	0	0	14	0	7	7	0	9	24	11
miR-727b-5p	miR-727b-5p	18	0	0	0	0	13	0	2	0	0	0	6	0
miR-725-3p	miR-725-3p	50	1626	3388	2197	1050	1031	500	733	1416	159	2396	477	5546
miR-724-5p	miR-724-5p	1299	60	130	9	0	164	41	629	99	63	42	111	1659
miR-722-3p	miR-722-3p	209	2201	256	85	41	55	143	14	145	62	128	29	21
miR-7147-5p	miR-7147-5p	0	3	0	84	0	0	0	1	0	0	0	12	0
miR-7133-3p	miR-7133-3p	432	401	457	2046	166	96	110	224	238	0	169	433	302
miR-7132b-3p	miR-7132b-3p	678	709	1839	3955	278	672	1132	275	668	405	693	670	615
miR-7132a-5p_gac-miR-7132b-5p	miR-7132a-5p_gac-miR-7132b-5p	657	937	720	1454	96	245	1467	411	721	148	598	544	898
miR-7-5p	miR-7-5p	1005	614	6012	2524	220	3164	587	145	187	195	128	121	457
miR-551a-3p	miR-551a-3p	330	58	185	184	16	123	51	42	144	764	213	305	151
miR-499a-5p	miR-499a-5p	15990	144	100	177	117	151	20	2721	330	257	758	607	1357
miR-489-3p	miR-489-3p	149	33	82	142	35	99	125	56	43	0	21	153	234
miR-460-5p	miR-460-5p	11	712	42	16	0	0	208	3	13	70	0	14	0
miR-458-3p	miR-458-3p	40	77	0	0	0	24	39	4	19	121	30	17	17
miR-456-3p	miR-456-3p	540	1204	728	594	309	294	1046	210	346	303	321	267	345
miR-455-5p	miR-455-5p	640	515	171	196	51	241	165	234	270	228	242	157	136
miR-455-3p	miR-455-3p	612	682	714	318	91	169	181	335	519	213	496	431	285
miR-454b-3p	miR-454b-3p	77	101	62	0	0	29	41	32	48	0	36	13	6
miR-451-5p	miR-451-5p	157458	127905	36596	42204	24853	61040	53930	49250	39381	14792	42510	37214	107352
miR-429a-3p	miR-429a-3p	231	613	655	378	41	439	23	245	550	109	261	240	680
miR-425-5p	miR-425-5p	7541	5930	21095	42011	5781	13535	9843	5380	14710	3718	11018	12434	20162
miR-375a-3p	miR-375a-3p	959	2656	966824	45009	15906	410991	4766	5915	13761	3601	11654	9132	55274
miR-365-2b-5p	miR-365-2b-5p	27	31	69	12	47	124	2	28	43	38	8	114	25
miR-365-2b-3p	miR-365-2b-3p	929	501	388	369	753	754	507	471	390	177	292	1053	1504
miR-34a-5p	miR-34a-5p	86	135	0	306	0	5	0	2	20	0	4	4	0
miR-338-3p	miR-338-3p	205	290	90	96	99	172	157	102	36	176	115	91	55
miR-338-1a-5p	miR-338-1a-5p	16	20	0	42	0	16	0	17	3	51	36	28	0
miR-33-5p	miR-33-5p	29	3	0	14	0	0	0	3	0	0	0	14	0
miR-31a-5p	miR-31a-5p	1608	266	5	148	2	167	0	178	268	111	354	135	464
miR-30e-5p	miR-30e-5p	10003	3486	1325	3190	274	1077	911	844	741	744	490	989	1561
miR-30e-3p	miR-30e-3p	4721	6140	9593	12249	1442	1124	5786	1296	2334	960	2160	1646	6732
miR-30c-2-5p	miR-30c-2-5p	9428	21543	14916	15483	3871	2331	7977	2208	6680	1770	8839	3809	7184
miR-30c-1-5p_gac-miR-30c-2-5p	miR-30c-1-5p_gac-miR-30c-2-5p	196	214	345	45	67	12	105	44	120	0	107	54	83
miR-30c-1-5p	miR-30c-1-5p	3364	3377	4802	1224	607	889	1126	895	3615	817	2917	1475	2251
miR-30bb-5p	miR-30bb-5p	1949	1579	945	1411	389	404	900	338	474	128	787	565	495
miR-30bb-3p	miR-30bb-3p	74	119	114	199	0	34	88	38	33	0	47	4	0
miR-30a-5p	miR-30a-5p	37681	42720	37403	56965	8623	21226	34876	12350	15631	12015	15765	13539	25757
miR-29b-1a/2a-3p	miR-29b-1a/2a-3p	147	156	7	278	0	78	97	19	11	46	24	41	48
miR-29a-3p_gac-miR-29b-1a/2a-3p	miR-29a-3p_gac-miR-29b-1a/2a-3p	0	4	0	0	0	26	0	4	6	0	0	5	0
miR-27e-3p	miR-27e-3p	1028	2782	1858	1196	224	1013	591	876	1202	963	1745	878	2249
miR-27c-1-3p	miR-27c-1-3p	3206	3792	912	6126	871	1254	1496	1607	1800	706	1692	1186	2300
miR-27b-5p	miR-27b-5p	249	348	587	9	8	284	69	119	129	0	162	97	80
miR-27b-3p	miR-27b-3p	9796	9896	6788	4427	934	4457	3772	2392	3962	2525	3911	2019	4844
miR-27a-5p	miR-27a-5p	35	43	44	42	0	17	0	25	64	0	28	41	51
miR-27a-3p_gac-miR-27b-3p_gac-miR-27e-3p	miR-27a-3p_gac-miR-27b-3p_gac-miR-27e-3p	51	43	0	0	10	38	0	22	26	0	5	19	64
miR-27a-3p	miR-27a-3p	703	249	4	152	0	164	25	120	117	48	59	110	246
miR-26b-3p	miR-26b-3p	166	121	285	58	65	15	27	58	71	73	19	41	30
miR-26a-1b-3p	miR-26a-1b-3p	67	168	121	384	5	95	93	51	43	36	35	77	108
miR-26-5p	miR-26-5p	159794	191704	74712	138603	23779	60751	76358	44026	49775	30509	55321	40906	59782
miR-24-6-5p	miR-24-6-5p	8	15	0	72	0	13	0	3	21	0	0	6	0
miR-24-3p	miR-24-3p	3732	2286	1106	3218	373	1949	679	1206	1373	1835	1107	956	1181
miR-24-2-5p	miR-24-2-5p	181	91	16	318	21	115	76	141	134	27	110	162	77
miR-23b-2-5p	miR-23b-2-5p	110	46	273	9	70	253	0	78	142	254	83	170	126
miR-23b-2-3p	miR-23b-2-3p	6422	4576	3373	2192	1133	2765	1686	1415	3290	1553	1856	2127	2502
miR-23a-3p_gac-miR-23b-2-3p	miR-23a-3p_gac-miR-23b-2-3p	37	20	0	4	2	12	35	5	33	7	16	16	11
miR-23a-3p	miR-23a-3p	30418	19983	16299	42196	11382	19271	8034	14635	21832	9413	13944	19342	22077
miR-23a-3-5p	miR-23a-3-5p	115	105	54	3	2	172	71	68	90	83	81	32	60
miR-23a-2-5p	miR-23a-2-5p	40	60	0	90	0	75	163	38	13	2	19	27	16
miR-23a-1-5p	miR-23a-1-5p	7	20	31	60	0	0	68	6	14	0	20	29	170
miR-22b-5p	miR-22b-5p	1259	766	1286	1231	680	781	649	362	615	492	799	1027	1400
miR-22b-3p	miR-22b-3p	71	86	100	23	3	22	28	33	0	49	27	29	0
miR-22a-5p	miR-22a-5p	2606	9475	2871	2566	699	370	1751	638	1419	327	2218	1037	879
miR-22a-3p	miR-22a-3p	59251	226601	235182	324588	44677	41186	239042	23298	36351	70853	72252	57044	98918
miR-223-3p	miR-223-3p	29175	41299	96756	110392	10638	19393	96892	32766	44183	15879	113078	53947	28156
miR-222c-5p	miR-222c-5p	23	40	0	0	41	0	91	13	0	0	8	0	11
miR-222a-5p	miR-222a-5p	30	212	57	151	56	0	89	6	61	0	23	0	184
miR-222-3p	miR-222-3p	2721	13965	1084	5490	447	830	2892	768	1729	568	1503	1512	1269
miR-221a-5p	miR-221a-5p	42	148	54	84	0	7	0	4	11	43	15	35	19
miR-221-3p	miR-221-3p	3842	16465	2861	7387	847	966	2997	1024	1932	755	2130	1114	2424
miR-218a-2-5p_gac-miR-218b-5p	miR-218a-2-5p_gac-miR-218b-5p	28	3	0	0	0	0	3	3	9	0	9	0	19
miR-218a-2-5p	miR-218a-2-5p	894	332	155	301	128	203	436	198	329	186	174	181	231
miR-2188-5p	miR-2188-5p	32343	26860	11065	18140	7369	10917	17213	12346	11103	2553	13265	6728	30988
miR-2188-3p	miR-2188-3p	40759	28847	13562	24642	13204	15098	26166	12691	11637	9868	8470	6737	28221
miR-217a-5p	miR-217a-5p	0	373	0	0	37	0	788	0	0	52	0	8	0
miR-216b-5p	miR-216b-5p	0	104	0	0	0	0	310	0	0	41	0	0	0
miR-216a-1-3p	miR-216a-1-3p	0	0	0	0	0	0	63	0	0	0	0	0	0
miR-214a-3p	miR-214a-3p	16006	10315	6502	5522	5827	22462	6367	12889	10446	11997	8984	15094	10093
miR-212b-5p	miR-212b-5p	0	0	447	25	0	346	0	0	0	0	0	8	0
miR-212a-5p	miR-212a-5p	5	0	0	1	0	36	0	0	7	18	0	5	0
miR-210-5p	miR-210-5p	1574	4497	2270	3871	975	1799	2182	1088	1379	2157	1831	1413	922
miR-210-3p	miR-210-3p	220	582	106	763	79	40	336	100	115	106	117	60	157
miR-21-5p	miR-21-5p	254684	265330	79448	260515	30183	46047	94967	55143	76745	32165	98781	69476	58103
miR-20a-5p	miR-20a-5p	619	431	67	321	5	48	124	48	94	102	67	93	2
miR-206-1-3p	miR-206-1-3p	14317	7301	10762	11659	9227	13864	4732	11505	13709	21624	25671	14941	12833
miR-205-1-5p	miR-205-1-5p	994	10177	24179	15682	5065	20125	3247	8532	25521	3645	21153	17293	27852
miR-204-1/2b-5p	miR-204-1/2b-5p	2045	759	326	3282	1518	1722	359	846	1350	268	166	6872	1202
miR-200b-5p	miR-200b-5p	8	32	196	125	31	26	0	23	71	0	49	69	74
miR-200b-3p	miR-200b-3p	8600	20639	52969	26503	7438	7662	8606	6456	24248	1132	17073	12130	28498
miR-200a-3p	miR-200a-3p	1208	4522	4552	2222	814	1948	894	1127	2076	611	1881	1605	3474
miR-19c-3p	miR-19c-3p	16	28	0	32	0	0	0	5	12	0	0	0	0
miR-19b-3p	miR-19b-3p	945	461	358	456	58	84	268	103	234	0	75	160	359
miR-199-5p	miR-199-5p	2327	4226	1628	2147	716	2075	2415	1969	2118	1228	2175	1909	2368
miR-199-3p	miR-199-3p	37120	43625	15519	17484	7773	9261	18231	14697	18422	6922	23659	13987	12114
miR-194b-5p	miR-194b-5p	0	2	0	0	0	0	0	0	25	0	4	0	0
miR-194a-5p	miR-194a-5p	12303	12694	586	522	0	691	496	210	526	729	411	293	0
miR-194a-3p	miR-194a-3p	0	152	35	2	0	0	0	0	4	0	0	0	0
miR-193a-2-5p	miR-193a-2-5p	332	135	0	58	46	507	272	120	124	238	61	214	345
miR-18a/b-5p	miR-18a/b-5p	44	65	0	5	0	31	0	2	27	15	24	13	150
miR-18a-3p	miR-18a-3p	87	83	82	281	121	59	0	35	64	0	56	62	146
miR-184-3p	miR-184-3p	673	1002	2880	1536	1710	1386	869	904	651	190	709	1077	2824
miR-183a-3p	miR-183a-3p	0	3	0	111	0	0	0	0	0	0	0	0	0
miR-183-5p	miR-183-5p	577	250	2720	4837	197	626	672	214	695	31	307	189	1443
miR-182b-5p	miR-182b-5p	90	89	151	1243	50	109	76	37	3	0	32	24	162
miR-182a-5p_gac-miR-182b-5p	miR-182a-5p_gac-miR-182b-5p	21	0	23	115	0	5	0	4	9	0	7	0	18
miR-182a-5p	miR-182a-5p	350	28	729	233	31	136	52	55	217	68	105	96	248
miR-181b-2/3-5p_gac-miR-181c-5p	miR-181b-2/3-5p_gac-miR-181c-5p	908	7029	2199	2306	200	674	1792	509	1535	965	773	699	1461
miR-181b-2-3p	miR-181b-2-3p	2	31	0	0	0	0	0	0	0	0	0	0	0
miR-181b-1-5p	miR-181b-1-5p	119	167	149	425	111	157	117	69	78	141	104	184	200
miR-181a-5p	miR-181a-5p	5015	18748	5674	10757	965	4774	4213	3046	3804	3094	2878	2808	3952
miR-181a-3-3p	miR-181a-3-3p	190	347	230	179	122	89	202	78	125	109	115	145	268
miR-181a-2-3p_gac-miR-181a-3-3p	miR-181a-2-3p_gac-miR-181a-3-3p	45	94	66	51	0	0	62	3	20	0	7	4	81
miR-181a-2-3p	miR-181a-2-3p	594	2263	1202	1552	331	278	1321	173	661	116	244	523	946
miR-181a-1-3p	miR-181a-1-3p	39	12	334	126	0	48	78	17	61	0	0	26	28
miR-17a-5p	miR-17a-5p	224	272	153	179	41	46	204	19	23	0	29	38	4
miR-17a-1-3p	miR-17a-1-3p	16	10	23	95	0	14	0	4	27	0	10	0	0
miR-16c-5p	miR-16c-5p	81673	82292	94522	201888	23400	61964	95844	42073	46722	33611	44062	34304	45586
miR-16a-5p_gac-miR-16c-5p	miR-16a-5p_gac-miR-16c-5p	19601	15720	10138	20666	3340	6719	12529	6149	6895	4567	6323	4296	8398
miR-15c-5p	miR-15c-5p	84198	56580	38477	107034	21742	54018	45772	43860	40769	16424	39154	31023	67720
miR-15c-3p	miR-15c-3p	10	8	0	45	4	9	0	5	0	110	3	13	0
miR-15b-1-5p	miR-15b-1-5p	125	145	93	11	63	195	300	102	78	19	99	32	381
miR-15a-2-5p	miR-15a-2-5p	28470	28123	14387	35563	5869	13737	18248	10258	9590	7484	8973	6553	16204
miR-155-5p	miR-155-5p	207	206	487	1214	64	135	322	120	502	30	266	352	192
miR-152a-5p	miR-152a-5p	256	1204	961	232	123	507	718	98	142	326	225	239	419
miR-152a-3p	miR-152a-3p	1122	2853	728	445	214	373	792	242	407	113	338	722	296
miR-150-5p	miR-150-5p	8344	1646	53423	13204	4746	44019	2790	4777	83994	4684	27061	24525	35507
miR-150-3p	miR-150-3p	18	0	213	0	0	87	0	16	133	75	27	45	60
miR-148a-3p	miR-148a-3p	12060	5533	2032	906	173	698	1367	394	493	1125	575	775	424
miR-146a-5p	miR-146a-5p	78858	84230	53724	189173	52986	10848	78312	19282	40646	5528	49168	19103	64295
miR-146a-3p	miR-146a-3p	2568	2912	2265	7801	2403	929	2581	751	1349	1364	1680	761	3385
miR-145-5p	miR-145-5p	1605	2673	634	1615	1094	3541	388	972	2895	1051	1418	1447	1035
miR-145-3p	miR-145-3p	975	1812	888	685	425	1281	758	283	1322	1082	762	358	854
miR-144-5p	miR-144-5p	8369	5594	1968	3962	998	1544	2842	2024	2240	539	1748	1765	3844
miR-144-3p	miR-144-3p	953	238	285	534	119	206	275	181	169	99	8	179	834
miR-143-5p	miR-143-5p	22	47	69	0	0	0	0	0	24	55	12	0	3
miR-143-3p	miR-143-3p	34322	42160	16774	12050	15740	25879	13532	6156	16278	13579	9058	9256	11317
miR-142-5p	miR-142-5p	321	170	268	1273	121	138	413	123	144	0	105	129	241
miR-142-3p	miR-142-3p	294	132	118	570	7	62	138	49	68	0	74	171	200
miR-140-5p	miR-140-5p	124	191	0	166	47	89	49	44	79	51	60	55	72
miR-140-3p	miR-140-3p	2611	2626	1452	1079	627	930	1546	729	1321	210	500	479	2498
miR-139-5p	miR-139-5p	885	5238	674	288	158	605	862	370	647	649	683	746	480
miR-1388-3p	miR-1388-3p	305	473	1040	1260	55	294	208	199	363	49	512	289	776
miR-135c-5p	miR-135c-5p	20	954	335	60	0	242	0	13	19	0	18	7	0
miR-135a-2-5p	miR-135a-2-5p	30	0	788	0	0	255	0	0	0	0	0	0	0
miR-135a-1-5p	miR-135a-1-5p	58	19	9	235	0	15	0	59	39	70	65	36	42
miR-133b-3p	miR-133b-3p	15	11	0	381	8	10	0	22	0	0	37	12	34
miR-133a-5p	miR-133a-5p	40	18	0	0	0	0	0	29	0	0	11	24	0
miR-133a-3p	miR-133a-3p	7926	1741	2482	3444	1369	925	1345	3711	2351	140	5275	4166	3613
miR-132b-5p	miR-132b-5p	0	0	46	0	0	33	0	0	0	0	0	0	0
miR-132-3p	miR-132-3p	13	0	94	0	0	318	0	7	0	0	0	8	8
miR-130c-3p	miR-130c-3p	5	4	142	0	0	0	0	3	11	36	0	0	0
miR-130c-2-5p	miR-130c-2-5p	15	15	121	26	0	22	0	2	17	40	0	15	0
miR-130b-5p	miR-130b-5p	1250	927	3712	1913	650	772	1480	400	871	939	943	902	1225
miR-130b-3p	miR-130b-3p	1	3	0	144	0	0	0	0	4	0	0	0	0
miR-1306-5p	miR-1306-5p	442	74	324	128	165	328	254	91	215	41	127	155	102
miR-129-1a/2-5p	miR-129-1a/2-5p	0	0	14	0	0	14	0	3	3	0	0	8	91
miR-128-2-3p	miR-128-2-3p	18106	28617	27977	34205	8384	17731	22775	7805	10691	9693	12765	8943	17005
miR-126b-5p	miR-126b-5p	4219	2604	640	1114	436	862	316	1073	1042	418	701	1560	879
miR-126b-3p	miR-126b-3p	65946	53751	11742	26359	13778	11093	11441	15715	18520	3854	11475	30208	22382
miR-125b-2/3-5p	miR-125b-2/3-5p	81041	49992	32586	30748	31937	79911	22593	44015	48970	15008	38126	89547	41970
miR-125b-2-3p	miR-125b-2-3p	100	85	105	5	105	79	155	39	45	154	47	77	185
miR-125a-5p	miR-125a-5p	48738	18840	15567	24455	12817	38448	9869	20967	30261	6656	20276	29994	27504
miR-125a-1-3p	miR-125a-1-3p	33	23	0	0	0	59	63	19	14	0	10	10	0
miR-122-5p	miR-122-5p	418734	1944070	17290	5657	814	14242	160993	6719	3854	287619	2223	26923	157
miR-122-3p	miR-122-3p	4823	4588	319	0	60	185	866	89	36	464	22	139	0
miR-10c-5p	miR-10c-5p	2186	8918	30602	15963	4437	5164	13319	1820	3968	2668	7806	4500	11222
miR-10b-5p	miR-10b-5p	4018	2523	5409	12087	6369	3464	6988	1362	3640	1257	1139	6962	13750
miR-10545-5p	miR-10545-5p	22	19	0	1	0	18	0	10	9	0	9	21	0
miR-10545-3p	miR-10545-3p	179	195	209	288	21	38	198	29	32	0	57	78	295
miR-103-3p	miR-103-3p	3721	3056	1105	2370	291	782	1505	705	786	157	743	673	1056
miR-101b-5p	miR-101b-5p	999	1654	378	1039	299	410	772	492	423	288	382	361	634
miR-101b-3p	miR-101b-3p	121	132	0	148	163	0	142	15	2	31	16	35	85
miR-101a-5p	miR-101a-5p	0	0	22	0	0	0	54	0	0	0	0	0	0
miR-101a-3p	miR-101a-3p	26657	7871	6471	14243	5765	2015	4326	1895	3339	946	1116	2593	8788
miR-100-2-5p	miR-100-2-5p	88728	108798	136199	126863	87546	90905	130728	46797	61192	32597	63933	87434	177793
miR-1-3p	miR-1-3p	20331	6169	4032	13948	4781	3573	5502	5494	2897	3475	5509	11807	7867
let-7j-5p	let-7j-5p	5416	13232	4711	9871	1432	2877	6441	2053	2542	3992	2767	1996	2687
let-7j-3p	let-7j-3p	73	138	0	291	0	82	102	36	16	23	41	24	116
let-7i-5p	let-7i-5p	3502	2700	3522	11477	220	765	5555	537	668	2925	1673	622	1140
let-7h-1-5p	let-7h-1-5p	14587	31090	32022	38512	5075	8036	38553	5562	8081	12291	10754	5862	14069
let-7h-1-3p	let-7h-1-3p	130	187	53	269	177	68	87	66	86	149	61	143	178
let-7g-5p	let-7g-5p	48491	72330	60935	74685	14675	37445	80110	19951	27979	38286	34289	18373	37603
let-7f-5p	let-7f-5p	56928	38161	25843	36707	6089	12128	28166	7055	10380	17710	13618	7868	11917
let-7e-5p	let-7e-5p	96198	200073	287204	462025	51701	61734	318911	40774	63149	84884	87922	43668	123426
let-7e-1-3p	let-7e-1-3p	120	104	47	324	19	53	59	40	126	59	126	62	53
let-7d-5p	let-7d-5p	56311	31020	49836	75712	25713	48322	38503	20349	36986	54985	24297	24616	39862
let-7c-2/d-3p	let-7c-2/d-3p	69	71	25	0	8	45	0	11	79	35	29	68	16
let-7c-2-5p	let-7c-2-5p	62277	25313	59408	31802	23588	65645	25791	25825	25934	43305	27089	28832	47174
let-7b-5p	let-7b-5p	202383	212097	155145	100014	69600	158825	138896	56897	99767	282491	99446	91478	141413
let-7a-5p_gac-let-7c-2-5p	let-7a-5p_gac-let-7c-2-5p	2348	2936	1825	2130	875	1700	2101	1409	837	1329	1482	708	2216
let-7a-5p	let-7a-5p	894510	1401594	1055155	1058478	302153	794153	1164680	438115	524120	1018228	656778	394737	808909
let-7a-5-3p	let-7a-5-3p	99	472	158	1361	102	220	521	176	165	180	169	224	252
let-7a-3/7-3p	let-7a-3/7-3p	230	545	188	82	78	81	102	109	198	15	178	168	169
REV_let-7a-5p_gac-let-7g-5p	REV_let-7a-5p_gac-let-7g-5p	7	5	66	0	0	0	0	0	0	0	0	0	47
REV_let-7f-3p	REV_let-7f-3p	0	3	0	0	0	0	0	0	0	0	2	0	73
REV_miR-135b-3p	REV_miR-135b-3p	4	0	52	0	0	0	0	0	0	0	0	0	0
REV_miR-135b-5p	REV_miR-135b-5p	9	10	0	0	0	0	0	8	5	0	4	1	8
REV_miR-137-1-3p	REV_miR-137-1-3p	0	0	0	0	0	34	0	0	0	0	0	0	0
REV_miR-181b-2/3-5p	REV_miR-181b-2/3-5p	5	120	0	0	0	18	20	4	10	0	9	22	0
REV_miR-190a-5p	REV_miR-190a-5p	82	111	0	98	1	37	140	9	6	63	8	46	0
REV_miR-191-5p	REV_miR-191-5p	9875	7952	36602	39796	7836	21048	11337	6023	17887	8286	12418	12244	24253
REV_miR-19a-1-3p	REV_miR-19a-1-3p	178	34	0	1	2	19	74	39	50	0	0	16	306
REV_miR-2184-5p	REV_miR-2184-5p	109	75	0	0	0	39	18	43	27	0	18	55	60
REV_miR-21a-3p	REV_miR-21a-3p	0	0	0	0	0	0	0	0	0	0	0	0	0
REV_miR-24-3-5p	REV_miR-24-3-5p	0	0	0	68	0	0	0	4	0	0	0	0	0
REV_miR-29a-3p	REV_miR-29a-3p	9240	237	0	347	120	432	137	200	111	352	78	73	109
REV_miR-29b-2a-5p	REV_miR-29b-2a-5p	26	20	0	11	0	63	103	12	23	0	30	19	0
REV_miR-727b-3p	REV_miR-727b-3p	24	24	0	136	0	50	0	2	13	0	9	2	87
REV_miR-96-5p	REV_miR-96-5p	32	0	0	0	0	11	0	0	0	0	6	7	0
