Gene	B43_F	B54_F	B60_F	T44_F	T47_F	C17_F	C19_F	C31_F	B48_M	B49_M	B59_M	T41_M	T43_M	T45_M	T63_M	T69_M	C13_M	C15_M	C20_M
miR-ENSGACG00000022167-5p	2.13273554303967	4.05497197743244	5.33708666336102	0.167968456165149	0.167968456165149	0.167968456165149	0.167968456165146	0.167968456165149	5.23562958422847	1.60189240091217	0.167968456165146	0.167968456165146	0.167968456165149	0.167968456165146	0.167968456165146	0.167968456165149	0.167968456165146	4.51674752278894	0.167968456165149
miR-99a-5p	12.4050114429825	11.9572279449424	12.3763890485828	11.5002074624436	10.794825550219	10.101102811098	10.5462226095281	10.6932940142036	12.4401757466377	11.3303950134041	11.0984449072412	11.5317682785752	11.5342508432556	12.2033128096672	9.34341931912213	10.6669029217381	9.99153584429493	9.76151679969399	9.78116487561368
miR-92a-3p	17.0646093131065	16.8153001118924	16.3867073661924	18.2184758236949	16.8901209083469	16.7591539463548	15.9412762457381	16.8076800192046	17.1985661262939	16.4858819115226	15.6911071047928	16.6245531359513	16.2521396272851	16.8934926160992	18.2069502430046	16.8250841840086	16.770855999889	16.6798436980104	16.4979354174336
miR-92a-2-5p	6.2507652636091	6.32486472843541	8.25283540796683	8.92363782071007	7.62167195115353	8.14574021052294	6.28442278996708	4.27296362936214	6.46673917378675	6.56694263453435	7.52673961105666	7.25760103549701	6.847701403108	7.73121255624297	9.37363495639939	8.58204824847879	3.93098984108412	5.72473977883785	5.00568268587285
miR-92a-1-5p	8.40304699093118	8.51303762406112	10.1256921537166	0.167968456165149	0.167968456165149	8.22584857490476	8.67973796450628	8.52851051134167	8.40187102026306	8.42758994023296	9.52013238660491	0.167968456165146	0.167968456165149	0.167968456165146	0.167968456165146	0.167968456165149	8.22038855104696	7.67107443856399	8.45294915262874
miR-9-5p	0.167968456165149	5.13828039237921	6.21881323772435	3.4589659463359	2.78304257730113	8.3099331209519	8.35675006994602	8.25705002628541	3.93912421023351	5.26326891451115	6.82601141828001	5.33198092571581	4.6313017438892	4.92947301089158	6.85419784590944	5.56394863508055	9.54347785664855	10.7525147583538	7.05216827068426
miR-9-1/3/5/6-3p	3.02032269928282	0.167968456165149	4.07408453796125	0.167968456165149	0.167968456165149	0.167968456165149	0.167968456165146	0.167968456165149	3.73423649820304	2.43971171105532	6.32110821476088	0.167968456165146	0.167968456165149	0.416434467067063	0.167968456165146	0.167968456165149	0.167968456165146	0.167968456165146	0.167968456165149
miR-8159-5p	5.89174971547166	2.0782903949238	5.8442871718555	4.52262465803581	3.48577274965243	0.167968456165149	0.167968456165146	0.167968456165149	1.657297899182	3.48041292490436	4.84370005720845	3.49186391825861	1.2245369743918	3.97203126284241	0.167968456165146	1.88888926621209	0.167968456165146	0.167968456165146	0.167968456165149
miR-737-5p	5.20966986623239	6.35249022132722	4.54800023177547	5.48692827871132	5.09764792338992	7.17854548261076	6.18020941221792	4.72562703512087	7.22274822925716	6.99762307928985	4.51108977088934	6.61969063841313	7.38148144431252	5.68897065391087	7.45346850833108	6.27116787509416	7.96365366136211	8.93146480177031	7.80513005497134
miR-733-1-5p	0.167968456165149	2.87236669278639	3.36362636935143	0.167968456165149	0.167968456165149	3.77617611393403	6.73686069557209	0.167968456165149	3.20892013448105	0.167968456165149	0.167968456165146	0.167968456165146	0.167968456165149	0.167968456165146	0.167968456165146	0.167968456165149	0.167968456165146	6.61280622431139	4.39938098440673
miR-730-5p	2.74749211726886	2.87236669278639	0.167968456165149	5.57493401959443	4.50600417425229	0.167968456165149	0.167968456165146	0.167968456165149	0.167968456165146	2.77805833778235	0.167968456165146	3.40258263664456	5.80020834594771	5.48643963253897	4.10128521869385	6.19192103579149	0.167968456165146	0.167968456165146	4.89311773726501
miR-727b-5p	5.8803818765888	5.83076455402558	5.02514822268988	0.167968456165149	0.167968456165149	6.10435430021919	4.27496068514633	4.14968178054183	5.23562958422847	4.69925474420077	5.34123903130367	0.167968456165146	0.167968456165149	0.167968456165146	0.167968456165146	0.167968456165149	7.37953569314308	7.48103063091103	4.44572812650579
miR-727b-3p	4.83882749218628	4.60705782014646	4.28266371050585	0.167968456165149	0.167968456165149	6.63438261496823	5.07533157762867	6.9797079245827	4.88529847950481	5.5982434204501	3.89907054277784	0.167968456165146	0.167968456165149	0.167968456165146	0.167968456165146	0.167968456165149	7.07612351068687	6.74229958409153	5.40805175364603
miR-725-3p	6.92305092714948	8.12972879044435	5.74206485446925	7.97021342998886	4.41155479916257	11.8665676687362	10.1062509302103	4.76816357150916	4.27801931123486	7.93037925267765	8.52233815864529	8.98713303456945	10.2928880001789	6.20061067188806	6.60532506757654	7.70430099308782	4.04433841340834	12.0906167083822	12.7758720150882
miR-724-5p	3.17719904899222	3.1493323876931	2.6697854237382	0.167968456165149	0.167968456165149	7.2821013225025	11.5501674035576	8.60089881579925	4.11849995022061	4.26954747666148	4.07807095137554	0.167968456165146	3.17154538887864	3.22624853536283	0.167968456165146	0.713238508649552	7.51024680072731	6.62699753824042	7.54797716078334
miR-722-3p	5.74904047964012	2.0782903949238	0.167968456165149	0.167968456165149	3.05708827675028	5.56193432684141	6.4600054799243	0.167968456165149	4.27801931123486	4.23334284281201	4.07807095137554	3.80224631838867	3.35380926971279	4.43329302589683	0.167968456165146	4.60547629719335	5.26769619865081	6.26809946769665	6.66342893836404
miR-7147-5p	2.93498620933472	2.0782903949238	4.46486136005656	0.167968456165149	0.167968456165149	0.167968456165149	0.167968456165146	0.167968456165149	3.49535726209106	1.60189240091217	0.167968456165146	0.167968456165146	0.167968456165149	0.167968456165146	0.167968456165146	0.167968456165149	0.167968456165146	5.6007946203305	0.167968456165149
miR-7133-3p	5.59064923404544	5.7078202226451	4.96591021909186	4.7285259581032	0.167968456165149	0.167968456165149	3.08668797922228	4.33086663197922	6.89370826148327	5.9723120868265	7.52673961105666	6.02809759120869	4.82900617005731	3.25843797436149	0.167968456165146	2.46192583608957	6.43845535006606	5.38395795493038	6.81235893980821
miR-7132b-5p	7.78839828283205	8.60203873661353	7.39916524821595	0.167968456165149	0.167968456165149	5.76624762827864	8.96267861424115	7.648408815758	8.22712318364841	8.15505138137875	9.1664632349816	0.167968456165146	0.167968456165149	0.167968456165146	0.167968456165146	0.167968456165149	8.66492126568935	9.32115166110662	7.41743086240217
miR-7132a-5p_gac-miR-7132b-5p	7.63788482138658	7.87739139666499	5.18953195808312	10.4529366270779	8.96383374077781	7.77563293994696	6.22579705005643	0.93747722589063	7.40665514620692	7.16072641635791	6.61016173682163	9.63490110215135	10.3669983958545	10.0334280270491	11.673506308345	10.1336998145778	7.28659513594299	6.69593277257064	7.14287404486429
miR-7132a-5p	6.3364556360465	6.53233824041787	5.63204344714057	0.167968456165149	0.167968456165149	5.23485668667232	5.41411027259006	6.9797079245827	5.80618080399214	6.47690926433099	6.8752801085247	0.167968456165146	0.167968456165149	0.167968456165146	0.167968456165146	0.167968456165149	5.44331016856367	8.00573728804862	5.32370286193715
miR-7-5p	4.92986383057462	5.25997103596054	7.50699373091678	5.84650518540388	6.32763836082358	0.167968456165149	7.94676689471047	7.95036624630477	5.07107191442138	5.11196478994435	6.2102762191595	4.54856086676597	5.27562825534642	5.27456435683885	6.46268641523939	5.86150919902019	5.29849013781408	4.66165272243758	5.39629966424263
miR-551a-3p	9.75359340311378	8.09743882717637	4.83959649821048	7.97021342998886	7.60042112709895	6.7351494062857	0.167968456165146	5.16825366937679	6.17394005074858	9.46089858399195	6.13135622278383	6.10085578570618	6.51595981172126	8.14038867069527	0.167968456165146	7.49739823735799	5.31364408098031	5.08820764620297	4.94243903745739
miR-499a-5p	5.78606288860886	7.55955788635136	5.24041224200763	6.72102974281235	5.83993632747585	5.16432492195412	11.893407394976	9.77340524538969	7.8992018479317	7.50622029490776	4.51108977088934	6.992865107477	6.44741121540611	8.70420927309288	3.65314593560933	5.52406058062213	8.33807470674607	7.32873344534527	5.56325663874582
miR-489-3p	5.79819553340851	5.52567812197754	4.6266079535701	6.99272887957128	4.67815969820628	0.167968456165149	5.1716587469271	0.167968456165149	4.782595768204	6.10846655420052	5.81519695296873	6.18358270335785	4.6313017438892	5.44508318373271	3.65314593560933	4.73691425223156	5.3871143208374	3.49594350005115	7.26744887523078
miR-460-5p	6.4329871195036	4.85896471536384	0.167968456165149	6.85009800879884	5.80320609071753	5.32383600903494	0.167968456165146	6.6220913225845	4.55225520174042	5.26326891451115	5.86483004530754	5.28279126005797	4.55888369833459	6.16708937096573	2.5125770581999	3.83608573015743	5.23623060884672	3.61464092798241	0.167968456165149
miR-458-3p	4.90763761147832	0.167968456165149	0.167968456165149	0.167968456165149	3.95627484653668	5.66770479462946	3.79985476646417	5.16825366937679	4.27801931123486	3.81034526345425	2.34057053694071	3.93552839288105	0.790888670384717	3.5719327661064	1.77185605410899	3.88729179635671	5.89002124851816	2.17300933878457	5.94839551832497
miR-456-3p	7.13877124184276	7.6734616385215	6.89506688961138	5.79246069036949	5.94482889209144	3.49889240017803	5.65532927013985	7.10114626362182	7.56974701985725	7.24950678247203	8.08278721554698	4.74295214899659	5.65143354504505	6.11530018526813	6.53576785182696	6.35994707062826	4.72644497203162	6.70933318776622	4.77102106525163
miR-455-5p	5.28056875701412	5.3171717762877	5.08204950694723	0.167968456165149	5.51601447954171	3.89709657665845	3.83949656332919	6.52621108908204	5.75284670534148	5.62643559795175	3.17097982139949	6.39509141914278	6.59050929548096	6.35744305163096	6.12654173778139	5.91800543391279	7.08498248585922	4.17426681217454	3.8974830597712
miR-455-3p	7.27522879723675	6.40620316192084	0.167968456165149	6.96856163758777	7.04606767341958	6.40890779511587	0.167968456165146	5.19967312566256	5.31136617952877	6.65852815053702	5.81519695296873	6.24907328543599	7.68773319137399	7.35312554979669	5.05327828786269	5.84864826239292	7.80112588566542	5.55699469825152	5.66470998205801
miR-454b-3p	1.97066277216583	3.75721886215196	3.16724236164954	0.167968456165149	0.167968456165149	0.167968456165149	6.31286583122749	0.167968456165149	3.49535726209106	2.87524334498173	0.167968456165146	3.93552839288105	1.2245369743918	0.167968456165146	1.77185605410899	2.24351968894309	5.86965874408716	4.01071780199424	5.43127257872884
miR-451-5p	16.1916378123378	16.0514687325891	16.4016286337159	14.472810058834	15.6083868141438	12.4323617623829	13.6459113503034	13.9969808602106	17.2310193952535	14.8476517119977	13.9099765601655	14.3656186255096	14.2522131374558	15.8788441569206	16.5776205439678	15.0538563319377	12.9440975418424	13.0338867965496	11.3029103831377
miR-429a-3p	4.27034314542936	5.66439486548933	0.167968456165149	5.18523618477177	4.50600417425229	8.69270522660675	9.67433902641393	0.167968456165149	3.20892013448105	5.28111313839175	6.48877902037987	5.12428010665033	6.65272249347399	4.30046409280045	6.12654173778139	5.33413372216187	3.76451720328242	8.54161204953096	9.99300823741838
miR-425-5p	11.9105774491908	12.1749759771471	11.5599929525952	11.0042183537331	10.7783613548261	15.9213359389586	15.5454764984146	14.0374163196926	12.0025661850103	11.4249706688434	11.0212036636799	11.942138218449	10.8783499777931	10.5560893125684	10.2609804148025	10.7481389852418	14.7129202325913	15.2362917845645	15.9460324850544
miR-375a-3p	8.81936945120277	12.2355759726201	10.6885760283592	11.3438109899078	10.1784069000609	16.772066163137	17.3973977230787	12.0570665662015	8.11535111670601	9.81641682210095	12.2828704669211	11.297244826048	10.8764889469634	7.95148968817481	11.2508549570253	10.0851826579207	13.676790330086	16.3978604603839	17.1313464539107
miR-365-2b-5p	5.41269905816659	6.04908300313721	3.6907727400886	0.167968456165149	4.31048620502419	7.00778209951456	6.63915905014157	7.25861375792687	4.27801931123486	5.62643559795175	4.84370005720845	3.20551178044186	4.6313017438892	4.69086343265171	0.167968456165146	4.69441836397057	3.89113769695161	0.167968456165146	0.167968456165149
miR-365-2b-3p	9.59312056575309	9.62565223184074	9.19964515374701	7.9742648872659	9.67514466758633	9.63424022752913	9.11581491680799	9.19911750953832	10.0235895598346	8.67709231565032	7.85614141961779	8.99096660602982	8.90623458129518	10.8821261527063	8.10903687975143	7.52998658355735	10.7035032618715	9.97834810310008	9.34149196303491
miR-34a-5p	3.87159771360723	2.0782903949238	0.167968456165149	0.167968456165149	0.167968456165149	0.167968456165149	0.167968456165146	0.167968456165149	3.49535726209106	0.167968456165149	4.23729348876415	0.167968456165146	0.167968456165149	2.89878224186121	0.167968456165146	0.167968456165149	0.167968456165146	0.167968456165146	0.167968456165149
miR-338-3p	4.71630667111614	5.3171717762877	6.40873556091541	0.167968456165149	5.56071085986007	0.167968456165149	4.93599324410107	5.45533803185966	6.04676009365135	5.09188532712631	4.63068488908209	7.08899944060409	5.93506515570479	6.2494759879256	5.14955597877698	5.53212690651386	5.84900471945404	0.167968456165146	0.167968456165149
miR-338-1b-5p	0.167968456165149	1.41860560263163	3.16724236164954	3.7884038149253	3.66021820524433	0.167968456165149	0.167968456165146	0.167968456165149	1.657297899182	0.167968456165149	0.167968456165146	4.5063295121301	1.82787325435107	0.416434467067063	5.14955597877698	2.07707366501123	0.167968456165146	0.167968456165146	0.167968456165149
miR-338-1a-5p	4.23507705815082	3.38159400513692	5.18953195808312	0.167968456165149	0.167968456165149	0.167968456165149	0.167968456165146	0.167968456165149	3.20892013448105	0.679387341997784	0.167968456165146	2.54824578879952	2.05547263153076	2.93906025479107	0.167968456165146	0.167968456165149	0.167968456165146	0.167968456165146	0.167968456165149
miR-31a-5p	6.06241570845049	8.04760699588928	5.5537394999261	0.167968456165149	2.44443833931651	7.51722495451858	7.44756719805887	7.26605345054475	6.46673917378675	6.2328722581938	7.01372989526848	4.58959107935538	5.89149865618223	4.51550391257216	3.65314593560933	5.21892907317058	2.79522224897537	7.13380585259482	7.55592209963779
miR-30e-5p	8.68697795092167	8.37842297365538	8.12327606129586	7.90803530830852	8.7775814243762	8.417455777698	9.62840042765144	8.88562702897715	10.2830762354437	9.19636633812173	8.48314700222574	8.62711841977254	8.91532701452881	7.7426362754909	9.65360483367777	8.74446902829584	9.06596812823491	9.18029723741904	9.04955938594021
miR-30e-3p	9.77293369247275	9.61428621493219	9.96669099616611	10.2389387646746	10.7031015447483	14.4466867734653	15.0816705917411	12.0725296291095	10.1003244123044	9.7010256712944	9.85088541187519	10.3636777495167	9.83629276360928	9.44647607277676	10.3773919350284	9.7722514891795	12.4417653048105	14.1964832784834	15.3996787983036
miR-30c-2-5p	11.6660537529896	11.1883196709088	10.5890287101471	11.5953439258562	11.2613258767567	13.6283065553642	12.9420257198182	10.4356877668365	11.0465523947008	11.4740361717837	10.8984770340997	11.3796066974824	11.6411480905222	11.1242060651071	11.1555272449405	10.7757897622533	12.5597627667581	13.3652813521706	14.3637010324722
miR-30c-1-5p_gac-miR-30c-2-5p	4.46555142906988	4.85896471536384	3.83016914874638	6.72102974281235	5.3219436034751	7.66503557500739	6.85278370712939	1.43662950303876	5.95528428561144	5.4324946082688	2.34057053694071	2.54824578879952	5.4855337771278	5.6948635246322	5.92365549682811	5.49958742013813	5.96871345659971	6.38960840006842	8.97547298185249
miR-30c-1-5p	10.317528195294	9.49850584413391	8.86468740895786	9.50398847995021	8.69477959205149	13.7180519711301	13.5409126080732	8.94939833779481	9.05299229126681	9.6993677348665	9.82290545094014	9.48801563025046	9.37417255049609	8.36304005723598	8.07266152139513	8.75053131048173	10.6103148419878	12.9058825319591	14.69654825519
miR-30bb-5p	8.55019377348683	7.98720726369159	7.23323398917598	6.53606995731495	7.04606767341958	8.06737762275603	6.53435713942871	4.44013504253971	8.86471643270298	8.11581533826798	7.03556614643509	8.0830345275787	7.84064788491313	7.4293303755061	7.93084187887065	6.77458287372547	7.20361414410627	7.70156775190851	8.52487329274924
miR-30bb-3p	3.10089213484141	4.30166170288764	4.77203477510205	0.167968456165149	3.81582749145619	0.167968456165149	4.6317648610824	5.0696684843068	3.20892013448105	5.05086803919872	5.34123903130367	4.74295214899659	3.35380926971279	3.71797880872142	5.55313224820519	4.07567164533119	4.42533423538065	0.167968456165146	1.50886174341608
miR-30a-5p	13.696695058032	13.1682575614092	13.7495355101045	12.9648294254424	13.3227620485453	12.8188284172268	13.1113665639515	12.8653686090018	14.0757119621573	13.0895642320296	13.0376254511965	12.984135502515	12.9468421332882	13.4811801597099	13.9071757520987	13.2826798617199	12.331395102938	12.6098710697954	12.7629886655588
miR-29b-1a/2a-3p	4.00319811454683	4.41080286661906	3.6907727400886	3.7884038149253	4.59464830992798	4.74828997093633	5.80299921777657	0.167968456165149	4.782595768204	4.72555781276411	5.19367156070689	4.5063295121301	2.96287937594598	3.74094455554009	1.77185605410899	3.18927919205906	0.167968456165146	5.68459635244277	4.22432893666817
miR-29a-3p_gac-miR-29b-1a/2a-3p	0.167968456165149	0.167968456165149	0.167968456165149	0.167968456165149	0.167968456165149	0.167968456165149	0.167968456165146	0.167968456165149	2.37435193279033	0.167968456165149	0.167968456165146	0.167968456165146	0.167968456165149	0.167968456165146	0.167968456165146	0.167968456165149	0.167968456165146	0.167968456165146	4.37563683986919
miR-29a-3p	4.08470292265264	5.61962172454039	4.46486136005656	5.55343073969558	6.01074655773642	0.167968456165149	5.9369477344788	0.167968456165149	7.61528408050789	5.2083724918573	6.28510203796438	6.77894111819852	6.12260163456784	6.44396131752312	7.81817339300059	6.5427277663103	4.04433841340834	5.6007946203305	1.95578946619276
miR-27e-3p	8.55019377348683	8.68586687349131	8.4055460919913	7.99435324795389	7.31751272491409	8.61329548472984	9.20292781305014	9.21842015553343	8.00563200202112	7.97217112347647	9.17140279097177	8.77673893133084	8.94226546411854	9.98825543205123	7.61395246023209	8.76942002951029	7.97084075697328	8.8445666738773	8.87849223601308
miR-27c-1-5p	8.07684795822465	8.48834654254706	9.56160253205221	5.82871435869372	7.39360832871306	0.167968456165149	0.167968456165146	0.167968456165149	8.21731244603552	8.83492104767296	8.82782584919062	7.62135288517234	6.6175012529867	6.83133779022844	6.63888520700774	7.52393207681715	0.167968456165146	0.167968456165146	0.167968456165149
miR-27c-1-3p	10.5634791990961	10.6856296536476	11.3788244947194	9.91355323804842	10.4827388692854	8.71137777123018	9.44621435560436	9.73505169418443	11.9968427677833	11.3458439975172	11.3391397508772	10.6654081855558	10.6967452736963	10.3300611467702	10.1778033792752	10.1835218697129	9.21161424033017	8.41238565481501	8.46706204525228
miR-27b-5p	4.12379120927756	4.41080286661906	6.11357102468879	0.87080880540531	5.60406400481807	5.11531216878463	7.00435301455579	4.0148724768924	4.88529847950481	5.52525423166288	4.07807095137554	6.01309503422526	5.2062010025417	5.55283686625656	3.89454655855918	6.29506561325479	5.28317532772057	6.90254295652882	7.38509272475024
miR-27b-3p	10.0623130368274	9.6619852837853	10.4255090172373	10.4873633945711	9.64692003841341	9.22746986928482	10.4776083837254	9.37799264084358	9.99516413284123	9.47162245043286	9.91413596867806	10.347322714092	9.9036309839476	10.8350427341673	9.46534507811525	10.4752176267085	8.53679687231295	8.67906066475463	10.1477757278529
miR-27a-5p	3.87159771360723	5.07335603769844	5.38309833733303	0.167968456165149	4.08425434108887	5.94518311727883	3.91565480730945	4.6817981478406	3.49535726209106	6.19572335247814	6.72211962792255	5.33198092571581	4.91854712632374	5.61008894374872	6.0286621694336	6.18682054606677	0.167968456165146	6.547159010154	6.3033241122755
miR-27a-3p_gac-miR-27b-3p_gac-miR-27e-3p	0.167968456165149	3.75721886215196	2.93984957951734	0.167968456165149	4.90309707252955	3.33731097449025	4.80195182865948	0.93747722589063	5.38332438863171	2.96629276975588	2.34057053694071	4.58959107935538	5.02989590586758	4.99780410052094	5.40495969047472	5.89316871960701	5.15442650285027	0.167968456165146	4.97440738663481
miR-27a-3p	4.76657034301929	6.73483855035664	5.5537394999261	0.167968456165149	4.08425434108887	5.11531216878463	7.82615609869409	8.0656945969835	6.36377627152436	6.78272138581576	7.38083964660091	4.58959107935538	5.83128473739387	6.05701436525695	6.0286621694336	7.04645525085683	2.61123133457411	5.95592358660336	7.28348748904061
miR-26b-3p	5.28056875701412	4.7797842711601	5.5537394999261	0.167968456165149	6.01074655773642	5.76624762827864	6.26998818220994	5.318925026039	6.13277998861999	0.167968456165149	1.62959078178535	6.11497724271553	4.52126425309798	5.43102998717951	6.53576785182696	4.47765635189396	0.167968456165146	7.03083106338812	6.43551968990637
miR-26-5p	14.3112199353017	13.8584479422035	14.070753801564	13.8193671773024	14.2580999337559	14.21874306814	14.0554261953315	13.5209521085348	14.8983137688065	13.7960417510943	13.367204247847	13.7381576685961	13.8089413408506	14.2921498537555	14.1967023112146	14.0683305949112	14.0556255192981	14.2826613148501	14.4008884353002
miR-24-6-5p	2.93498620933472	2.0782903949238	2.6697854237382	0.167968456165149	0.167968456165149	0.167968456165149	0.167968456165146	0.167968456165149	2.37435193279033	5.9723120868265	5.19367156070689	0.167968456165146	0.167968456165149	0.167968456165146	0.167968456165146	0.167968456165149	0.167968456165146	0.167968456165146	0.167968456165149
miR-24-3p	9.07134607223442	9.59995160175979	8.37740687211128	6.76846203840399	8.13904724791162	8.49613968381271	9.56847189901627	10.3081627322688	10.5853293167389	10.0107482282407	9.36923464916184	8.50106434925716	9.02018819972567	8.38962462219655	8.45826738561062	8.63356646722308	8.53194586103605	7.96162506422196	8.19083952509624
miR-24-2-5p	7.58983754654537	7.65138898097479	8.54868404423411	8.09452898712884	7.2644568585094	5.34524904480132	5.59869934684849	0.167968456165149	7.81062883985248	7.76903314040757	7.85614141961779	7.09613571095312	7.6002310532305	6.96169330188787	6.73512130516644	6.9890103347406	5.26769619865081	6.64802615205529	6.23238764986022
miR-23b-2-5p	4.66422839554754	4.7797842711601	5.70631526643748	7.51066988324463	7.01428205127778	5.68460315058797	4.69795962570477	5.0696684843068	3.73423649820304	6.38913209175155	5.59759432725899	7.67952141546353	6.85528051549196	5.23466885386267	6.73512130516644	7.69175347205641	5.57490992283568	3.55651259557704	6.97525992576476
miR-23b-2-3p	9.1574548354669	8.98841872158416	8.68349752469944	8.54759201177245	8.53034625160372	9.49628822075775	8.59831089474383	9.56603428531873	9.32833582654924	8.53745614364973	7.34631140097797	8.88782548928027	9.03361102722942	9.65089845254991	8.03534523866453	9.11380133419141	8.89642110160237	8.51133094376086	10.1096006405796
miR-23a-3p_gac-miR-23b-2-3p	3.87159771360723	4.18358318410251	5.47094036700607	5.24010531721553	5.76551623745941	0.167968456165149	0.167968456165146	0.167968456165149	5.95528428561144	4.77676757792068	4.74112039128274	3.20551178044186	5.56163099944692	4.78226108469841	7.37597965032431	5.99004875706401	0.167968456165146	0.167968456165146	0.167968456165149
miR-23a-3p	13.6726984397688	14.2661763169091	13.9445823521371	12.0684969116563	12.082356601082	13.3153554436681	12.981319721856	13.246747252243	14.4445632750441	14.0752794671115	13.5377997003747	12.4436580470216	12.8383302500292	12.5322219875536	11.9565598605594	12.1619918715187	13.3931237897164	13.1319942538994	13.8258652725335
miR-23a-3-5p	3.96065131706083	5.3171717762877	2.93984957951734	6.41013347757802	0.167968456165149	0.167968456165149	0.167968456165146	6.35538592018963	3.20892013448105	4.77676757792068	5.19367156070689	0.167968456165146	4.59554706373781	4.6428973785918	0.167968456165146	4.03083217474659	5.80678786114551	5.62927283524364	5.91583893881927
miR-23a-2-5p	5.48952912801497	6.60304395118884	5.90862110605828	0.167968456165149	0.167968456165149	0.167968456165149	7.05994756881881	5.82126490657342	5.69746499233807	6.5741978261668	6.09021593088694	0.167968456165146	0.167968456165149	0.167968456165146	0.167968456165146	0.167968456165149	6.5125584107655	4.71577112878566	4.99012978434351
miR-23a-1-5p	3.17719904899222	2.52928613258561	5.5537394999261	0.167968456165149	0.167968456165149	0.167968456165149	0.167968456165146	0.167968456165149	0.167968456165146	4.43807960150912	3.17097982139949	0.167968456165146	0.167968456165149	0.167968456165146	0.167968456165146	0.167968456165149	5.01305194924553	4.93693948853177	5.44274432263195
miR-22b-5p	8.89616436515008	8.74958997659466	10.1722960851527	9.61064412281183	9.59145340290257	7.06697766209223	7.13355048491349	7.02426134686327	9.01951153017884	8.34304698783231	8.33252937990685	9.02688629905657	8.46595637022894	10.4533752666755	9.75655953402977	8.62322017080611	6.58304045171134	8.4286800448811	8.55293277952803
miR-22b-3p	4.33838994308057	3.38159400513692	0.167968456165149	5.65787858578789	3.81582749145619	0.167968456165149	4.15440386182091	0.167968456165149	5.38332438863171	4.75138990053051	4.51108977088934	0.167968456165146	3.35380926971279	5.4999657952707	2.99961035907259	3.96084643642928	0.167968456165146	0.167968456165146	0.167968456165149
miR-22a-5p	9.28255290231206	8.35812442437484	8.30754530304102	8.57185799732508	8.95548914010544	9.3005421685418	6.24806181161157	6.2392332084022	7.64486271482013	8.23275458805138	7.98517541959027	8.57443787193866	8.95113431660323	9.56583318837397	7.35593919407691	8.23941872204766	8.66787245806192	9.10498693065673	8.67346397243619
miR-22a-3p	15.2329124113393	14.0465939271349	16.1704259286019	14.2559969266533	14.1947056695249	15.3773122089001	16.3770545325988	16.584385261093	14.0429339365215	15.0651498464785	15.3550641754935	14.3642799827932	14.0677835830079	14.2322506799334	13.3837675367121	14.7262193637466	15.3043890149871	15.5750504300662	15.4593810386134
miR-223-3p	13.0661689282035	13.8687977089836	13.2132679755219	12.5069365029925	13.3402939803533	12.2480198100761	9.80084606201123	11.2249928048606	13.806983933969	13.2496428707084	12.6540908329201	13.4810507880767	13.3116926391803	12.2210956946219	12.463922667597	11.2407295838718	12.3846113985649	12.5661198831888	11.15100042504
miR-222c-5p	2.93498620933472	2.0782903949238	0.167968456165149	0.167968456165149	5.3219436034751	0.167968456165149	3.83949656332919	0.167968456165149	1.657297899182	3.13277792192139	1.62959078178535	4.88156579421423	4.94720032074272	3.99131356703397	0.167968456165146	4.54298143629155	0.167968456165146	0.167968456165146	5.11009697177487
miR-222a-5p	1.57892874918563	2.52928613258561	5.77694995607215	0.167968456165149	6.37846040446747	5.09016689397053	5.46568867549842	5.99249322202638	4.11849995022061	6.0262104075588	6.39053188998043	5.59636821399487	6.15980193242083	4.01034154947012	6.60532506757654	4.59010454122679	6.78137783768572	6.63404118796503	3.60249250720803
miR-222-3p	10.3707967321258	10.2754371900315	7.85597572556858	9.6300338594938	9.75424601776171	10.9051242056861	10.1886596099896	10.1001752441158	9.88173163286729	10.0490051138057	9.41576767202985	10.1114931382314	9.84963480497492	9.0442355181909	9.20463802634941	9.36363480288121	10.4929092512603	10.8996827702996	10.7163991115052
miR-221a-5p	3.56577975569982	3.38159400513692	0.167968456165149	0.167968456165149	0.167968456165149	0.167968456165149	4.43878289962707	0.167968456165149	2.85116038275161	0.167968456165149	0.167968456165146	0.167968456165146	0.790888670384717	0.167968456165146	0.167968456165146	0.167968456165149	0.167968456165146	5.2978758685795	4.89311773726501
miR-221-3p	9.64274344387909	9.29998673123196	7.99580768374807	8.91523284770689	9.8383402015832	10.6288612691672	8.20377820352621	7.41402968866059	9.01385507595467	8.95650127769115	8.64104162578525	9.37521066406844	9.7310595734051	9.27711422766181	9.90531414829606	9.23981617251924	9.78211040564426	10.3729496494204	10.3486516305652
miR-21a-3p	2.74749211726886	4.69600445936704	3.95727553996944	2.75812728481773	2.78304257730113	0.167968456165149	0.167968456165146	0.167968456165149	4.11849995022061	4.53049206298654	4.74112039128274	5.67472653693503	2.42495621367777	2.72538503903256	4.28207749470673	4.20238945901155	5.31364408098031	5.06754496845868	3.72029239562592
miR-218a-2-5p_gac-miR-218b-5p	1.33426984370149	0.167968456165149	0.167968456165149	0.167968456165149	3.66021820524433	0.167968456165149	0.167968456165146	0.167968456165149	2.85116038275161	3.35122901773314	2.34057053694071	3.65538605542772	2.05547263153076	3.35090907984485	0.167968456165146	3.69950587498591	0.167968456165146	0.167968456165146	0.167968456165149
miR-218a-2-5p	5.41269905816659	6.67044570765123	5.70631526643748	7.43036980924481	5.15707477803599	6.15373441980314	6.56424059214878	5.10328432159786	5.07107191442138	4.58896742462705	6.42402986080406	6.51708431111657	7.27248609629494	5.60383865091623	2.5125770581999	5.12605585310291	6.19833116084844	5.06754496845868	6.66342893836404
miR-2188-5p	13.2243014238326	13.6073384948423	12.7975575549389	11.3205290733055	12.790920335962	9.99333263457832	9.91714873991377	9.88391257494073	15.0122732135488	11.6405269084441	10.5132036277749	11.0569166125526	10.1637915056033	12.2728580875175	13.644248516062	11.5974477749111	10.1529484699662	10.156450223075	9.06077020008072
miR-2188-3p	12.4984817507952	12.8084762701221	12.7748158107849	12.1012836897002	13.5977165063294	11.2394460547267	13.623466360511	13.7619987897456	13.8094348739003	12.4432443729385	10.5685467612895	11.5095580692111	10.5070992294855	12.4577160369161	13.7516894265501	13.2884578285136	11.8074035652602	10.6799255723947	9.74397643667529
miR-217a-5p	4.86213076725818	3.75721886215196	0.167968456165149	6.89353160085881	1.35803753990638	0.167968456165149	0.167968456165146	0.167968456165149	4.55225520174042	4.56002598918311	0.167968456165146	5.44808270806623	3.59017524500992	5.07212844339579	5.68749411471144	4.5588607750076	0.167968456165146	0.167968456165146	0.167968456165149
miR-216b-5p	3.31867757470588	0.167968456165149	0.167968456165149	0.167968456165149	3.95627484653668	0.167968456165149	0.167968456165146	0.167968456165149	1.657297899182	0.167968456165149	0.167968456165146	1.65480081933228	0.167968456165149	2.52826338762616	1.77185605410899	0.167968456165149	0.167968456165146	4.24957624314408	0.167968456165149
miR-214a-3p	11.6920917754476	11.8916585621867	12.0260911382476	11.9054129245912	10.9561786078202	11.2607310104888	10.7021922348789	12.7248069750402	11.938323978167	10.7275609604453	11.1113542067047	10.2265189640108	11.2302016145957	11.3367521820006	9.03225285399424	9.45927205980542	11.5544607117589	9.78859815702741	9.5070470845553
miR-212a-5p	0.668551546658566	4.05497197743244	0.167968456165149	4.7285259581032	7.31751272491409	0.167968456165149	0.167968456165146	4.88872917395984	0.167968456165146	0.167968456165149	3.17097982139949	5.87055196899007	7.17894333617566	6.31215709251211	6.82533737765094	7.09354708286754	0.167968456165146	0.167968456165146	0.167968456165149
miR-210-5p	10.6106787047751	10.1213730545734	9.69982032542585	9.1229214595531	9.68527278950836	7.87098919862325	8.86040727334625	9.49024173495356	10.7845019945277	9.46383118914105	9.19099360986863	9.89943252702372	10.1895025840855	10.5146280582172	10.9096336389835	10.1193821411555	7.00322241315807	8.7043770094501	8.71308242583004
miR-210-3p	6.8197156558879	6.29669990368016	6.02927360034451	7.34533544818913	7.99990707503768	0.167968456165149	0.167968456165146	0.167968456165149	7.84925640901769	6.07816742409245	6.35623760264963	7.42564069315909	7.48770215622963	7.78744751779444	8.82190171786906	6.90142927617886	0.167968456165146	0.167968456165146	0.167968456165149
miR-21-5p	13.8950289993748	14.6761916020405	15.1316750450397	15.6824490980759	15.9519839880014	14.9293871735734	15.2985389010931	14.8200356954698	14.4299038327935	14.3502269663651	15.2231706363197	16.1208194629345	15.8391372594805	15.8445741236811	16.0300675944909	16.1596786528066	15.0133660939908	14.8271863660801	15.0829271064689
miR-20a-5p	4.19892725877986	4.69600445936704	0.167968456165149	4.94215786083832	6.07378354368974	7.21970499438673	0.167968456165146	4.33086663197922	4.98117335027523	5.88165391866421	0.167968456165146	6.04294574119911	6.35420278026888	5.66515547862653	7.88961540281116	6.07532092741845	5.40136982479454	5.16802032314806	4.77102106525163
miR-206-1-3p	12.2801386472853	12.3930984682921	15.1909290722636	12.0644644459818	13.1092220141271	11.2540246893358	11.2365635214779	13.3241842601568	12.7970463651696	13.0941453859985	10.0861647820315	12.8891148422349	12.1701568388601	13.5525125703465	10.6607897327324	12.5455114200982	9.83492546092229	8.25223964438081	8.68437735155478
miR-205-1-5p	9.50426492296443	11.9121083687229	7.33037474421186	9.28825822989291	6.52099370547954	14.9236714208855	11.5220831025414	7.88422345896339	9.06398207834699	10.0483540341858	9.96338244768334	11.3641714061544	10.3040078854922	7.85873472392969	7.63073006750678	9.74821570518881	10.1919116590519	15.3315755857623	15.3850618499079
miR-204-2b-3p	2.93498620933472	3.91376336166421	0.167968456165149	5.39320334099429	5.56071085986007	5.78203636688511	0.167968456165146	4.38653507635142	3.73423649820304	1.81286631855782	0.167968456165146	6.08659473688714	4.2722778881693	1.87076778855422	4.28207749470673	5.15768256614656	4.87685398474044	2.17300933878457	0.167968456165149
miR-204-1/2b-5p	9.71571715766596	10.9559481099809	9.36066538227112	12.3493601272535	12.7526028844818	11.9317150055312	9.03488884270148	12.8834692338707	9.83758527898374	9.18693191848416	10.2185301673529	12.9105250008682	10.8377990143927	11.3050781859786	11.4447729008363	11.8237755712006	14.5222374342376	11.4944358569587	9.81355796892067
miR-200b-5p	3.38453276362119	3.38159400513692	0.167968456165149	0.167968456165149	4.50600417425229	5.16432492195412	1.1937522653828	0.167968456165149	0.167968456165146	4.07869126632239	4.63068488908209	4.41796680817742	5.63391466615889	3.49296329766911	0.167968456165146	4.24227050652451	4.63288782960409	5.24364811340797	6.22576252007825
miR-200b-3p	8.44029705627247	10.3713935317732	7.64557583929854	9.33784063796029	7.60042112709895	15.5598966817265	13.8437986846441	6.56291693121781	6.21395831719849	9.73621808542855	10.6627591897384	10.8821639979496	11.9715540835267	8.47941937200618	9.17634790450753	9.9939533018798	9.71235772846306	14.9930180146738	16.2086295715108
miR-200a-3p	7.0038467532767	9.06137893736776	6.4308098474769	7.43625613175274	6.52099370547954	11.4880011481763	12.4808742274637	7.64270463161872	6.04676009365135	8.41147816090686	10.6254492510933	8.59725119578655	9.74029875388832	7.05398975980795	9.1416508126576	8.68149621186178	6.63825153678485	11.5608536611466	12.1282834582172
miR-19b-3p	4.27034314542936	3.75721886215196	0.167968456165149	0.167968456165149	6.13418112108602	0.167968456165149	0.167968456165146	0.167968456165149	6.29081116855182	4.30486574817073	0.167968456165146	5.47022254261253	4.91854712632374	5.39528616951808	7.84717609548511	5.63308053670753	0.167968456165146	0.167968456165146	0.167968456165149
miR-199-5p	10.477443139884	9.93979009328188	10.2174415427002	10.5639629336769	10.049086951496	8.27966813567068	5.79293823135274	9.85830017890112	10.6395967626854	9.10914961939551	9.87227852920395	8.87336048132664	10.7383265962898	10.7151301239856	8.49538287672382	9.07912365525817	8.92383766060257	7.29802007607101	6.10099290949277
miR-199-3p	12.4749378491146	12.1802849330769	11.4290379686199	12.9911845687984	12.6631968218368	11.9655961077358	10.7255217081508	12.4175850472036	11.6196681400435	11.5231287801896	11.4489861217197	12.1261667825529	13.2137538072158	13.0034615642503	10.901015263418	11.7932672397253	12.7519273593409	10.3761038609648	10.3732150940801
miR-196d-5p	3.10089213484141	4.41080286661906	4.37663683873087	0.167968456165149	2.00117162629967	0.167968456165149	4.3035890421221	7.21315146911317	3.73423649820304	4.56002598918311	1.62959078178535	3.09586625689604	3.85500248042245	4.2692088999572	0.167968456165146	4.89538731213346	0.167968456165146	0.167968456165146	0.167968456165149
miR-196d-3p	3.82492092526817	5.61962172454039	4.77203477510205	3.7884038149253	4.41155479916257	5.4076448155317	0.167968456165146	3.60967095996774	4.11849995022061	0.167968456165149	2.81471567717269	5.25755285452997	2.84601596972144	4.85774391325395	0.167968456165146	3.72787585456164	4.72644497203162	2.88987258260023	0.167968456165149
miR-196a-5p	5.20966986623239	5.66439486548933	6.086015561743	6.80531611374993	6.73111862334276	0.167968456165149	5.40092230637924	0.167968456165149	4.782595768204	5.82195612875839	5.26934123442306	5.25755285452997	6.07146040427293	6.64909563312404	3.36307215149504	5.95447674883447	6.27000155450525	6.79980481382959	6.34059527078736
miR-194a-5p	9.0152828794081	4.51226493113537	4.37663683873087	0.167968456165149	4.7571003468551	6.30345915339648	0.167968456165146	3.0441815027008	4.98117335027523	5.70785008908035	5.59759432725899	6.38347209975439	5.36328793492757	4.89916758129878	6.82533737765094	5.74141230499264	5.13749396206207	6.72261027835827	5.37250433159
miR-193a-2-5p	7.2924855589307	7.11951396564176	8.33121037932299	7.08554212335443	7.06170167010814	6.79861809444052	3.95227751627777	6.74431461603772	7.53857033870787	7.31593065471378	7.19928916334446	4.94617852683222	6.12260163456784	8.58948174282827	4.83899877924707	6.55069067913021	5.8593686925522	0.167968456165146	2.87263951004925
miR-191-5p	13.4979930660366	14.1119489668875	13.8581369499758	11.8325229562156	11.4923028135043	0.167968456165149	0.167968456165146	0.167968456165149	13.4195867219223	12.9366497602236	13.1451064428117	12.3209165182398	11.5767044835258	11.3143187078769	11.5254886642639	11.9998669686168	0.167968456165146	0.167968456165146	0.167968456165149
miR-18c-5p	3.62146577698209	3.58159692563707	5.59342266303509	0.167968456165149	4.41155479916257	6.07901561597253	5.59869934684849	0.167968456165149	2.37435193279033	3.20932961903824	5.59759432725899	5.12428010665033	4.17872117971354	4.11952232303302	5.86813964420071	5.12605585310291	4.79283480407939	6.77452947781591	3.56098686304846
miR-18a/b-5p	3.62146577698209	1.41860560263163	4.07408453796125	5.67789046119685	2.78304257730113	0.167968456165149	0.167968456165146	0.167968456165149	4.55225520174042	3.41726643527788	4.51108977088934	3.93552839288105	1.82787325435107	3.78580756573463	5.32474604476909	3.10526678554463	0.167968456165146	0.167968456165146	0.167968456165149
miR-18a-3p	5.67201745710348	5.07335603769844	0.167968456165149	0.167968456165149	0.167968456165149	7.38390175568876	4.60900735696537	5.62694240727057	4.98117335027523	4.43807960150912	0.167968456165146	0.167968456165146	0.167968456165149	0.167968456165146	0.167968456165146	0.167968456165149	4.89711589488398	5.22510958026858	0.167968456165149
miR-184-3p	7.39190375561808	8.82547891147813	7.41031806663373	5.55343073969558	5.26905345412656	13.8328785882424	14.4496266184473	10.0707404574416	5.38332438863171	9.38557640580289	10.4515975320589	8.02812583489859	8.80028055061087	4.96891471328642	5.05327828786269	7.45771848835571	8.50414436750999	13.9148424408261	14.0424756255613
miR-183-5p	6.51613606099806	7.86785130030037	9.00371682587878	4.56622301393598	5.68704746170808	11.5613115460261	14.0368962931625	8.39576843972861	6.29081116855182	6.8380154892403	8.36738508156079	5.7490472732119	3.79321237967564	5.78601594229562	5.23980860049185	6.77117912158515	7.77672814117301	11.8138304972558	11.9019496938828
miR-182b-5p	0.167968456165149	3.91376336166421	5.47094036700607	4.60854238081357	4.83194473001461	1.21493598357278	5.80299921777657	4.84964954811373	4.11849995022061	2.87524334498173	0.167968456165146	4.17001773881193	2.71884514549795	3.74094455554009	0.167968456165146	4.14042137324154	5.54953282640191	6.08489579426217	0.553803917990007
miR-182a-5p_gac-miR-182b-5p	1.57892874918563	1.41860560263163	0.167968456165149	0.167968456165149	3.05708827675028	7.98109725048448	11.7693324075193	5.40231038594358	2.37435193279033	3.59897395525964	2.81471567717269	1.65480081933228	1.55751739323993	2.17052453084044	4.10128521869385	2.65157396352268	3.76451720328242	9.12387356866447	9.01347259421588
miR-182a-5p	3.50785773632603	4.7797842711601	7.07403611703936	0.167968456165149	0.167968456165149	12.1374911173009	12.840516789816	4.72562703512087	4.67201762997462	4.75138990053051	6.45676765853903	2.54824578879952	2.05547263153076	4.33105649278753	3.89454655855918	4.99212336209188	7.00322241315807	11.7895905817654	12.0870712894721
miR-181b-2/3-5p_gac-miR-181c-5p	8.57684822725464	8.25942805010133	8.08202542998457	9.16783566559557	8.88693564367118	9.71870186040941	11.2098717471417	9.93381234519203	7.82361995106123	7.815691092407	8.48314700222574	9.14513802568998	8.94936490238924	8.94759517700989	9.05107167677278	9.49685042221846	9.63981220241359	9.74615870961729	10.0951340638033
miR-181b-1-5p	7.35951965796538	6.96701933786588	6.87910022835579	5.06881048323357	6.24788214805923	6.4588759594997	4.98983436271834	6.71199460150816	6.71002230661537	6.63096214395076	7.54207614338024	7.0746201204196	6.6175012529867	6.22931619416428	7.11489546350211	6.49812833411609	7.16653578718858	6.23141627694931	4.94243903745739
miR-181a-5p	11.7064462418326	11.1543888763569	11.6308335509352	11.721516038621	11.0678077037765	10.7547160702491	11.2689082069084	11.4251683264941	11.754668109603	11.2951550038617	11.9231617585639	10.9531512235496	11.2551239139109	11.5329068698571	11.324890110884	11.3156577275301	11.8145785079596	11.0967356674953	11.5150868504608
miR-181a-3-3p	7.33474543568717	7.89628439291197	9.2989970442945	0.167968456165149	0.167968456165149	6.23628028202365	7.12154115275365	8.29391009897489	7.03444880146807	8.40945147778936	9.10066086224654	0.167968456165146	0.167968456165149	0.167968456165146	0.167968456165146	0.167968456165149	8.42785661231826	7.40483312253959	7.05590813637941
miR-181a-2-3p_gac-miR-181a-3-3p	4.9517528204249	3.38159400513692	4.6266079535701	11.3272760422848	10.802987720596	7.38390175568876	6.99121344794278	6.90543061730203	0.167968456165146	4.98706904038402	3.69467256390117	10.967814553018	10.6176247386433	10.2035041453517	10.5614714184281	10.9768136818351	6.07035144444523	7.3243856504944	7.81178086853812
miR-181a-2-3p	9.67928170626741	8.84991332462034	10.2410577684978	0.167968456165149	0.167968456165149	11.5971734026972	11.3577595160455	10.522111193724	8.12587769458764	9.65899471290436	9.83540803004842	0.167968456165146	0.167968456165149	0.167968456165146	0.167968456165146	0.167968456165149	10.8732403560179	11.0960981985274	11.7980408218488
miR-181a-1-3p	6.31971990372664	7.15131897554445	8.84427297658047	0.167968456165149	4.50600417425229	8.21716416899797	7.02168832961705	6.57494757370614	6.84356892480696	6.79519340875671	8.47517937549585	5.67472653693503	6.08441667066959	5.6948635246322	6.93746890887581	6.48572169576448	7.27889465544458	8.12302582564307	8.49350204662158
miR-17a-5p	2.41074389646249	4.05497197743244	0.167968456165149	3.54864160536592	6.82571793811836	5.50599145417755	0.167968456165146	0.167968456165149	5.95528428561144	4.07869126632239	0.167968456165146	3.20551178044186	5.40519808491515	5.92786892445962	7.54482005654033	4.07567164533119	0.167968456165146	6.3038730023432	3.75751434439478
miR-16c-5p	13.538390621951	13.9239277271512	13.4726542283421	14.4974762135996	14.4388245873487	14.1740541754157	13.0724511003333	13.4162880941308	14.0567536994697	14.2113173850163	13.1591616074617	14.1631632444304	14.3350942222953	14.2216225842601	14.6985350202427	14.4279684691275	14.4133858993111	14.4769673130679	13.9172640339958
miR-16a-5p_gac-miR-16c-5p	9.75748225816679	9.82861761421498	9.30796984528454	10.3420849138243	10.9841370785721	9.17462206669063	8.72938014705282	9.42194873963415	11.0129200887398	10.1938071940932	9.04791913766775	10.4448800638857	10.7596862939131	10.4488055170068	11.0283472883217	10.4607638937846	9.85383816741903	9.4514640108989	9.61935473624349
miR-16a-5p	9.38766177994635	9.71082819138532	9.83425116712025	8.10195422560317	8.69978408499168	8.61770149896326	9.52582525192787	8.86862305859629	11.0072376808807	10.0754495070573	9.23883745827823	9.06739009894203	8.65586003269733	8.45097518019329	8.6182468862761	8.36665703995989	9.04342033624397	9.55343497710927	8.07398139035246
miR-15c-5p	14.7978660130389	14.8626023979283	14.4280949229557	14.2477049814907	13.9767521154081	13.8566050752141	13.1848613534752	12.8297271697268	15.2210560981964	14.3703258111804	13.2764172934281	13.4365892248568	13.6514177859311	14.063028516802	14.5407664394809	13.187378361048	13.7608648650044	14.0400181122975	13.641538368017
miR-15b-1-5p	6.66930593286332	5.61962172454039	6.16715157413495	5.06881048323357	7.53472337709422	6.80635889609237	3.15111745266671	5.71655307400672	8.2368676558186	5.46408181465892	4.84370005720845	6.9303550516161	6.37544239805612	7.26278598265606	9.0757875710692	6.43929546978457	4.30916739172986	5.00371966908618	0.167968456165149
miR-15a-2-5p	11.4376633796173	11.6952867799971	11.5674847076581	12.8970884475596	13.1901320042339	9.95292982585364	10.9622054402647	11.7801573378447	12.9355018926575	11.6463469725938	11.3214725704475	12.3940348401008	12.5945240555472	12.8727762698874	14.4271084103907	13.2727850920026	10.1576799948129	10.5772360813143	9.92562141019778
miR-155-5p	6.53075235100776	7.08699196045946	7.63610667019298	10.0445598818742	10.4189239341563	9.82445373452699	10.5349482545219	9.38313338403489	7.26145296888463	6.65168587070094	8.34132257132346	9.44674044825706	9.96534172172776	9.34707514137015	9.41296257797931	9.26362905802143	11.1601176347024	10.4407975162546	11.723432364307
miR-152a-5p	7.49612566135374	5.0053717021787	7.16902236790143	5.29296387905915	5.76551623745941	8.82433541885474	8.46526270126698	9.27666798840621	6.04676009365135	6.49231044200493	7.31093648045591	6.15653073884628	6.93612413760435	6.9883289908096	4.95011317507994	6.37347858779878	8.12482513994859	8.63234068479534	8.65385619810795
miR-152a-3p	6.41734043819475	6.35249022132722	6.51587694338263	7.12251867460816	5.68704746170808	5.11531216878463	5.57540995296229	6.952300117382	7.38928420751602	7.31159628728329	7.447511735026	5.83686785051359	6.89993760620767	6.44745604431728	6.46268641523939	7.24844856800362	7.43255547768266	4.86691748817871	5.31124012446325
miR-150-5p	9.92797580544369	11.9695457067175	9.32280160323975	12.5737122453474	10.6728811364569	14.0558471714068	11.4784138198574	11.9600639102076	10.2545801257294	10.0786415227788	12.03307710085	10.9072312748533	11.8139671708654	12.667417306528	13.3747700358158	13.3369639041486	12.9428798016496	13.6562143118758	14.6126433678709
miR-148a-3p	7.10009218491704	6.45798789189227	6.63475353363383	8.20897705242264	8.88254093474101	6.52604558388133	3.91565480730945	6.44987304317194	7.67384708119806	6.31311672526173	7.34631140097797	8.28388853524612	8.80224246202347	7.82554712936116	8.92071142366915	8.42521895103599	7.93454179609622	7.2345593167558	6.57236463131612
miR-146a-5p	11.0939035728726	11.2016716521498	10.2596762968599	12.5693665702232	12.157032911711	12.6362596775467	12.7819534393428	11.6848469985776	10.494830454883	12.7377884897547	11.6013379994055	12.6035306527095	12.603693143922	12.0466680429989	10.8283325694314	12.9321227565703	11.9898991031076	12.5677301210407	12.5514498807229
miR-146a-3p	6.24190950445371	6.32486472843541	6.83011180840888	0.167968456165149	0.167968456165149	7.7597735795439	8.53029515065342	6.513765302141	5.15569571474672	5.80971431072507	6.8752801085247	0.167968456165146	2.71884514549795	0.813052126977728	2.5125770581999	2.81916369167471	5.62436298643552	8.10031856326158	7.68710659843556
miR-145-5p	9.97883006452406	8.84505943683854	6.84662680195372	8.26296719974119	7.45409220254157	7.52662745483715	6.90509621841781	7.71515575451222	9.26783723353921	9.46578295269786	6.2102762191595	7.98648826938811	5.13326302135483	6.44396131752312	5.86813964420071	7.04645525085683	8.38903911186158	5.89858547131568	7.3274696190468
miR-145-3p	9.63007266293	7.53565680524041	7.7191716385954	8.04915665904723	4.90309707252955	6.1415469373241	6.84306513507887	6.35538592018963	7.09998427502124	9.79794367362235	8.42642682331347	7.17238966884494	5.84657545983674	6.54202183180348	4.83899877924707	8.38458793431925	7.70670832143911	6.00020783154254	7.86817200490638
miR-144-5p	9.20607357496633	9.88645605941886	10.9021309010366	8.50341821011128	10.704347094025	7.68616654875373	8.59686588115987	9.72293852998417	11.203871092754	10.2020265285593	8.30582359281521	8.85033261121329	8.55939805374781	9.25883213593203	10.9702111787007	10.2779838699723	8.6440921343267	8.08754725478471	5.73170776639187
miR-144-3p	7.10985960121451	6.69223089788941	6.49507577257662	4.80330709641103	7.54588287135846	0.167968456165149	4.88006462796187	5.62694240727057	10.1908370835413	7.57654632331854	5.71049440014728	5.42559780970709	5.94929978674862	5.50668161591011	8.88619393801056	6.98313800838191	5.67217691692614	4.6054248375159	0.167968456165149
miR-143-5p	2.84428288719485	0.167968456165149	3.95727553996944	0.167968456165149	0.167968456165149	0.167968456165149	0.167968456165146	4.21263914673903	0.167968456165146	2.30665564054309	0.167968456165146	0.167968456165146	0.167968456165149	0.167968456165146	0.167968456165146	0.167968456165149	0.167968456165146	0.167968456165146	3.86374327124456
miR-143-3p	13.5142306209275	11.3917364548142	12.1576564648226	11.4899857718629	10.7192104071561	11.4792508876363	13.7200453446783	14.4043059322893	12.0231252857297	15.1895901513624	12.8903699059774	12.1004475126274	10.5119025097215	10.2068587590678	10.1372829142619	12.5657901677052	12.110721476007	10.5208776878364	10.8389420895887
miR-142-5p	6.70196065304673	7.49904593309679	9.04723403291011	9.34724349017505	8.245551704723	7.21970499438673	9.52202347253561	9.78121473879687	9.35094529195234	8.77321519276374	9.90526818710342	7.74454710388603	8.81590164228005	7.51342924392977	9.8879734501152	8.31148712584206	8.11836726200294	8.99165449015634	6.80348792369686
miR-142-3p	3.10089213484141	5.0053717021787	2.6697854237382	6.75909951609567	7.61108566671624	0.167968456165149	0.167968456165146	6.53855042683692	7.58508629865255	6.22367432488937	4.38067707651339	6.72471987013758	7.28376373347205	5.40969013919345	9.11208517835928	6.9890103347406	7.36506170762602	8.63058091944427	6.72109417602664
miR-140-5p	1.97066277216583	0.167968456165149	0.167968456165149	0.167968456165149	5.37296314092868	5.56193432684141	0.167968456165146	0.167968456165149	5.15569571474672	3.90544880913159	2.81471567717269	1.30666464391216	1.55751739323993	7.34190296326254	0.167968456165146	4.00787876415506	0.167968456165146	0.167968456165146	4.57645418046803
miR-140-3p	9.45242861806165	9.21224118453848	10.3259593697659	10.2548470655612	10.492865317418	9.59567427014286	8.26328722592054	9.66924010603021	10.2328324812854	9.04923321159611	8.99317589026205	9.3941522759918	8.83902064781836	12.0558552391415	11.3326017061999	9.73822667094305	9.25935361718908	8.92860322618944	8.14592771662567
miR-139-5p	9.25200493055135	8.23737086462087	6.79650360883499	8.57985679863017	7.46589053509347	5.1882207011247	6.59351759068151	5.88062792431859	7.55424289376549	7.20346192990031	7.46370921011256	9.68190391599894	8.19141681054151	7.20614855978865	7.16182392222486	7.98555661034941	6.0342152159772	5.5863418948779	5.00568268587285
miR-1388-3p	6.47137712978039	7.64022470821773	8.68349752469944	9.13563902460657	7.34332647109142	8.59776759766487	8.98604899521116	10.4569714400087	8.57318780184366	7.23126480700148	9.7388857751616	8.75435946467173	8.8255796244014	8.6732033474272	10.5170424536815	9.35967423510285	9.00309333308071	9.45246046944528	9.00091693851819
miR-135a-1-5p	0.167968456165149	2.52928613258561	0.167968456165149	0.167968456165149	1.35803753990638	0.167968456165149	0.167968456165146	0.167968456165149	0.167968456165146	0.167968456165149	0.167968456165146	0.167968456165146	0.167968456165149	4.81509561073011	0.167968456165146	2.24351968894309	0.167968456165146	0.167968456165146	0.167968456165149
miR-133b-3p	5.3807835679061	2.87236669278639	4.90413532626113	6.76846203840399	5.51601447954171	0.167968456165149	0.167968456165146	0.167968456165149	6.43322809710912	3.41726643527788	4.23729348876415	4.37166940707064	2.96287937594598	6.45442020352115	4.58724634713594	2.81916369167471	0.167968456165146	0.167968456165146	0.167968456165149
miR-133a-5p	4.04452601708635	4.60705782014646	4.46486136005656	6.20477379866725	5.37296314092868	0.167968456165149	0.167968456165146	0.167968456165149	5.90727518848652	1.05619764215894	0.167968456165146	5.23186505681146	5.86170581834347	8.11424271731786	1.77185605410899	6.24686760206088	0.167968456165146	0.167968456165146	0.167968456165149
miR-133a-3p_gac-miR-133b-3p	4.61019957267534	5.47630806766948	1.28299888943944	0.167968456165149	6.60874890788817	0.167968456165149	0.167968456165146	0.167968456165149	7.70226058910956	3.90544880913159	0.167968456165146	5.63607930286802	3.66107703730498	7.72834243640799	4.58724634713594	4.59010454122679	0.167968456165146	0.167968456165146	0.167968456165149
miR-133a-3p	12.4800070109315	11.6756000141248	11.5031805044134	12.6611299951759	12.980712681808	7.23699155326492	7.74237234185354	6.2392332084022	13.734892361515	11.5816723716483	7.01372989526848	12.2807675658304	11.4684408431798	14.5931690391884	10.5504917888343	11.6122664051697	6.45904567684987	6.23141627694931	6.84730739129583
miR-130c-3p	0.167968456165149	0.167968456165149	0.167968456165149	0.167968456165149	2.78304257730113	5.42785779516938	3.87807816545492	0.167968456165149	1.657297899182	1.35469357735137	3.17097982139949	3.93552839288105	3.66107703730498	2.77072695147212	5.14955597877698	3.06135177210279	0.167968456165146	0.167968456165146	4.02506505530496
miR-130c-2-5p	2.64373763390985	3.91376336166421	0.167968456165149	5.48692827871132	2.00117162629967	5.50599145417755	6.06787794347684	5.60364221055823	2.37435193279033	3.0519355360438	4.23729348876415	6.34804187837015	4.31687528171956	3.25843797436149	4.95011317507994	4.70872319574979	5.26769619865081	3.92142051027432	0.167968456165149
miR-130b-5p	10.6950168800162	10.0598612244057	10.2503970673694	9.6717955898626	8.46129916841768	11.8046325703873	12.4621477715265	11.883532576651	8.9967514179244	9.51656537414344	10.4290891770909	10.4656918867568	8.80028055061087	8.79890083030751	8.83643852219869	8.82956349474222	11.2967467201853	11.9110856937003	11.8766656384678
miR-130b-3p	0.167968456165149	3.1493323876931	0.167968456165149	0.167968456165149	0.167968456165149	0.167968456165149	4.5858851078744	0.167968456165149	2.37435193279033	0.167968456165149	0.167968456165146	5.73082293372657	2.96287937594598	1.78497375839017	4.71860700668498	2.46192583608957	0.167968456165146	0.167968456165146	0.167968456165149
miR-1306-5p	6.53800533805133	6.43232786241692	6.63475353363383	0.167968456165149	0.167968456165149	0.167968456165149	0.167968456165146	0.167968456165149	7.24223039191549	5.28111313839175	0.167968456165146	0.167968456165146	0.167968456165149	0.167968456165146	0.167968456165146	0.167968456165149	0.167968456165146	0.167968456165146	0.167968456165149
miR-129-1b/2-3p	1.78805102496154	1.41860560263163	0.167968456165149	5.89859802169573	4.41155479916257	0.167968456165149	3.75909285772259	0.167968456165149	0.167968456165146	1.81286631855782	0.167968456165146	5.63607930286802	1.55751739323993	4.20459071558762	5.4809473989032	4.16137454408284	0.167968456165146	4.84280066306664	4.46835505248541
miR-129-1a/2-5p	0.167968456165149	4.7797842711601	4.1821402904021	5.46406167047622	3.48577274965243	7.17256850896888	8.65634378601375	0.167968456165149	2.37435193279033	3.20932961903824	4.23729348876415	3.09586625689604	0.167968456165149	0.628330080567487	0.167968456165146	3.83608573015743	0.167968456165146	6.7808899465215	7.11804594076477
miR-128-2-3p	12.532241526767	12.9217286356414	13.8220543485859	12.6877433036995	12.8121612975611	12.673108275563	12.923411792767	13.3463971463777	12.7013151191921	12.8610852520341	12.5564623495807	12.3876874653676	12.0237735667614	12.5294937844289	13.120516008612	12.5652375251885	12.8967707878925	13.0109042739263	13.1307090950443
miR-126b-5p	8.86189483232083	8.37842297365538	7.49656639663535	9.285000084248	8.98037952677828	6.72701583654126	7.5406975321499	6.79662257940025	8.36679990959205	9.16186896884963	9.7388857751616	10.6809169251148	9.17659231636709	8.63386817564218	8.48619313685457	10.1609407629902	8.02708384568388	6.1745810093417	5.46541772819626
miR-126b-3p	12.8185168882341	12.4071626565516	12.6386022860466	13.5060978413668	13.0855193760715	11.8521496115179	12.8455449618693	11.6903872835708	12.0918526631094	14.0595338159778	13.7146525417592	14.4133578833097	13.25166817039	12.4169089872159	12.4283790724435	14.2504929844	13.0841321722775	11.9454656699921	11.483673272996
miR-125b-2/3-5p	14.2653217335025	14.139961582642	14.6571851497337	14.5856876837632	13.37414451318	13.6633597104869	14.3595908379604	14.1502030497747	14.012942672226	13.2649958170931	13.3596502461364	13.574869879408	13.6576620969877	14.7748786120272	11.7320157530013	12.6254416041836	13.4421045292746	12.7878821385373	12.6664540979461
miR-125b-2-3p	6.11185808659038	6.67044570765123	7.72811264500784	8.24295691992223	7.01428205127778	0.167968456165149	6.05109203896113	7.27345497488324	5.07107191442138	7.29851450108923	6.74880234238618	7.43129468853607	6.76159240533196	6.95679716877708	6.42470885877241	7.59496125776633	5.94943913666041	2.17300933878457	5.3604578512465
miR-125a-5p	13.955017754151	13.7572847555245	14.7784132401748	14.8416250064	13.2230928498339	12.6191940421951	12.8984824803981	12.5737488062603	13.1858551722966	13.744066862068	13.8280854780116	13.2784497574519	13.1057032363818	13.9989971335635	14.0312266635717	13.0773884659109	12.8750682168993	11.7607190820044	12.4356570761041
miR-122-5p	16.2405266301079	11.9706603057251	13.4713236137955	7.79347312923626	4.90309707252955	5.28003222264349	8.26146424979245	9.56904485891179	11.8217609842971	12.0674301844688	13.36451092835	6.05764263017295	8.57095165658646	8.17347405295058	7.98403958037458	13.5261002900531	8.85299790711244	7.70156775190851	8.87849223601308
miR-122-3p	8.93651584008279	4.69600445936704	0.167968456165149	0.167968456165149	0.167968456165149	0.167968456165149	0.167968456165146	0.167968456165149	3.93912421023351	4.11893591632963	4.74112039128274	0.167968456165146	0.167968456165149	2.814687145471	0.167968456165146	4.77819411924205	0.167968456165146	0.167968456165146	0.167968456165149
miR-10c-5p	10.2484661715986	9.57964080939214	10.7977096266545	8.31181131980079	7.23717883658537	10.1081657200717	9.42682621070916	10.3251788096999	8.92623396815247	10.943586145459	11.5838457748046	7.32596910911547	6.55371603159493	7.37897699547718	7.016194791748	7.09898758242701	10.2808600442595	10.1299137191544	9.62754558349113
miR-10b-5p	11.8053727568477	11.8080787941901	12.8893414514092	12.8989545315114	12.7882797992574	13.2867623465169	12.8063839140918	13.9025827625101	11.8394575256816	12.6789593708304	13.0457180548528	13.2146164228496	12.5523078075388	12.3254413133081	10.6109285208798	12.3088985935443	14.1259549855608	13.1036525936741	11.8184120210719
miR-103-3p	9.16567259373243	9.11478396686781	8.77693508252909	8.13851777055757	9.23255629586427	9.01843892836242	7.65897120431249	8.37183233971177	9.3820148363673	9.03089390583523	8.61226878085635	9.03061581361801	9.0269152241613	8.45184541606295	10.2717169935172	8.94205737802226	8.52545236803368	8.96955061676475	9.01154805290632
miR-101b-5p	8.12098469455747	8.0306064075779	7.07403611703936	8.98516117850021	8.36377452334717	0.167968456165149	6.63353221007156	7.40057281159204	8.31254095886478	6.95379384625134	5.53764839568342	7.5451805280101	7.39194141517697	8.49807530924084	9.82010978912788	8.17648339952613	7.08498248585922	6.15512722512299	6.27793075908747
miR-101b-3p	2.93498620933472	2.87236669278639	3.53645274282617	6.2185016828033	3.48577274965243	0.167968456165149	0.167968456165146	0.167968456165149	4.88529847950481	3.41726643527788	3.89907054277784	4.32383688040612	4.31687528171956	2.52826338762616	7.33561643000002	5.97237238593486	0.167968456165146	0.167968456165146	0.167968456165149
miR-101a-3p	10.2052703449128	10.7111951134682	11.9478836376232	10.4361447256685	11.2148881753157	9.39083332936186	8.90195573508443	9.5825152322715	12.0181895025273	11.3104409681426	11.7465930520366	9.93965904319015	9.86848333724994	9.8854023133877	12.6032608011626	11.5891355302123	8.78530961851772	9.9790397703308	9.27886724515916
miR-100-2-5p	14.8537236597615	14.0502888415799	16.0463708505976	14.1783340947062	13.8202578071275	14.5659099197611	14.9829336265616	15.1578649946156	13.8520620539891	14.456768673573	14.3875678304022	13.9302086712182	13.8782939944733	14.2227701822043	11.5944626923838	13.5290002214561	14.546517379549	13.5479192524856	13.9026383220031
miR-1-3p	12.3459287590876	11.6155873583721	15.8138566960085	12.9494768240757	13.7748885028795	9.96335349224841	14.5512806725993	13.3305182555402	13.3124977730083	14.0721200329958	11.2094694894064	13.4457838823863	12.8686046735833	13.7027262608024	10.116587751502	13.1587655981806	10.5164306049441	8.4666572329469	8.90465221125749
let-7j-5p	9.54082757647839	9.93294428079472	10.4172402769203	10.5327109170239	11.0195913844152	9.95118520250108	11.9305919574911	11.6744012677393	10.2206072818126	10.6023018164167	10.41458065148	10.4780363806514	10.7030593886909	10.2258070888458	11.007622913407	11.3014226929133	10.1764524272134	10.5767792174293	10.8885455545712
let-7j-3p	2.41074389646249	3.1493323876931	0.167968456165149	1.97977851850232	3.2872947686944	0.167968456165149	5.29083987389715	4.0148724768924	4.782595768204	3.85868055662708	1.62959078178535	2.54824578879952	4.36013529433788	3.74094455554009	3.36307215149504	3.44990049811658	5.34348264089546	4.79332279154815	0.167968456165149
let-7i-5p	9.97148268743889	8.74958997659466	10.2014798502858	10.4243470507886	10.0313312152776	0.167968456165149	9.02094856976758	8.95861070072013	8.18747347192535	9.56471058087451	9.52399947761898	10.1701521212577	10.0805595057882	10.2537709749463	9.64123845735965	10.4011806369185	8.01786094715176	8.35599240464087	8.89110823668075
let-7h-1-5p	10.9806907248709	11.2252113921423	12.9460029847113	12.7798828741074	12.8930374895748	13.5071539356059	14.0474808744744	13.5315047400373	10.822208662594	11.8085463001864	12.5104237086495	12.7703455891541	12.5914074250631	12.4565241889845	13.3033142063104	13.1561175426857	13.4657201441602	13.7379154994222	14.054325762306
let-7h-1-3p	8.79232970051065	7.80924669526712	6.49507577257662	7.88239379471421	7.67346859796671	5.9310908632399	7.48866379268284	6.7759264173665	7.71626021278847	7.00837544991797	7.64509591741565	8.06132117867106	8.37924393143894	8.09876918397545	8.51358858754758	7.18335593282424	7.20767574830404	7.64690364440324	7.19468053221696
let-7g-5p	13.5359021835539	13.2172098699334	15.4182511425753	14.7982544639001	14.6306184578863	13.8815515563122	15.1861729133363	15.0217961564931	13.6758961758627	13.8175513183647	14.4745657586937	14.3490056917255	14.2921125696298	14.5844785123998	14.9225341651873	14.9322410594394	13.9907054997045	14.1289854916639	14.4502993442766
let-7f-5p	10.1220512941423	10.3355048041098	12.100706536922	12.0225296415092	12.0567426421899	12.440467796509	14.1315016710806	13.682828411759	9.98363526719601	11.5667462874236	12.4568110341459	11.8848284316701	12.144288868901	11.7040955816791	12.5802328028353	12.8332752958727	12.6899473966452	12.8675492571524	12.7494119570168
let-7e-5p	14.0476523891352	14.1262733464527	17.0597011907385	15.2798083874822	16.2173389398966	16.4065723003347	17.6133950142091	17.0975533276701	14.1707548939537	15.8115199906598	16.3646460348941	15.7854849793091	15.8581372735968	14.8683531331061	15.3364137885953	15.6609739009167	16.3897417862768	16.509736981226	16.6264790838812
let-7d-5p	12.5670031323034	12.5733907211153	14.215370069725	13.900845270157	13.6280595037944	13.8994735520563	15.2523901275695	15.1647223054698	11.8827718718101	13.6435987685414	13.7228771701325	13.5144776959862	12.8792150434863	13.2970207022088	13.6728810005677	13.7152373591367	14.4582098242688	13.1303607342438	13.8839561656268
let-7c-2/d-3p	5.57663024686105	3.58159692563707	2.93984957951734	0.167968456165149	4.41155479916257	0.167968456165149	0.167968456165146	0.167968456165149	3.93912421023351	5.2083724918573	4.84370005720845	5.90346753892056	6.24304469860549	6.07520055865034	4.28207749470673	5.94846186462387	5.15442650285027	0.167968456165146	4.2765481127861
let-7c-2-5p	11.5161963213553	11.9555400720945	13.8794865363154	12.8202532101729	12.035127211747	12.2614569772257	14.0893483752963	14.1575968687875	11.7125125681525	12.7510534966074	13.3053540351426	12.4788910191327	12.0473313517671	12.0223427800848	10.3773919350284	12.1501663388655	12.4472507606728	11.6592905304981	12.3600610026437
let-7b-5p	14.736535669919	14.1286469763528	15.9478278903101	15.9654790733631	15.1748627347032	16.258185051236	16.9656453207604	16.9546607134321	13.1424486871524	14.9012552324795	15.7950266245484	15.2804825233222	14.5003635807525	14.8698698435377	15.3542809565084	15.4021351890949	16.1577347765186	15.5221685264242	16.2620422804204
let-7b-1-3p	10.5478456964012	8.91157129220292	8.56873170773675	11.6508192710797	10.4740021219802	0.167968456165149	0.167968456165146	0.167968456165149	9.01951153017884	8.53931086424507	8.42642682331347	11.3619528215625	10.8463812544591	10.6640400758366	10.0834548397847	9.65156317536795	0.167968456165146	0.167968456165146	0.167968456165149
let-7a-5p_gac-let-7c-2-5p	9.18196900161478	9.70011621858761	11.2474013547211	10.0261392748992	11.3953801952616	8.58207076216618	10.4022619759387	9.88753465071312	9.96909340773015	10.2605372877258	10.6888305003308	10.0649697232497	9.85247783131771	10.4270652721546	11.6876061535545	11.0977452649891	9.17266730207666	8.64634206288911	8.58305108906343
let-7a-5p	16.2314852810845	16.3797122429782	18.1844536044083	17.6830256146798	18.0348243590127	17.8375927254109	18.936532072064	18.6706090156153	15.9661283182088	17.266653120336	17.6879905680516	17.6324088657447	17.61259729795	17.4672929657989	17.815244153054	18.0271874714503	17.8057525601795	17.6562418894937	18.0528791930431
let-7a-5-3p	7.16242942258879	7.85824769804962	6.36354713620349	6.90206358252702	7.12259660097333	1.21493598357278	6.32687979356329	5.91888826581772	7.73012529147562	6.41360581544353	4.63068488908209	7.38542986165152	7.04617467246093	7.54639448110056	6.73512130516644	5.92414837404377	7.59641231076013	7.4613655694692	6.04939979034134
let-7a-4-3p	2.13273554303967	0.167968456165149	0.167968456165149	5.48692827871132	0.167968456165149	0.167968456165149	0.167968456165146	0.167968456165149	1.657297899182	0.167968456165149	0.167968456165146	0.167968456165146	0.167968456165149	1.78497375839017	0.167968456165146	0.167968456165149	0.167968456165146	0.167968456165146	0.167968456165149
let-7a-3/7-3p	6.73389257900775	5.61962172454039	5.42768780862841	5.89859802169573	7.69367753593293	7.09252678978407	5.24729252351526	4.6817981478406	6.21395831719849	6.61697907414834	4.74112039128274	8.10088264034061	7.67065219297507	7.11898491882593	6.30438212968237	6.1558330280924	5.47060800059318	5.85101553780346	6.69254965154356
REV_miR-2184-5p	4.08470292265264	4.30166170288764	4.70115300684102	0.167968456165149	0.167968456165149	0.167968456165149	0.167968456165146	0.167968456165149	4.11849995022061	4.26954747666148	1.62959078178535	0.167968456165146	0.167968456165149	0.167968456165146	0.167968456165146	0.167968456165149	0.167968456165146	0.167968456165146	0.167968456165149
miR-301c-5p	0.167968456165149	0.167968456165149	0.167968456165149	5.61700230995085	0.167968456165149	0.167968456165149	0.167968456165146	0.167968456165149	0.167968456165146	0.167968456165149	0.167968456165146	3.87042595156473	0.167968456165149	0.813052126977728	0.167968456165146	0.924086718689599	0.167968456165146	0.167968456165146	0.167968456165149
miR-301a-5p	0.167968456165149	0.167968456165149	0.167968456165149	0.167968456165149	1.35803753990638	0.167968456165149	0.167968456165146	0.167968456165149	0.167968456165146	0.167968456165149	0.167968456165146	4.81392307561863	3.59017524500992	3.51976962180377	0.167968456165146	2.16269573972863	0.167968456165146	0.167968456165146	0.167968456165149
miR-29b-1a-5p	0.167968456165149	0.167968456165149	0.167968456165149	7.76100924189207	4.9709045680367	0.167968456165149	0.167968456165146	0.167968456165149	0.167968456165146	0.167968456165149	0.167968456165146	4.97743116905111	4.73353794427514	5.8872727957629	5.40495969047472	4.88282616759297	0.167968456165146	0.167968456165146	0.167968456165149
miR-26a-1b-3p	0.167968456165149	0.167968456165149	0.167968456165149	0.167968456165149	5.42223987804296	5.32383600903494	3.83949656332919	0.167968456165149	0.167968456165146	0.167968456165149	0.167968456165146	3.93552839288105	3.43697569290375	3.22624853536283	4.44271585138666	4.30009820908179	6.07924582516135	5.68459635244277	5.02106970680538
miR-223-5p	0.167968456165149	0.167968456165149	0.167968456165149	7.254973388639	9.20466245655449	9.33171844631305	8.14368916851683	7.49856682205456	0.167968456165146	0.167968456165149	0.167968456165146	9.42423445648245	9.16900995710283	7.79980389228015	8.5045144497179	7.7858353390057	7.82247172687391	8.91131354400342	7.28985334045691
miR-2184-5p	0.167968456165149	0.167968456165149	0.167968456165149	2.90118310290717	5.09764792338992	0.167968456165149	0.167968456165146	0.167968456165149	0.167968456165146	0.167968456165149	0.167968456165146	1.65480081933228	5.13326302135483	4.37576210927075	0.167968456165146	3.34391388722052	4.08022508297813	0.167968456165146	0.167968456165149
miR-214a-5p	0.167968456165149	0.167968456165149	0.167968456165149	0.167968456165149	3.81582749145619	0.167968456165149	0.167968456165146	0.167968456165149	0.167968456165146	0.167968456165149	0.167968456165146	4.54856086676597	2.84601596972144	1.87076778855422	0.167968456165146	0.167968456165149	2.40029763182406	4.38933771392676	0.167968456165149
miR-19b-2-5p	0.167968456165149	0.167968456165149	0.167968456165149	5.44082678318554	0.167968456165149	0.167968456165149	0.167968456165146	0.167968456165149	0.167968456165146	0.167968456165149	0.167968456165146	1.65480081933228	2.96287937594598	2.72538503903256	0.167968456165146	1.41764463090776	0.167968456165146	0.167968456165146	0.167968456165149
miR-19a-1-3p	0.167968456165149	0.167968456165149	0.167968456165149	0.167968456165149	3.66021820524433	0.167968456165149	0.167968456165146	0.167968456165149	0.167968456165146	0.167968456165149	0.167968456165146	3.65538605542772	4.22625777842331	0.976784546809464	5.4809473989032	4.44385003087145	0.167968456165146	5.44930672991548	0.167968456165149
miR-181b-3-3p	0.167968456165149	0.167968456165149	0.167968456165149	3.54864160536592	3.2872947686944	5.50599145417755	0.167968456165146	0.167968456165149	0.167968456165146	0.167968456165149	0.167968456165146	0.167968456165146	1.2245369743918	2.67857172371268	0.167968456165146	1.67242304357619	0.167968456165146	0.167968456165146	0.167968456165149
miR-150-3p	0.167968456165149	0.167968456165149	0.167968456165149	7.00861835565026	6.13418112108602	0.167968456165149	6.73160296989103	1.8067687838334	0.167968456165146	0.167968456165149	0.167968456165146	5.96712794836433	4.66619169428841	5.94280271966031	7.22947290741401	7.38831917968376	6.38206632843331	6.09514061423218	5.99589296879596
miR-1388-5p	0.167968456165149	0.167968456165149	0.167968456165149	6.91054540324885	4.41155479916257	0.167968456165149	0.167968456165146	0.167968456165149	0.167968456165146	0.167968456165149	0.167968456165146	5.51350827887931	5.86170581834347	5.13416243494875	4.95011317507994	5.55605876349365	0.167968456165146	0.167968456165146	0.167968456165149
miR-132-3p	0.167968456165149	0.167968456165149	0.167968456165149	0.167968456165149	7.03026239863602	0.167968456165149	0.167968456165146	0.167968456165149	0.167968456165146	0.167968456165149	0.167968456165146	4.27436392337606	7.29495389600822	6.56793993839045	7.84717609548511	7.32936573524093	0.167968456165146	0.167968456165146	0.167968456165149
miR-129-1a-3p_gac-miR-129-1b/2-3p	0.167968456165149	0.167968456165149	0.167968456165149	4.52262465803581	0.167968456165149	0.167968456165149	0.167968456165146	0.167968456165149	0.167968456165146	0.167968456165149	0.167968456165146	0.167968456165146	3.17154538887864	0.167968456165146	0.167968456165146	2.76543485597562	0.167968456165146	0.167968456165146	0.167968456165149
miR-125a-1-3p	0.167968456165149	0.167968456165149	0.167968456165149	0.167968456165149	2.44443833931651	0.167968456165149	0.167968456165146	0.167968456165149	0.167968456165146	0.167968456165149	0.167968456165146	4.22313400978807	4.07867413164103	4.17116284252786	5.32474604476909	5.61040266472718	0.167968456165146	0.167968456165146	0.167968456165149
miR-124-3p	0.167968456165149	0.167968456165149	0.167968456165149	4.76640100184736	0.167968456165149	0.167968456165149	0.167968456165146	0.167968456165149	0.167968456165146	0.167968456165149	0.167968456165146	0.846860423679079	1.2245369743918	2.85734734776656	1.77185605410899	1.27111940146523	0.167968456165146	0.167968456165146	0.167968456165149
let-7f-3p	0.167968456165149	0.167968456165149	0.167968456165149	0.167968456165149	4.2018002202708	0.167968456165149	0.167968456165146	0.167968456165149	0.167968456165146	0.167968456165149	0.167968456165146	4.37166940707064	3.17154538887864	3.80772653093307	0.167968456165146	3.10526678554463	0.167968456165146	0.167968456165146	0.167968456165149
let-7e-1-3p	0.167968456165149	0.167968456165149	0.167968456165149	5.50943810060436	5.37296314092868	2.04196101447929	3.27193801518999	6.11290360681561	0.167968456165146	0.167968456165149	0.167968456165146	5.42559780970709	5.18229573504234	4.50212332169478	5.97711398719262	4.44385003087145	4.72644497203162	5.61510399519762	3.8974830597712
REV_let-7a-5p_gac-let-7g-5p	0.167968456165149	0.167968456165149	0.167968456165149	6.16278853969504	6.45148656446065	0.167968456165149	0.167968456165146	0.167968456165149	0.167968456165146	0.167968456165149	0.167968456165146	5.65553232736476	5.50493767942494	5.8241528830205	6.96419105300061	6.35994707062826	0.167968456165146	0.167968456165146	0.167968456165149
REV_miR-1306-5p	0.167968456165149	0.167968456165149	0.167968456165149	6.45721028795105	4.08425434108887	6.96000091592314	5.34693079251632	2.10107157072485	0.167968456165146	0.167968456165149	0.167968456165146	1.30666464391216	3.35380926971279	2.97824423701468	5.4809473989032	4.11915939577077	7.11988421354012	6.05371746406094	5.43127257872884
REV_miR-18a-3p	0.167968456165149	0.167968456165149	0.167968456165149	0.167968456165149	1.35803753990638	0.167968456165149	0.167968456165146	0.167968456165149	0.167968456165146	0.167968456165149	0.167968456165146	5.30759572710844	2.57937122731853	2.58012576555202	0.167968456165146	2.39273354739025	0.167968456165146	0.167968456165146	0.167968456165149
REV_miR-7132b-3p	0.167968456165149	0.167968456165149	0.167968456165149	11.2357388557934	10.2208016230617	0.167968456165149	0.167968456165146	0.167968456165149	0.167968456165146	0.167968456165149	0.167968456165146	11.0066768694274	10.8449544218219	10.5436939378223	12.5218448989261	11.1068876839307	0.167968456165146	0.167968456165146	0.167968456165149
miR-9-7-3p	0.167968456165149	0.167968456165149	0.167968456165149	0.167968456165149	0.167968456165149	7.47898991253841	8.05806781650256	6.98872936139495	0.167968456165146	0.167968456165149	0.167968456165146	0.167968456165146	0.167968456165149	0.167968456165146	0.167968456165146	0.167968456165149	8.64858090526622	8.95133846399528	6.65358993054959
miR-205-1b-3p	0.167968456165149	0.167968456165149	0.167968456165149	0.167968456165149	0.167968456165149	5.34524904480132	4.69795962570477	0.167968456165149	0.167968456165146	0.167968456165149	0.167968456165146	0.167968456165146	0.167968456165149	0.167968456165146	0.167968456165146	0.167968456165149	0.167968456165146	0.167968456165146	5.48774030487686
miR-205-1a-3p	0.167968456165149	0.167968456165149	0.167968456165149	0.167968456165149	0.167968456165149	5.56193432684141	0.167968456165146	0.167968456165149	0.167968456165146	0.167968456165149	0.167968456165146	0.167968456165146	0.167968456165149	0.167968456165146	0.167968456165146	0.167968456165149	0.167968456165146	6.47838164111317	7.10366422384399
miR-200a-5p	0.167968456165149	0.167968456165149	0.167968456165149	0.167968456165149	0.167968456165149	7.61742839110661	5.02464358162917	0.167968456165149	0.167968456165146	0.167968456165149	0.167968456165146	0.167968456165146	0.167968456165149	0.167968456165146	0.167968456165146	0.167968456165149	0.167968456165146	6.98198081112351	7.4911026966472
miR-10545-3p	0.167968456165149	0.167968456165149	0.167968456165149	0.167968456165149	0.167968456165149	0.167968456165149	3.62940502284031	4.84964954811373	0.167968456165146	0.167968456165149	0.167968456165146	0.167968456165146	0.167968456165149	0.167968456165146	0.167968456165146	0.167968456165149	0.167968456165146	5.95592358660336	5.46541772819626
REV_let-7f-5p_REV_gac-let-7g-5p	0.167968456165149	0.167968456165149	0.167968456165149	0.167968456165149	0.167968456165149	0.167968456165149	4.5858851078744	0.167968456165149	0.167968456165146	0.167968456165149	0.167968456165146	0.167968456165146	0.167968456165149	0.167968456165146	0.167968456165146	0.167968456165149	4.85630344806275	2.98108295126739	0.167968456165149
REV_miR-18a/b-5p	0.167968456165149	0.167968456165149	0.167968456165149	0.167968456165149	0.167968456165149	0.167968456165149	0.167968456165146	4.6817981478406	0.167968456165146	0.167968456165149	0.167968456165146	0.167968456165146	0.167968456165149	0.167968456165146	0.167968456165146	0.167968456165149	0.167968456165146	0.167968456165146	4.30196560082552
REV_miR-191-5p	0.167968456165149	0.167968456165149	0.167968456165149	0.167968456165149	0.167968456165149	15.6002356063325	16.1483794831826	14.8093742412505	0.167968456165146	0.167968456165149	0.167968456165146	0.167968456165146	0.167968456165149	0.167968456165146	0.167968456165146	0.167968456165149	14.3762312548431	15.0810594213723	16.3566601787785
REV_miR-19b-3p	0.167968456165149	0.167968456165149	0.167968456165149	0.167968456165149	0.167968456165149	0.167968456165149	0.167968456165146	0.167968456165149	0.167968456165146	0.167968456165149	0.167968456165146	0.167968456165146	0.167968456165149	0.167968456165146	0.167968456165146	0.167968456165149	6.60783991739183	0.167968456165146	4.61752345444398
REV_miR-210-3p	0.167968456165149	0.167968456165149	0.167968456165149	0.167968456165149	0.167968456165149	7.62620191144217	2.32292453698935	0.167968456165149	0.167968456165146	0.167968456165149	0.167968456165146	0.167968456165146	0.167968456165149	0.167968456165146	0.167968456165146	0.167968456165149	5.79603775549832	4.7420876081565	0.167968456165149
REV_miR-733-3p	0.167968456165149	0.167968456165149	0.167968456165149	0.167968456165149	0.167968456165149	0.167968456165149	8.35675006994602	0.167968456165149	0.167968456165146	0.167968456165149	0.167968456165146	0.167968456165146	0.167968456165149	0.167968456165146	0.167968456165146	0.167968456165149	0.167968456165146	0.167968456165146	0.167968456165149
REV_miR-8159-5p	0.167968456165149	0.167968456165149	0.167968456165149	0.167968456165149	0.167968456165149	0.167968456165149	0.167968456165146	3.60967095996774	0.167968456165146	0.167968456165149	0.167968456165146	0.167968456165146	0.167968456165149	0.167968456165146	0.167968456165146	0.167968456165149	4.04433841340834	0.167968456165146	4.14227555548499
REV_miR-9-1/3/5/6-3p	0.167968456165149	0.167968456165149	0.167968456165149	0.167968456165149	0.167968456165149	0.167968456165149	4.80195182865948	0.167968456165149	0.167968456165146	0.167968456165149	0.167968456165146	0.167968456165146	0.167968456165149	0.167968456165146	0.167968456165146	0.167968456165149	0.167968456165146	0.684560096119832	3.60249250720803
