Gene	T9_F	T26_F	T31_F	T32_F	T44_F	T47_F	T13_F	T23_F	T1_M	T3_M	T12_M	T41_M	T43_M	T45_M	T63_M	T69_M
miR-99a-5p	2134.37416298575	669.744651354305	1890.74594606419	1408.68852949937	2922.00976378141	1889.52378763067	798.453143986631	6549.98316860631	969.830703019541	2427.20460691606	1965.7808791734	2933.16065293013	3245.70135872256	5583.90013711992	674.204192698258	1550.00854739313
miR-92a-3p	135515.846717559	136204.647934346	168978.767618701	142636.275825458	307785.977310146	129267.639949724	180042.924108875	46917.7486409534	399528.343379106	188733.030311407	206650.164169367	100132.91278258	85446.2263774199	144185.609291034	314579.38808846	110771.334993667
miR-92a-2-5p	309.501166264971	641.018351071262	253.045423675883	253.7389276738	488.899344305365	208.414627021712	545.150767273631	76.419822046988	1049.15327595169	68.0842806989078	246.572861141992	150.538582780401	124.860211876374	250.323974976803	688.498274522249	364.548619769609
miR-9-5p	1.69126320363372	104.861040194045	29.0883991702183	119.578115340526	9.96301429443247	6.12984197122684	0	58.3203905095435	166.128407461681	0	0	38.8055013389479	25.9018524637159	34.7602722495261	119.117348533261	44.0609067783659
miR-8159-5p	47.3553697017442	0	6.14876730427379	0	22.0609602233862	10.727223449647	0	0	0	0	0	10.0359055186934	1.32830012634441	17.2550991742252	0	2.46150317197575
miR-737-5p	121.770950661628	261.549950828826	319.972390872401	233.323151883954	44.1219204467724	35.2465913345543	512.111326832805	277.524616907483	205.04136776802	40.8505684193447	394.516577827187	96.3446929794568	181.312967246012	59.7676623570989	181.058369770557	72.6143435732846
miR-730-5p	38.8990536835756	0	0	2.91653939854943	46.9684959594674	22.9869073921006	22.0262936272174	287.579856650507	16.4631755142206	272.337122795631	6.8020099625377	9.36684515078052	59.7735056854983	51.7652975226756	16.6764287946565	68.6759384981234
miR-725-3p	395.755589650291	36.7616290335446	23.6491050164376	122.494654739076	251.921932873507	21.4544468992939	33.0394404408261	162.894883837001	47.8928742231872	170.21070174727	95.2281394755278	501.795275934671	1372.13403051377	85.7753480689745	100.058572767939	197.90485502685
miR-724-5p	0	0	46.5887368823822	0	0	0	0	12.0662876916297	0	391.48461401872	0	0	8.63395082123865	9.75288214195337	0	0.49230063439515
miR-722-3p	0	2.61148184391301	2.83789260197252	0	0	7.66230246403355	0	60.3314384581484	0	306.379263145085	22.1065323782475	12.712146990345	9.96225094758306	24.2571684043456	0	22.1535285477817
miR-7133-3p	5.07378961090116	3.81678115648824	0	2.91653939854943	25.6191796142549	0	30.2861537374239	0	0	0	0	63.5607349517249	29.8867528427492	10.0029560430291	0	4.18455539235877
miR-7132a-5p_gac-miR-7132b-5p	1753.83994216817	2650.25230513418	1260.0243152758	1006.20609249955	1413.32474205306	530.231330511121	2387.09957184969	931.115200204091	3280.66188428832	2903.79457180842	2499.7386612326	786.814992665563	1444.52638739954	1239.86640153346	3394.84443319794	1070.75387980945
miR-7-5p	5.07378961090116	193.0487732308	159.158476760625	104.995418347779	56.9315102538999	84.285327104369	44.0525872544348	66.3645823039633	142.181970350087	0	207.4613038574	22.0789921411255	41.1773039166766	44.5131543914795	90.5291848852784	54.3992201006641
miR-551a-3p	204.64284763968	62.4746810351496	111.150793577257	192.491600304262	251.921932873507	205.349706036099	68.8321675850544	251.380993575618	11.9732185557968	146.381203502652	17.0050249063443	66.9060367912894	98.9583594126584	332.848362331793	0	171.320620769512
miR-499a-5p	409.28569527936	0	21.5206855649583	0	105.323293969715	59.7659592194617	5.50657340680435	0	26.9397417505428	34.0421403494539	17.0050249063443	125.114288799711	94.3093089704529	492.645585119183	11.9117348533261	42.830155192378
miR-489-3p	175.891373177907	0.200883218762539	0	8.74961819564828	127.384254193101	26.0518283777141	0	62.3424864067534	0	0	0	70.9203989987668	25.9018524637159	50.2648541162212	11.9117348533261	24.3688814025599
miR-460-5p	27.0602112581395	8.63797840678918	1.65543735115064	0	115.286308264147	58.2334987266549	0	6.03314384581484	52.382831181611	0	0	37.4673806031221	24.5735523373715	83.7747568603687	4.76469394133044	12.5536661770763
miR-458-3p	0	0	0	0	0	15.3246049280671	5.50657340680435	0	0	0	0	14.0502677261708	0.664150063172204	12.7537689548621	2.38234697066522	13.0459668114715
miR-456-3p	169.126320363372	195.459371855951	94.3599290155862	55.4142485724391	54.7965786193786	64.3633406978818	110.131468136087	180.994315374445	100.275705404798	299.570835075195	147.943716685195	25.42429398069	53.7961551169485	80.77387004746	95.2938788266088	77.2911996000385
miR-455-5p	33.8252640726744	0	33.5817291233415	40.831551579692	0	47.506275277008	5.50657340680435	134.740212556531	4.4899569584238	0	1.70050249063442	82.294425253286	104.271559918036	95.7783041120036	71.4704091199566	56.6145729554422
miR-455-3p	84.563160181686	19.6865554387288	31.9262917721908	14.5826969927471	125.24932255858	139.453904845411	0	166.916979734211	0	0	197.258288913593	74.2657008383312	224.482721352205	192.306829927234	33.3528575893131	53.9069194662689
miR-454b-3p	5.07378961090116	94.2142295996308	0	0	0	0	0	0	0	0	0	14.0502677261708	1.32830012634441	0	2.38234697066522	3.44610444076605
miR-451-5p	24951.2060432083	36496.8649512156	15258.1660655554	47735.0003360585	22944.1102761998	53167.184337436	33959.0381997625	64124.2748892173	26433.8732665604	21235.4871499894	33829.7965486812	20919.5105235325	21361.7226318708	71363.8392238814	101683.333401933	32450.7347671079
miR-429a-3p	142.066109105232	42.3863591588957	60.305217791916	23.3323151883954	35.5821939086874	22.9869073921006	11.0131468136087	106.585541276062	37.416307986865	20.4252842096724	178.552761516615	33.4530183956447	108.920610360241	22.006503294664	71.4704091199566	37.4148482140314
miR-425-5p	4745.68454939622	3016.86417937581	4810.70094244375	3397.76839931008	2071.59532936378	1868.06934073138	7524.73256039815	2328.79352448453	5151.47728363158	5198.23483136161	2972.47835362897	3898.61476382843	2059.529345897	1781.77654516456	1274.55562930589	1639.85341317024
miR-375a-3p	8006.44000600203	2340.08861536482	876.672322959344	1402.85545070227	2621.69604719209	1232.09823621659	1373.89006499769	1882.34087989423	1828.90913439796	4953.13142084555	1816.13665999757	2492.91893084344	2056.87274564431	291.836242555374	2532.43482981713	1035.308234133
miR-365-2b-5p	221.555479676017	16.0706575010031	28.8519081200539	34.9984727825931	0	19.9219864064872	0	8.04419179441979	5.9866092778984	108.934849118253	56.116582190936	8.02872441495473	25.9018524637159	29.2586464258601	0	23.6304304509672
miR-365-2b-3p	323.031271894041	271.794994985715	325.648176076346	349.984727825931	252.633576751681	868.905099421404	203.743216051761	989.435590713634	200.551410809596	47.6589964892355	824.743707957696	503.133396670496	524.014399842869	2233.91015830947	285.881636479827	175.259025844673
miR-338-3p	35.5165272763081	12.4547595632774	20.8112124144651	0	0	49.0387357698147	0	14.0773356402346	17.9598278336952	0	0	133.812073582579	65.7508562540482	88.7762348818833	35.7352045599783	43.0763055095756
miR-338-1b-5p	0	0	10.4056062072326	0	12.8095898071275	12.2596839424537	38.5460138476305	0	0	37.4463543843993	0	21.4099317732126	2.65660025268881	0.250073901075727	35.7352045599783	2.9538038063709
miR-338-1a-5p	0	0	0	0	0	0	0	0	0	0	0	4.68342257539026	3.32075031586102	7.75229093334755	0	0
miR-31a-5p	0	53.0331697533103	65.0350387952035	67.0804061666368	0	4.59738147842013	66.0788808816523	6.03314384581484	0	0	0	22.7480525090384	63.7584060645316	25.7576118107999	11.9117348533261	34.4610444076605
miR-30e-5p	429.580853722965	579.748969348688	381.223572864975	247.905848876701	241.247274700901	465.86798981324	200.989929348359	317.745575879582	113.74557628007	425.526754368174	564.566826890629	390.73125486113	527.33515015873	252.324566185409	836.203786703493	408.117225913579
miR-30e-3p	874.383076278633	4656.07124447813	2325.88947836664	4829.78924399785	1218.33431943346	1773.05679017736	3689.40418255892	2827.53341573856	3413.86394072156	3863.78292966302	3412.90849870329	1304.66771743014	999.545845074167	824.993799648825	1381.76124298583	833.218823713791
miR-30c-2-5p	903.134550740407	3913.60686793179	1471.44731412275	1315.35926874579	3121.27004967006	2611.31267974263	2659.6749554865	1285.05963915856	1568.49163080938	2808.47657882995	2892.55473656916	2639.44315141637	3495.42178247531	2642.28083876614	2370.43523581189	1671.60680408873
miR-30c-1-5p_gac-miR-30c-2-5p	25.3689480545058	25.3112855640799	2.36491050164376	43.7480909782414	105.323293969715	41.3764333057811	30.2861537374239	8.04419179441979	1.4966523194746	13.6168561397816	5.10150747190327	4.68342257539026	47.8188045483987	60.0177362581746	61.9410212372958	42.0917042407853
miR-30c-1-5p	214.790426861482	524.907850626515	616.059185678201	262.488545869448	731.569906762613	439.816161435526	209.249789458565	782.297652007324	263.41080822753	81.7011368386894	387.714567864649	710.542110723493	725.251868984046	388.614842271681	278.734595567831	409.840278133962
miR-30bb-5p	65.9592649417151	377.258684836048	134.090425443201	116.661575941977	92.5137041625873	139.453904845411	269.822096933413	335.845007417026	53.8794835010856	0	219.364821291841	267.624147165158	249.720423752749	202.809933772415	252.528778890513	103.383133222981
miR-30bb-3p	10.1475792218023	113.499018600835	123.684819235969	29.1653939854943	0	13.7921444352604	11.0131468136087	70.3866782011732	11.9732185557968	0	0	25.42429398069	9.96225094758306	14.2542123613165	47.6469394133044	15.0151693490521
miR-30a-5p	7788.26705273328	9769.15181164104	8918.55048379897	12579.0344259437	8066.48335909943	10903.4564063197	15602.8757481801	11466.9954029454	13170.5404113765	8786.27642419406	11415.4732196289	8028.72441495473	8642.58477205989	13541.7518171517	15971.2540913396	9506.32525017034
miR-301c-5p	8.4563160181686	4.01766437525078	25.5410334177527	26.2488545869448	48.3917837158149	0	13.7664335170109	0	0	0	0	13.3812073582579	0	0.750221703227182	0	0.738450951592725
miR-301a-5p	0	0	0	0	0	1.53246049280671	0	0	0	0	0	26.7624147165158	11.9547011370997	12.2536211527106	0	3.19995412356847
miR-29b-2b-3p	0	24.3068694702672	16.0813914111776	0	0	0	0	0	0	0	209.161806348034	0.669060367912894	0	0	26.2058166773174	2.46150317197575
miR-29b-1a/2a-3p	54.120422516279	35.757212939732	49.4266294843547	20.415775789846	12.8095898071275	24.5193678849073	82.5986011020653	98.5413494816424	7.483261597373	0	0	21.4099317732126	7.30565069489424	14.5042862623922	2.38234697066522	7.63065983312482
miR-29b-1a-5p	13.5301056290698	86.3797840678918	3.78385680263002	58.3307879709885	217.763026721167	32.1816703489409	41.2993005510327	62.3424864067534	2.9933046389492	3.40421403494539	0	30.1077165560802	27.8943026532326	68.7703227958251	42.882245471974	27.0765348917332
miR-29a-3p	1.69126320363372	160.505691791269	155.61111100816	29.1653939854943	46.2568520812936	67.4282616834952	27.5328670340218	140.773356402346	119.732185557968	258.72026665585	200.659293894862	107.718719233976	75.048957138459	101.780077737821	233.470003125192	87.8756632395343
miR-27e-3p	901.443287536773	298.31157986237	502.5434815993	204.15775789846	256.191796142549	168.570654208738	96.3650346190762	299.646144342137	612.130798665112	17.021070174727	115.634169363141	433.551118407555	537.297401106313	1201.60509466887	202.499492506544	415.255585112309
miR-27c-1-5p	116.697161050727	77.5409224423401	200.780901589556	81.6631031593839	56.2198663757261	177.765417165578	126.6511883565	60.3314384581484	164.631755142206	432.335182438065	23.8070348688819	194.027506694739	106.264010107553	133.539463174438	102.440919738605	174.520574893081
miR-27c-1-3p	700.18296630436	1169.94386607303	1522.05639885793	659.13790407217	972.10553758534	1521.73326935706	911.337898826121	400.198541772384	1382.90674319453	728.501803478314	1083.22008653413	1608.4211244626	1815.7862727128	1523.20013145226	1203.08522018594	1108.41487834068
miR-27b-5p	30.442737665407	36.5607458147821	16.5543735115064	11.6661575941977	0.711643878173748	50.5711962626214	5.50657340680435	0	65.8527020568824	0	158.146731629002	62.891674583812	39.18485372716	54.2660365334329	14.2940818239913	73.8450951592725
miR-27b-3p	1486.62035599404	508.636309906749	1577.15881354623	991.623395506805	1447.4836482054	852.04803400053	1128.84754839489	2087.46777065194	1276.64442851183	275.741336830577	1654.5889233873	1289.94838933606	1047.36464962257	2162.13894870074	733.762866964888	1357.02669871023
miR-27a-5p	16.9126320363372	0.602649656287617	44.4603174309028	26.2488545869448	0	16.8570654208738	8.25986011020653	0	85.3091822100522	0	11.903517434441	38.8055013389479	31.8792030322658	56.5167016431144	66.7057151786262	68.4297881809258
miR-27a-3p_gac-miR-27b-3p_gac-miR-27e-3p	81.1806337744186	4.82119725030094	44.4603174309028	11.6661575941977	0	30.6492098561342	0	60.3314384581484	11.9732185557968	13.6168561397816	10.2030149438065	22.7480525090384	34.5358032849546	36.5107895570562	42.882245471974	55.6299716866519
miR-27a-3p	35.5165272763081	26.1148184391301	117.536051931695	37.9150121811425	0	16.8570654208738	16.5197202204131	18.0994315374445	0	23.8294982446177	317.993965748637	22.7480525090384	61.1018058118427	77.5229093334755	66.7057151786262	125.044361136368
miR-26b-3p	153.904951530669	4.41943081277586	3.78385680263002	26.2488545869448	0	67.4282616834952	192.730069238152	0	0	296.166621040249	105.431154419334	67.5750971592023	23.9094022741993	49.7647063140698	95.2938788266088	20.1843260102011
miR-26a-1b-3p	43.9728432944767	17.0750735948158	32.8722559728483	0	0	44.4413542913946	46.805873957837	8.04419179441979	0	0	171.750751554077	14.0502677261708	10.6264010107553	9.75288214195337	21.441122735987	17.7228228382254
miR-26-5p	13037.9480368123	11032.5063744386	11091.1937616591	8860.44669279316	14586.5645709273	20852.1899256209	18620.4779751089	9427.79278305999	14694.1324726016	12840.695339814	12971.4329985594	13541.1127861891	15710.4697443385	23758.5210456006	19520.9510776308	16388.4419686973
miR-24-3p	270.602112581395	432.099803558221	534.469773371491	312.069715644789	108.881513360583	298.829796097308	421.252865620533	219.204226397939	342.733381159684	711.480733303587	704.008031122652	357.947296833398	567.184153949062	395.866985402877	364.499086511779	377.840736898278
miR-24-3-5p	0	0	0	0	0	0	0	0	161.638450503257	0	0	1.33812073582579	0	0	0	0
miR-24-2-5p	116.697161050727	45.3996074403338	124.630783436626	29.1653939854943	274.694536975067	162.440812237511	68.8321675850544	16.0883835888396	179.598278336952	23.8294982446177	215.963816310572	134.481133950492	211.199720088761	146.293232129301	109.5879606506	120.121354792417
miR-23b-2-5p	194.495268417878	84.7727183177915	238.619469615856	64.1638667680874	182.892476690653	136.388983859797	22.0262936272174	235.292609986779	28.4363940700174	44.2547824542901	6.8020099625377	202.056231109694	125.524361939547	43.2627848861009	109.5879606506	196.181802806467
miR-23b-2-3p	755.994652024273	459.219038091164	674.945457169131	218.740454891207	376.459611553913	392.309886158518	220.262936272174	798.386035596164	318.78694404809	122.551705258034	906.367827508148	468.342257539026	572.49735445444	950.780971889916	271.587554655835	527.500129754403
miR-23a-3p_gac-miR-23b-2-3p	42.281580090843	10.6468105944146	0	37.9150121811425	37.0054816650349	56.7010382338482	24.7795803306196	52.2872466637286	22.449784792119	0	156.446229138367	8.02872441495473	50.4754048010875	31.2592376344659	171.528981887896	59.5683767618131
miR-23a-3p	7923.56810902398	3846.91363930262	3448.51249349694	3736.08696954181	4333.19957419995	4614.238543841	4424.5317323673	4231.24488386481	5723.19846967087	5950.56613308455	3783.6180416616	5519.74803528138	8016.2912624885	7014.072777372	4130.98964713349	4371.13733279454
miR-23a-3-5p	0	0	2.60140155180814	29.1653939854943	84.685621502676	0	0	0	0	0	0	0	25.2377024005437	28.2583508215572	0	14.5228687146569
miR-22b-5p	930.194761998546	352.951815365781	504.435410000615	787.465637608345	787.789773138339	819.866363651589	534.137620460022	583.203905095435	866.561692975794	364.250901739157	396.217080317821	515.845543660841	385.87118670305	1659.24033363745	898.144807940788	375.133083409104
miR-22b-3p	3.38252640726744	52.8322865345478	33.5817291233415	26.2488545869448	49.8150714721624	13.7921444352604	22.0262936272174	4.0220958972099	0	0	5.10150747190327	0	9.96225094758306	52.265445324827	7.14704091199566	13.7844177630642
miR-22a-5p	284.132218210465	261.148184391301	226.085443957144	256.655467072349	382.864406457476	527.166409525508	223.016222975576	605.325432530089	308.310377811768	633.183810499843	646.190946441081	376.680987134959	540.618151422174	896.264861455407	169.146634917231	287.25742016957
miR-22a-3p	19510.4123171186	19296.6411111107	29615.7742120849	44757.2136101395	19742.4244682961	19955.700537329	19096.7965747975	46780.9973804483	16288.0671928421	27363.0724128911	26005.7845892723	20900.107772863	18798.1033880261	22792.235491844	11111.2662711826	25857.8446712881
miR-223-5p	196.186531621512	402.369087181366	190.138804332159	600.807116101182	153.003433807356	626.776341557944	1261.0053101582	301.657192290742	408.586083216566	585.524814010607	187.055273969787	679.7653337995	628.950109824077	262.577596129514	376.410821365105	209.473919935136
miR-223-3p	8696.47539308459	3904.76800630623	2764.3438853714	4103.57093375904	5872.48528268977	11036.7804691939	10638.699821946	4303.64261001459	8821.2687709833	3380.38453670077	4853.23410827065	11330.5373306049	11129.8267586398	5653.1706077179	5872.48528268977	2307.65922372727
miR-222c-5p	21.9864216472384	101.646908693845	25.3045423675883	87.4961819564828	0	41.3764333057811	0	146.806500248161	0	0	0	28.1005354523415	32.543353095438	17.5051730753009	0	21.1689272789914
miR-222a-5p	50.7378961090116	58.0552502223738	0	0	0	87.3502480899824	0	0	0	0	0	46.8342257539026	77.0414073279756	17.7552469763767	100.058572767939	21.9073782305842
miR-222-3p	779.672336875145	557.250048847283	343.14851378851	565.808643318589	798.464431310945	917.943835191219	220.262936272174	432.375308950064	552.264705886128	289.358192970358	353.70451805196	1095.25182227341	1008.84394595858	623.93438318394	612.263171460962	627.437158536619
miR-221a-5p	0	18.6821393449161	1.65543735115064	5.83307879709885	0	0	0	38.209911023494	68.8460066958316	0	0	0	0.664150063172204	0	0	0
miR-221-3p	818.571390558721	719.563689607415	269.836288237554	393.732818804172	486.05276879267	973.11241293226	214.75636286537	347.911295108656	344.230033479158	272.337122795631	112.233164381872	657.017281290462	929.145938377913	733.466751855109	995.821033738062	575.745591925128
miR-21a-3p	59.1942121271802	101.24514225632	34.0547112236702	46.6646303767908	5.69315102538998	6.12984197122684	52.3124473646414	205.126890757705	0	0	8.50251245317213	49.5104672255542	4.64905044220543	6.50192142796891	19.0587757653218	16.4920712522375
miR-218a-2-5p_gac-miR-218b-5p	0	0	50.6090847351766	23.3323151883954	0	12.2596839424537	0	0	0	0	0	11.3740262545192	3.32075031586102	10.7531777462563	0	11.3229145910884
miR-218a-2-5p	16.9126320363372	103.053091225183	109.022374125778	102.07887894923	172.929462396221	36.779051827361	71.5854542884566	48.2651507665187	28.4363940700174	3.40421403494539	0	89.6540893003278	168.029965982568	56.2666277420387	4.76469394133044	32.2456915528823
miR-2188-5p	1708.17583567006	759.740333359923	997.51924959334	1306.60965055014	2579.70905837984	7541.23808510182	1643.7121619311	4740.04001486186	1858.84218078745	1140.41170170671	2516.74368613895	2110.21640039727	1254.57946933229	5859.73165000645	13310.1725251066	2955.28070827409
miR-2188-3p	3308.11082630756	3199.2661420122	4905.53385355966	16399.7010380434	4432.82971714428	13192.952382573	7133.76584851504	5019.57567971795	4946.43591586356	7686.7152909067	4628.7677795069	2888.33360827996	1591.96770142377	6660.96842905308	14339.346416434	9544.47854933597
miR-2184-5p	0	51.6269872219725	15.1354272105201	0	6.40479490356373	35.2465913345543	0	0	0	0	0	2.00718110373868	37.1924035376434	23.2568728000427	0	8.61526110191512
miR-217a-5p_gac-miR-217b-5p	0	0	10.1691151570682	0	0	3.06492098561342	0	0	0	0	0	0	1.32830012634441	0	0	0
miR-217a-5p	0	16.4724239385282	46.3522458322178	0	118.844527655016	1.53246049280671	77.092027695261	6.03314384581484	0	27.2337122795631	6.8020099625377	42.1508031785123	11.9547011370997	38.511380765662	52.4116333546349	21.415077596189
miR-214a-5p	0	0	15.8449003610132	0	0	13.7921444352604	0	0	0	0	0	22.0789921411255	6.64150063172204	3.00088681290873	0	0
miR-214a-3p	992.771500532994	175.571933198459	566.632556193846	772.882940615598	3869.91940950884	2113.26301958045	187.223495831348	1976.86013347866	529.814921094009	939.563073644928	743.119588407244	1186.24403230956	2628.70595003558	3061.90484477121	543.17510931167	670.513464046194
miR-212a-5p	37.2077904799418	165.527772260332	97.6708037178875	37.9150121811425	25.6191796142549	168.570654208738	41.2993005510327	62.3424864067534	53.8794835010856	173.614915782215	10.2030149438065	56.870131272596	157.403564971812	92.7774172990949	116.735001562596	129.228916528727
miR-212-3p	0	22.0971540638793	0	0	0	0	5.50657340680435	0	106.262314682697	0	0	0	0	5.00147802151455	0	0
miR-210-5p	935.268551609447	1041.98125572129	1690.2015355248	1373.69005671678	561.487019879087	875.034941392631	1470.25509961676	951.22567969014	2045.92372072178	153.189631572543	1302.58490782597	945.382299860919	1277.16057148015	1731.26161714726	1998.78910838812	1060.16941616996
miR-210-3p	10.1475792218023	104.45927375652	23.4126139662733	49.5811697753402	162.966448101788	271.245507226788	132.157761763305	0	8.9799139168476	0	181.953766497883	169.272273081962	195.260118572628	260.326931019832	469.322353221049	112.982995593687
miR-21-5p	63594.8789830351	79035.4935899334	59663.6175728201	66024.6189043619	53066.5723515382	67465.0407353226	85674.0223497656	42191.7859617318	50311.4643714582	39689.7314334283	40635.2075162002	70621.3290143097	64174.8281541405	69688.5941605751	69569.2962373658	69842.1987010055
miR-20a-5p	55.8116857199128	93.4106967245807	131.252532841229	87.4961819564828	29.8890428832974	70.4931826691086	90.8584612122718	90.4971576872226	61.3627450984586	0	8.50251245317213	64.2297953196378	88.3319584019031	58.767366752796	245.381737978518	63.2606315197768
miR-206-1-3p	28876.6279388421	1936.11246243335	1167.79280571169	10546.2064651547	4321.101628271	9403.17758386197	3075.42124770023	13560.4963174432	4584.2460545507	23492.4810551582	8135.20391519509	7516.89323350137	5044.21972979289	14228.2046756046	1681.93696128965	5702.56439851622
miR-205-1-5p	952.181183645784	420.448576869994	345.749915340318	300.403558050591	629.804832183767	96.5450110468227	410.239718806924	442.430548693088	499.881874704517	272.337122795631	707.409036103921	2611.34261596403	1382.76043152453	273.580847776846	204.881839477209	819.434405950727
miR-204-2b-3p	37.2077904799418	22.2980372826418	35.4736575246565	58.3307879709885	41.2753449340774	49.0387357698147	35.7927271442283	16.0883835888396	4.4899569584238	0	180.253264007249	66.2369764233765	19.9245018951661	3.00088681290873	19.0587757653218	32.984142504475
miR-204-1/2b-5p	9636.81773430494	1759.13434670355	7486.83366610383	6678.87522267819	5264.74141072939	7343.55068152975	3455.37481276973	10885.8025457986	4060.41774273459	10723.274210078	3764.91251426462	7629.29537531073	2002.41244046419	2995.38518708506	2896.93391632891	3457.42735535714
miR-200b-5p	38.8990536835756	0	0	0	0	22.9869073921006	0	0	0	0	0	20.0718110373868	53.1320050537763	12.0035472516349	0	16.9843718866327
miR-200b-3p	2533.51227904331	825.027379457748	659.100556808117	431.647830985315	651.865792407153	205.349706036099	1090.30153454726	581.19285714683	835.131994266827	2355.71611218221	2521.84519361085	1869.35466794863	4395.34511807364	421.374523312601	600.351436607636	971.801452296026
miR-200a-3p	871.000549871366	105.865456287858	295.140830605142	142.910430528922	173.641106274395	96.5450110468227	66.0788808816523	20.1104794860495	71.8393113347808	275.741336830577	98.6291444567966	382.702530446175	935.123288946463	156.046114271254	586.057354783644	390.640553392551
miR-19b-3p	1.69126320363372	110.284887100634	44.6968084810672	99.1623395506805	0	73.558103654722	283.588530450424	34.1878151262841	7.483261597373	153.189631572543	27.2080398501508	42.8198635464252	31.8792030322658	48.5143368086911	238.234697066522	46.2762596331441
miR-19b-2-5p	32.1340008690407	34.1501471896316	0	20.415775789846	42.6986326904249	0	0	0	0	0	0	2.00718110373868	7.30565069489424	6.50192142796891	0	1.47690190318545
miR-19a-1-3p	0	16.8741903760533	72.6027524004636	49.5811697753402	0	12.2596839424537	13.7664335170109	0	0	0	0	11.3740262545192	19.2603518319939	1.00029560430291	45.2645924426392	19.692025375806
miR-199-5p	527.674119533721	157.492443509831	532.341353920011	376.233582412876	1526.47611868269	1126.35846221293	258.808950119805	2650.56119626132	456.478957439753	10.2126421048362	362.207030505132	463.658834963636	1868.91827776658	1989.58795695849	374.02847439444	514.946463577327
miR-199-3p	3710.63146877238	1092.00117719316	3006.03773863939	3356.93684773039	8215.21692963775	6902.20205960142	2403.6192920701	9946.64315380007	2822.6862745291	2430.60882095101	3588.06025523864	4429.17963558336	10399.2616891504	9724.12364332966	1986.87737353479	3385.05916210105
miR-196d-5p	13.5301056290698	0	0.70947315049313	26.2488545869448	0	3.06492098561342	60.5723074748479	4.0220958972099	1.4966523194746	0	0	7.35966404704183	14.6113013897885	21.5063554925126	0	27.3226852089308
miR-196d-3p	13.5301056290698	0	0	49.5811697753402	12.8095898071275	21.4544468992939	0	0	7.483261597373	0	13.6040199250754	36.7983202352092	6.64150063172204	33.009754941996	0	11.569064908286
miR-196a-5p	331.487587912209	12.0529931257523	77.5690644539155	87.4961819564828	111.728088873278	111.86961597489	57.8190207714457	249.369945627013	65.8527020568824	0	69.7206021160114	36.7983202352092	72.3923568857702	117.534733505592	9.52938788266088	58.0914748586277
miR-194a-5p	1.69126320363372	8.63797840678918	27.669452869232	32.0819333840437	0	27.5842888705208	77.092027695261	4.0220958972099	0	0	40.8120597752262	81.6253648853731	43.8339041693654	34.0100505462989	116.735001562596	49.9685143911077
miR-193a-2-5p	343.326430337645	0.200883218762539	62.197146193231	116.661575941977	135.923980731186	140.986365338217	0	122.673924864902	8.9799139168476	115.743277188143	0	29.4386561881673	75.048957138459	454.884426056748	28.5881636479827	88.3679638739294
miR-191-5p	9011.05034896046	5222.76280460725	7034.18979608921	6264.72662808417	3679.19885015828	3064.92098561342	7367.79521830423	4786.29411767977	4786.29411767977	6389.7097435925	3929.86125585616	5069.470407676	3342.6672679457	3014.64087746789	3063.69820427547	3906.40553392551
miR-18c-5p	52.4291593126453	18.4812561261536	89.6301080122987	154.57658812312	0	21.4544468992939	0	0	1.4966523194746	0	0	33.4530183956447	18.5962017688217	19.255690382831	59.5586742666305	32.2456915528823
miR-18a/b-5p	0	70.7108930044137	42.3318979794234	0	50.5267153503361	6.12984197122684	2.75328670340218	4.0220958972099	1.4966523194746	0	0	14.0502677261708	2.65660025268881	15.0044340645436	40.4998985013088	7.13835919872967
miR-184-3p	453.258538573837	349.536800646818	107.130445724463	224.573533688306	46.2568520812936	39.8439728129744	206.496502755163	269.480425113063	170.618364420104	6.80842806989078	40.8120597752262	257.588241646464	486.821996305225	35.760567853829	33.3528575893131	166.643764742758
miR-183-5p	11.838842425436	130.774975414413	44.9332995312315	166.242745717317	22.7726041015599	53.6361172482348	71.5854542884566	183.00536332305	88.3024868490014	34.0421403494539	217.664318801206	52.1867086972057	13.9471513266163	64.0189186753862	38.1175515306435	103.136982905784
miR-182b-5p	30.442737665407	20.490088313779	0	32.0819333840437	23.4842479797337	29.1167493633275	13.7664335170109	90.4971576872226	0	0	15.3045224157098	16.7265091978224	5.97735056854983	14.5042862623922	0	15.7536203006448
miR-182a-5p_gac-miR-182b-5p	0	1.80794896886285	28.6154170698896	2.91653939854943	0	7.66230246403355	5.50657340680435	0	0	0	0	2.00718110373868	1.99245018951661	4.00118241721164	16.6764287946565	4.9230063439515
miR-182a-5p	0	66.8941118479255	61.0146909424091	32.0819333840437	0	0	0	122.673924864902	52.382831181611	0	3.40100498126885	4.68342257539026	3.32075031586102	22.5066510968155	14.2940818239913	29.2918877465114
miR-181b-3-3p	0	8.03532875050156	0	0	10.6746581726062	9.19476295684025	0	0	0	0	0	0	1.32830012634441	6.25184752689319	0	1.9692025375806
miR-181b-2/3-5p_gac-miR-181c-5p	801.658758522383	347.32708524043	785.386777595894	726.218310238807	579.278116833431	502.647041640601	569.930347604251	599.292288684274	689.956719277791	108.934849118253	530.556777077941	560.003527943092	539.954001359002	583.422411209672	550.322150223666	688.23628688442
miR-181b-1-5p	177.582636381541	123.543179538962	206.929668893829	40.831551579692	32.7356183959924	79.6879456259489	300.108250670837	285.568808701903	173.611669059054	0	100.329646947431	132.473952846753	106.264010107553	87.5258653765046	142.940818239913	85.1680097503609
miR-181a-5p	2117.46153094942	1919.03738883854	2918.06306797824	1502.01779025295	3406.63924481773	2283.366134282	2015.40586689039	2686.76005933621	2134.22620757078	1324.23925959376	3275.1677969619	1963.69217982434	2674.53230439446	3508.0366842903	2665.84626017438	2430.73438232605
miR-181a-2-3p_gac-miR-181a-3-3p	2136.06542618939	3442.73660315239	3476.6549284665	3951.91088503447	2591.80700430879	1900.25101108032	2469.69817295175	3161.36737520698	2818.19631757067	3268.04547354758	1831.44118241328	1983.76399086173	1718.82036348966	1395.16229410148	1569.96665366838	1921.69552636147
miR-181a-1-3p	170.817583567006	67.094995066688	27.1964707689033	8.74961819564828	0	22.9869073921006	0	0	20.9531324726444	57.8716385940717	5.10150747190327	49.5104672255542	73.0565069489424	60.0177362581746	126.264389445257	84.4295587987682
miR-17a-5p	1.69126320363372	94.0133463808683	182.571090726899	72.9134849637357	10.6746581726062	119.531918438923	140.417621873511	62.3424864067534	0	0	5.10150747190327	8.02872441495473	45.1622042957099	70.7709140044309	192.970104623883	15.0151693490521
miR-16c-5p	12647.266236773	30485.8363961842	27841.3818627016	25968.8668046841	23339.7842724644	23635.1381805579	54058.0311345984	5542.44814635523	36600.6324727514	23325.6745674458	17698.8299225231	18180.3773772971	22624.9360520243	22624.9360520243	27642.3719006286	21028.3754478716
miR-16a-5p_gac-miR-16c-5p	1043.50939664201	2839.48429720849	1933.78731719411	2038.66103958605	1308.71309196152	2154.63945288623	3535.2201271684	1069.87750865783	1662.78072693628	796.586084177222	2084.8160535178	1380.2715390043	1896.81258041981	1653.98878171486	2170.31809027602	1343.48843126436
miR-16a-5p	238.468111712355	490.958586655645	604.944106320475	376.233582412876	276.117824731414	441.348621928332	825.986011020653	675.712110731262	431.035868008685	469.781536822464	365.608035486401	530.564871754925	440.331491883171	413.122084577102	407.381331983753	313.841654426908
miR-15c-5p	9667.26047197034	13435.4714372761	12498.7884922375	16233.4582923261	19629.2730916665	17157.4276774639	20668.9232824401	9212.61065255926	19245.4521761239	6995.65984181278	13478.1827407685	10986.6403014976	14085.2945397561	20269.489977792	24778.790841889	8898.58011700953
miR-15b-1-5p	54.120422516279	113.90078503836	131.252532841229	64.1638667680874	32.7356183959924	196.154943079259	200.989929348359	116.640781019087	34.4230033479158	0	214.263313819938	119.761805856408	89.6602585282475	180.553356576675	559.851538106327	81.7219053095949
miR-15a-2-5p	6286.42532790654	11019.4489652191	7011.95963737376	9073.35406888726	7696.42854244909	9945.66859831554	11976.7971597995	3074.89231341696	9165.49880446245	5307.16968047987	6667.67026577758	5333.08019263368	6769.68159391427	8881.87474450661	22901.5014290048	9441.34156643018
miR-155-5p	556.425593995494	1720.76565191991	1062.31779733838	1131.61728663718	1064.61924174793	1455.83746816637	974.663493004371	227.248418192359	1137.4557628007	456.164680682683	710.81004108519	690.470299686107	1093.19100398145	769.977541412165	707.557050287571	585.345454295833
miR-152a-5p	49.0466329053779	71.1126594419388	21.0477034646295	55.4142485724391	38.4287694213824	56.7010382338482	41.2993005510327	229.259466140964	0	17.021070174727	37.4110547939573	69.582278262941	132.830012634441	149.044045041134	30.9705106186479	78.0296505516313
miR-152a-3p	74.4155809598837	58.8587830974239	56.2848699391216	78.7465637608345	139.482200122055	53.6361172482348	104.624894729283	428.353213052854	23.9464371115936	0	23.8070348688819	55.5320105367702	129.50926231858	102.030151638897	90.5291848852784	143.997935560581
miR-150-5p	3756.29557527049	3656.6772311345	2437.98623614456	1496.18471145586	6150.73803905571	1736.27773835	1784.12978380461	701.855734063127	4189.12984220941	1109.7737753922	12008.9485888603	1902.13862597636	3940.40232480068	7703.27644873671	11042.1782090333	9870.87386993995
miR-150-3p	91.3282129962209	84.5718350990289	101.454660520518	61.2473273695379	128.807541949448	73.558103654722	27.5328670340218	0	0	0	8.50251245317213	60.8844934800734	26.5660025268881	71.5211357076581	154.852553093239	158.766954592436
miR-148a-3p	120.079687457994	148.854465103041	297.978723207114	110.828497144878	297.467141076627	501.114581147794	82.5986011020653	428.353213052854	37.416307986865	61.2758526290171	175.151756535346	307.767769239931	487.486146368398	267.329000249953	502.675210810362	326.88762123838
miR-146a-5p	4557.95433379288	10671.9209967599	7164.02338262946	14372.7061560516	6132.23529822319	4859.43222269007	6310.53312419779	9057.75996051668	3273.17862269095	6028.86305588829	6041.88534922411	6166.72941105314	6812.85134802047	5009.2303124479	1889.20114773752	7455.40080728015
miR-146a-3p	0	0	0	0	0	0	0	0	0	0	59.5175871722049	0	5.97735056854983	0.750221703227182	4.76469394133044	5.66145729554422
miR-145-5p	136.992319494331	127.35996069545	137.637791195667	32.0819333840437	308.853443127407	185.427719629612	66.0788808816523	138.762308453741	61.3627450984586	91.9137789435256	365.608035486401	250.228577599422	37.1924035376434	101.780077737821	59.5586742666305	125.044361136368
miR-145-3p	226.629269286919	139.814720258727	209.767561495802	107.911957746329	266.154810436982	30.6492098561342	0	490.695699459607	119.732185557968	57.8716385940717	294.186930879755	141.840797997534	61.7659558750149	109.032220869017	28.5881636479827	317.780059502069
miR-144-5p	365.312851984884	779.627772017414	1035.5943086698	3660.25694517953	365.073309503133	1774.58925067017	1214.19943620036	1023.62340583992	386.136298424447	1092.75270521747	1464.13264443624	456.299170916594	411.773039166766	724.214017515307	2084.55359933207	1183.49072508594
miR-144-3p	5.07378961090116	169.143670198058	180.206180225255	64.1638667680874	27.0424673706024	197.687403572065	13.7664335170109	170.939075631421	0	27.2337122795631	45.9135672471295	41.4817428105994	66.4150063172204	52.5155192259028	490.763475957036	119.629054158021
miR-143-3p	2051.5022660077	3677.16731944828	3652.6042697888	3470.68188427382	2901.37209131437	1792.97877658385	1024.22265366561	4896.90175485305	1921.70157820539	4966.74827698533	2880.65121913472	4350.89957253755	1597.28090192915	1398.41325481547	1169.73236259662	5783.30170255702
miR-142-5p	111.623371439826	1506.02149106276	659.337047858282	580.391340311336	656.135655676196	321.816703489409	550.657340680435	106.585541276062	984.797226214287	20.4252842096724	744.820090897878	211.423076260475	492.135196810603	215.063554925126	983.909298884736	302.026439201424
miR-142-3p	15.2213688327035	335.876741770965	25.0680513174239	107.911957746329	108.16986948241	206.882166528906	57.8190207714457	183.00536332305	288.853897658598	0	39.1115572845918	103.704357026499	169.358266108912	49.0144846108426	574.145619930318	120.121354792417
miR-140-5p	0	0	17.7368287623282	5.83307879709885	0	42.9088937985879	77.092027695261	88.4861097386177	0	0	22.1065323782475	1.33812073582579	1.99245018951661	190.80638652078	0	14.2767183974593
miR-140-3p	101.475792218023	1126.35220760156	1031.57396081701	1292.0269535574	1231.85555311876	1532.46049280671	1123.34097498809	1395.66727633183	802.205643238386	786.373442072386	1040.70752426827	665.71506607333	500.104997568669	5041.23977178559	2680.14034199837	813.772948655183
miR-139-5p	830.410232984157	331.457310958189	337.236237534401	145.826969927471	384.999338091998	186.960180122419	487.331746502185	233.281562038174	335.250119562311	132.76434736287	11.903517434441	812.908347014166	318.792030322658	173.551287346555	147.705512181244	240.735010219228
miR-138bb-3p	0	0	0	0	0	0	0	92.5082056358276	0	0	0	0	0	0	0	0
miR-1388-5p	0	131.578508289463	37.6020769761359	239.156230681053	120.267815411363	21.4544468992939	66.0788808816523	70.3866782011732	130.20875179429	6.80842806989078	171.750751554077	44.157984282251	62.4301059381871	40.2618980731921	30.9705106186479	43.8147564611683
miR-1388-3p	947.107394034883	828.442394176711	1132.31914818703	1271.61117776755	566.468527026303	171.635575194351	671.801955630131	241.325753832594	791.729077002064	425.526754368174	481.242204849542	426.860514728426	495.455947126464	482.142481274003	1522.31971425508	625.714106316236
miR-135c-5p	0	0	8.75016885608193	0	0	0	0	0	0	0	10.2030149438065	0	0	0	0	0
miR-135a-1-5p	0	0	0	0	0	1.53246049280671	0	0	0	0	0	0	0	32.0094593376931	0	3.44610444076605
miR-133b-3p	0	0	23.4126139662733	0	108.881513360583	47.506275277008	0	42.2320069207039	0	0	0	19.4027506694739	7.30565069489424	102.530299441048	23.8234697066522	5.66145729554422
miR-133a-5p	116.697161050727	50.0199214718722	9.22315095641068	93.3292607535816	73.2993194518961	42.9088937985879	0	146.806500248161	139.188665711138	231.486554376287	227.867333745013	36.1292598672963	62.4301059381871	326.846588705976	2.38234697066522	71.3835919872967
miR-133a-3p_gac-miR-133b-3p	11.838842425436	0	0	0	0	102.67485301805	11.0131468136087	20.1104794860495	0	0	0	48.1723464897284	12.6188512002719	249.823827174652	23.8234697066522	21.9073782305842
miR-133a-3p	2445.56659245436	214.342394419629	477.948412382205	2528.63965854235	6535.02573326953	8601.70074612406	1412.43607884532	4693.78591204395	1787.00286945267	7642.46050845241	2125.62811329303	4930.30585115012	3100.91664495102	29271.1501209139	1558.05491881505	2985.80334760658
miR-132a-5p	0	0	13.0070077590407	0	0	0	0	0	0	0	0	0	0	0	0	0
miR-132-3p	121.770950661628	198.874386574914	131.252532841229	87.4961819564828	0	137.921444352604	112.884754839489	0	495.391917746093	0	98.6291444567966	18.0646299336481	170.686566235256	111.032812077623	238.234697066522	152.367046345299
miR-130c-3p	28.7514744617732	0	89.1571259119699	2.91653939854943	0	6.12984197122684	24.7795803306196	0	82.315877571103	0	0	14.0502677261708	12.6188512002719	6.75199532904464	35.7352045599783	6.8922088815321
miR-130c-2-5p	138.683582697965	106.869872381671	56.2848699391216	90.4127213550322	44.1219204467724	3.06492098561342	112.884754839489	16.0883835888396	5.9866092778984	10.2126421048362	0	79.6181837816344	20.5886519583383	10.0029560430291	30.9705106186479	23.8765807681648
miR-130b-5p	1743.69236294637	1490.15171678051	906.233704229891	904.127213550322	821.948679290679	373.920360244837	1266.511883565	939.15939199851	796.219033960488	3533.57416827332	1025.40300185256	1400.34335004169	486.821996305225	526.155487863331	474.087047162379	432.978407950534
miR-130b-3p	0	48.814622159297	27.9059439193964	14.5826969927471	0	0	5.50657340680435	146.806500248161	4.4899569584238	34.0421403494539	113.933666872506	51.5176483292928	7.30565069489424	2.750812911833	26.2058166773174	4.18455539235877
miR-129-1b/2-3p	32.1340008690407	0	0	8.74961819564828	59.0664418884211	21.4544468992939	13.7664335170109	50.2761987151237	0	394.888828053666	6.8020099625377	48.1723464897284	1.99245018951661	20.5060598882097	45.2645924426392	15.9997706178424
miR-129-1a/2-5p	3.38252640726744	5.02208046906348	54.1564504876422	11.6661575941977	43.4102765685986	10.727223449647	0	114.629733070482	0	0	0	7.35966404704183	0	0.500147802151455	0	12.5536661770763
miR-129-1a-3p_gac-miR-129-1b/2-3p	0	0	22.2301587154514	0	22.0609602233862	0	0	0	2.9933046389492	0	0	0	8.63395082123865	0	0	5.41530697834665
miR-128-2-3p	7823.78358000959	7233.00117476398	6658.64200842818	8221.72456451083	6656.71683643724	7653.10770107671	9121.63884837141	5701.32093429503	8408.19273080831	7056.9356944418	6844.52252480356	5309.66307975673	4557.39773348766	7000.81886061499	9257.80032800505	5781.08634970225
miR-126b-5p	463.406117795639	276.415309017254	649.877405851707	612.473273695379	628.38154442742	536.361172482348	388.213425179707	1035.68969353155	806.69560019681	0	508.450244699693	1625.81669402833	632.270860139938	469.138638418065	371.646127423774	1091.18435613685
miR-126b-3p	5988.763004067	6887.88380492994	9392.47854832838	11412.4186665239	11739.2774143541	9249.9315345813	5718.57648296632	10980.321799383	7368.01936877346	6035.67148395818	7674.36774023316	21623.3620305768	10676.2122654932	6475.16352055381	5729.54446444986	18594.1949611048
miR-125b-2/3-5p	12532.2603389259	2796.89705483083	6673.54094458854	7186.35307802579	24811.4638125277	11298.8312134639	3502.18068672757	25894.2533862373	6517.92085131189	8803.29749436878	13935.6179107491	12091.9280292897	14146.3963455679	33200.3112546157	3535.40290446719	6027.48281721702
miR-125b-2-3p	345.017693541279	44.7969577840462	153.009709456352	99.1623395506805	304.583579858364	136.388983859797	22.0262936272174	150.828596145371	457.975609759228	990.626284169109	166.649244082174	169.941333449875	117.55456118148	145.793084327149	88.1468379146132	183.381986312193
miR-125a-5p	11781.3394765125	10301.291458143	7541.22660764164	9697.49350017684	29627.8695800077	10175.5376722365	8683.86626253047	16792.2503708513	13381.5683884224	15063.6471046334	17494.769623647	9845.89237420615	9648.77211776577	19389.4799199065	17405.4269676801	8245.29717516717
miR-125a-1-3p	0	15.8697742822406	105.947990473641	29.1653939854943	0	4.59738147842013	101.871608025881	102.563445378852	125.718794835866	0	0	17.3955695657352	17.2679016424773	20.0059120860582	40.4998985013088	45.5378086815514
miR-124-3p	0	13.2582924383276	0	0	26.3308234924287	0	0	0	0	0	0	0.669060367912894	1.32830012634441	7.2521431311961	2.38234697066522	1.23075158598787
miR-122-5p	9104.06982516032	257.331403234813	430.177220249001	367.483964217228	222.744533868383	30.6492098561342	2045.69202062782	790.341843801744	1673.2572931726	571.907957870826	2649.38288040843	64.8988556875507	415.093789482627	340.600653265141	262.058166773174	11253.7463519559
miR-122-3p	0	0	2.83789260197252	0	0	0	52.3124473646414	0	0	0	0	0	0	7.00206923012037	0	25.1073323541526
miR-10c-5p	767.833494449709	120.529931257523	208.58510624498	332.485491434635	319.528101300013	159.375891251898	212.003076161968	1027.64550173713	869.554997614743	1310.62240345398	442.13064756495	157.898246827443	101.614959665347	195.807864542295	133.411430357252	129.721217163122
miR-10b-5p	5780.73763002006	6207.89410941874	11847.0191579844	23761.0464799822	7706.39155674352	7527.44594066656	8868.33647165841	30155.6639893312	9461.83596371842	19526.5717044468	13646.5324873413	9419.70091984564	6574.42147534164	6077.29594394233	1624.76063399368	4839.80753673872
miR-10545-5p	0	60.0640824099992	0	0	0	0	0	0	0	0	0	0	1.99245018951661	0	0	0
miR-103a-5p	0	9.03974484431426	0	0	0	0	0	0	0	0	0	0	0	0	0	0
miR-103-3p	260.454533359593	1135.59283566463	312.404677267141	670.804061666368	283.234263513152	639.036025500398	754.400556732197	412.264829464014	933.911047352151	371.059329809048	360.506528014498	517.183664396667	569.840754201751	413.372158478178	1284.08501718855	468.177903309788
miR-101b-5p	373.769168003052	200.481452325014	64.5620566948748	75.8300243622851	510.248660650577	349.40099235993	148.677481983718	28.1546712804693	16.4631755142206	0	49.3145722283983	183.991601176046	182.641267372356	426.876149136267	938.644706442097	274.949904309691
miR-101b-3p	0	94.8168792559184	78.9880107549018	32.0819333840437	74.0109633300698	10.727223449647	0	0	17.9598278336952	0	0	18.733690301561	20.5886519583383	5.501625823666	166.764287946565	58.8299258102204
miR-101a-3p	642.680017380814	3281.22649526731	846.401468538303	2904.87324095523	1396.95693285507	2528.55981313107	2568.81649427423	1667.1587493935	3532.09947396006	1668.06487712324	1858.64922226343	972.144714577435	1022.12694722202	1118.8306334128	6468.07202535607	2938.29633638745
miR-100-2-5p	13509.8104706262	5848.91579749009	11346.6040958366	26403.431175068	18707.6942694315	15393.5656502434	14149.1403687838	50418.9831194746	13794.6444285974	29524.7483250814	23876.755470998	15469.344766514	16484.2045679341	22642.9413729017	3213.78606342738	11276.3921811381
miR-1-3p	11744.1316860326	2328.43738867659	6415.29271780904	21451.147276331	7981.08609371859	14916.9704369805	9256.54989683812	25960.6179685413	6514.92754667294	35904.2454265691	18792.253024001	11056.8916401285	8186.31367866058	15789.6661139214	1153.05593380197	8723.81339179925
let-7j-5p	2315.33932577456	4779.21265757957	3728.04491479123	3636.92462999113	1493.7405002867	2208.27557013447	2555.05006075722	1940.66127040377	2634.1080822753	1521.68367362059	3018.3919208761	1412.38643666412	1823.75607347087	1416.91872349507	2139.34757965737	2406.85780155789
let-7j-3p	1.69126320363372	21.0927379700666	40.203478527944	17.4992363912966	2.84657551269499	9.19476295684025	66.0788808816523	0	0	0	0	4.68342257539026	21.2528020215105	14.5042862623922	9.52938788266088	9.35371205350785
let-7i-5p	569.955699624564	1277.21550489222	1346.81653068612	962.458001521311	1385.57063080429	1112.56631777767	1131.60083509829	1848.15306476795	730.366331903605	1817.85029466084	1705.60399810633	1140.74792729148	1184.17956263604	1444.67692651448	829.056745791497	1289.0892111637
let-7h-1-5p	11977.526008134	16678.3292377598	10407.4981356339	13311.0858149796	7095.80110927044	8094.45632300504	19551.0888808589	6509.76220963421	12130.3670493416	22917.1688832524	9738.77776386335	6922.76762679472	6755.07029252448	6655.46680322941	10508.5324876043	8707.81362118141
let-7h-1-3p	240.159374915988	360.585377678758	257.302262578842	169.159285115867	236.977411431858	216.076929485746	123.897901653098	180.994315374445	291.847202297547	231.486554376287	139.441204232023	263.60978495768	363.290084555195	323.345554090916	378.79316833577	137.598027313444
let-7g-5p	28763.3133041987	42569.5646544072	32568.1284823369	52757.2811803606	28750.4126782194	26995.824041283	42516.2532739364	18964.1821553447	39164.3978960113	43155.2213210027	35703.7502933604	20679.9869118196	21960.7859888521	29095.3481684577	32285.5661464551	29827.2646864161
let-7g-1-3p	0	0	3.54736575246565	0	0	6.12984197122684	0	0	0	0	0	0	10.6264010107553	2.25066510968155	0	0.9846012687903
let-7f-5p	5312.25772261352	15018.0294346874	8871.72525586642	12479.872086393	4197.27559346877	4533.01813772225	8876.59633176862	3579.66534851681	5401.41822098383	6845.87442427518	6364.98082244465	3746.73806031221	4954.55947126464	3950.16734139219	6365.63110561747	6961.62327098182
let-7f-3p	0	0	0	0	0	18.3895259136805	38.5460138476305	0	49.3895265426618	0	0	19.4027506694739	8.63395082123865	15.2545079656194	0	7.13835919872967
let-7e-5p	41672.7253375349	121787.259323758	79827.3174919351	159663.03283419	40143.119523903	81088.6145163742	171747.271271524	64003.6120123011	86530.4505027435	129084.391991094	90657.1887807025	55974.2594399606	65025.6043850641	35422.7180134757	43013.2745553606	49429.9374970794
let-7e-1-3p	30.442737665407	46.0022570966214	36.8926038256427	55.4142485724391	44.8335643249461	42.9088937985879	77.092027695261	0	55.3761358205602	6.80842806989078	30.6090448314196	41.4817428105994	38.5207036639878	25.5075379097242	64.323368207961	19.692025375806
let-7d-5p	26945.2053602924	18488.2870388103	10704.5308946403	19730.3890311869	15434.1324298322	13473.3926527566	8529.68220713995	10202.0462432729	12037.5746055342	35175.7436230907	12461.2822513691	11596.1542966663	8246.75133440925	11918.7721991702	13576.9953858211	12830.3391336064
let-7c-2/d-3p	33.8252640726744	27.5210009704678	51.7915399859985	23.3323151883954	0	21.4544468992939	85.3518878054675	201.104794860495	10.4765662363222	0	6.8020099625377	58.2082520084218	81.6904577701811	78.5232049377784	19.0587757653218	57.8453245414301
let-7c-2-5p	7137.1307193343	1468.65721237292	2459.97990380984	4482.72105557047	7297.19632679361	4465.58987603875	2329.28055107824	4516.81369256671	2198.58225730819	8827.1269926134	4048.89643020057	5656.23635033561	4632.44669062612	4925.45555558753	1381.76124298583	4335.44553680089
let-7b-5p	81195.8551432513	21436.6500405881	14910.9972039141	35284.293643651	64568.8723544605	39367.3775997116	22615.4969817455	21852.0470095414	24187.398135029	72509.7589443368	29933.9453426378	39442.4468092009	25371.1965632414	35459.979024736	43549.3026237602	41311.407735269
let-7b-1-3p	1067.18708149288	923.259273432629	686.060536526856	962.458001521311	3243.67279671594	1512.53850640022	1186.66656916634	1468.06500248161	897.99139168476	1480.83310520125	641.089438969178	2607.32825375655	2014.36714160129	1920.31748636051	1126.85011712465	766.265937436051
let-7a-5p_gac-let-7c-2-5p	1630.37772830291	1179.58626057363	770.960823535867	3272.35720517246	1051.09800806263	2865.70112154855	1941.06712589853	1190.54038557413	1584.9548063236	1651.04380694852	1294.0823953728	1060.46068314194	1010.83639614809	1629.23146550836	3428.19729078725	2089.81619300741
let-7a-5p	338913.924639365	192387.264791415	141596.887866469	367755.202381293	212354.533247046	285813.076671408	267206.474565181	136158.001360298	193542.587997497	390912.706060849	188349.35636516	201360.408327065	219399.316768685	214612.171533684	239780.840250484	254858.376969074
let-7a-5-3p	1.69126320363372	82.7638861301661	137.401300145503	61.2473273695379	119.55617153319	147.116207309444	140.417621873511	34.1878151262841	49.3895265426618	0	39.1115572845918	164.588850506572	143.456413645196	220.06503294664	109.5879606506	56.8607232726398
let-7a-4-3p	0	0	0.236491050164376	0	44.1219204467724	0	0	0	0	0	0	0	0	2.750812911833	0	0
let-7a-3/7-3p	175.891373177907	106.869872381671	231.524738110925	55.4142485724391	59.0664418884211	219.141850471359	66.0788808816523	12.0662876916297	151.161884266935	357.442473669266	32.3095473220541	270.969449004722	221.826121099516	163.29825740245	80.9997970026175	66.9528862777404
REV_let-7a-5p_gac-let-7g-5p	6.76505281453488	87.7859665992296	102.637115771339	177.908903311515	71.1643878173748	91.9476295684025	195.483355941555	140.773356402346	230.484457199088	449.356252612792	292.486428389121	48.8414068576413	48.4829546115709	65.7694359829163	128.646736415922	77.2911996000385
REV_miR-1306-5p	8.4563160181686	12.8565260008025	0	0	87.532197015371	16.8570654208738	0	0	0	0	0	1.33812073582579	9.96225094758306	8.00236483442328	45.2645924426392	15.5074699834472
REV_miR-135b-5p	0	0	7.80420465542442	0	0	0	0	0	0	0	0	0	3.98490037903322	0	0	10.8306139566933
REV_miR-181a-2-3p	0	0	15.6084093108488	0	0	0	0	0	0	0	0	0	0	0	0	0
REV_miR-183a-3p	0	0	19.6287571636433	0	0	0	0	0	0	0	0	0	0	0	0	0
REV_miR-18a-3p	77.7981073671511	26.7174680954177	15.8449003610132	49.5811697753402	0	1.53246049280671	55.0657340680435	8.04419179441979	2.9933046389492	0	0	38.136440971035	5.31320050537763	5.75169972474173	0	3.9384050751612
REV_miR-7132b-3p	1319.1852988343	7792.66182223641	3385.84236520338	2161.15569432512	2432.39877559787	1268.87728804396	2615.62236823207	989.435590713634	3639.85844096223	565.099529800935	2224.25725774983	2037.95788066268	2012.37469141178	1766.52203719894	6113.10232672696	2103.10831013608
REV_miR-723-3p	0	12.0529931257523	0	0	0	0	0	0	0	0	0	0	0	0	0	0
