Gene	D12_M_MPP	D13_M_MPP	D20_M_MPP	D47_M_MPP	D61_M_MPP	D27_G_F	D28_G_F	D29_G_F	D31_G_F	D35_G_F	D36_G_F	D38_G_F	D41_G_F	D44_G_F
a103_gac-miR-ENSGACG00000022167-5p	0	21.4571399849642	54.8551150052413	61.3216887457471	141.979542491157	21.1237312523377	155.517868355004	139.826260229647	198.558961834789	181.603194775846	154.926875929943	26.1550621742756	42.2080111117386	154.103274599998
a109_gac-miR-ENSGACG00000022167-3p	0	3.57618999749403	5.77422263213067	0	146.559527732807	12.425724266081	13.3301030018575	8.87785779235857	58.9659947266948	24.2137593034461	26.7981623230172	1.18886646246707	4.01981058207034	8.4056331599999
a10_gac-miR-99a-5p	9473.00442567122	10891.8826690343	10882.2443280793	15886.6099033607	7531.7857298938	13614.866078345	21755.8389409482	21175.9102992233	44167.9368255893	28091.4199004695	23373.0222011065	41830.8609151351	9076.73229431483	14429.6702579998
a57_gac-miR-99a-3p	0	3.57618999749403	0	0	0	12.425724266081	12.219261085036	23.3043767049412	45.7287306043755	15.565988123644	0.837442572594287	39.2325932614133	0	4.20281657999995
a165_gac-miR-92a-3p	1296562.38907459	970487.964538275	822169.907254215	404876.449943796	798108.228209969	912828.496614257	544405.849963526	702135.346278727	503994.390805535	632606.946007598	659802.579210442	435120.964230329	856188.165464757	740296.720850931
a44_gac-miR-92a-2-5p	1016.08437581173	53.0468182961614	162.400011528675	215.239127497572	358.38384515913	214.965029803202	404.34645772301	617.01111656892	210.592838309624	394.33836579898	250.395329205692	185.463168144863	522.575375669145	291.395282879997
a181_gac-miR-9-5p	0	72.1198316161295	116.20623047163	23.9154586108414	146.559527732807	95.6780768488239	57.7637796747157	35.5114311694343	376.660333662356	124.527904989152	160.788973938103	151.580473964552	58.28725344002	151.301396879998
a46_gac-miR-9-1/3/5/6-3p	0	3.57618999749403	23.818668357539	20.849374173554	0	0	2.22168383364291	27.7433056011205	32.4914664820563	10.3773254157626	32.6602603311772	35.0715606427786	26.7987372138023	28.0187771999997
a167_gac-miR-8159-5p	0	10.1325383262331	53.4115593472087	7.97181953694713	228.999262082511	24.8514485321621	287.708056456757	13.3167866885379	178.101371827568	257.703581158105	112.217304727634	48.1490917299164	197.640686951792	89.6600870399989
a125_gac-miR-737-5p	5200.28664208543	1333.32283739902	3586.51403238216	1766.67785276498	407.61868650687	1524.63636744814	1936.1974610198	2567.92036643972	1370.65853048378	1625.78098180281	1151.48353731714	791.190630771836	3075.82506371416	906.407442419989
a177_gac-miR-730-5p	0	59.0071349586514	98.1617847462213	253.258574519936	266.784140326126	93.1929319956077	219.946699530648	229.714570377278	90.2540735612675	145.282555820677	175.025497672206	138.502942877414	64.3169693131255	252.168994799997
a168_gac-miR-727b-5p	70.0747845387398	0	0	0	0	0	0	52.1574145301066	31.2880788345727	13.8364338876835	0.837442572594287	8.3220652372695	3.34984215172529	0
a124_gac-miR-727b-3p	0	22.6492033174622	18.7662235544247	27.5947599355862	0	1.2425724266081	47.7662024233226	44.3892889617928	32.4914664820563	19.0250965955648	45.2218989200915	79.0596197540602	0.669968430345057	22.4150217599997
a232_gac-miR-725-3p	348.529849416364	3814.60266399363	1168.55830517744	347.080758300929	0	2686.44158632672	36.657783255108	118.741347972796	1229.86217572821	396.067920034941	419.558728869738	1167.46686614266	4323.976249447	151.301396879998
a223_gac-miR-724-5p	0	94.1730032673427	158.791122383593	177.219680475209	580.513129379166	628.7416478637	109.973349765324	388.406278415687	531.897340187737	145.282555820677	403.647319990446	460.091320974756	980.833782025164	1507.41021335998
a248_gac-miR-722-3p	0	40.5301533049323	77.952005533764	149.011703652166	108.774649489193	34.7920279450269	244.38522170072	120.960812420885	131.169253575709	60.5343982586154	244.533231197532	71.3319877480243	56.9473165793299	259.173689099997
a217_gac-miR-7147-5p	0	36.3579316411893	20.9315570414737	30.6608443728736	0	9.94057941286482	31.1035736710008	0	2.40677529496713	0	10.0493108711314	2.37773292493414	0	2.80187771999997
a156_gac-miR-7133-3p	2072.73836372483	1264.77919578039	741.987608228791	256.324658957223	114.499631041256	1263.69615786044	199.951545027862	803.44613020845	120.338764748357	634.746404597481	615.520290856801	236.584426030947	325.604657147698	648.634692179992
a99_gac-miR-7132b-5p	0	1501.40376728124	477.816922808813	232.409200346382	373.268797194493	1699.83907959988	237.720170199792	872.249528099229	697.964835540469	1817.76150199442	806.457197408298	517.156911173176	428.779795420837	683.658163679992
a98_gac-miR-7132a-5p_gac-miR-7132b-5p	0	599.011824580249	229.525349627194	145.332402327421	277.089107119839	613.830778744403	97.7540886802881	265.226001546712	187.728473007436	800.783611249683	327.440045884366	183.679868451162	255.927940391812	240.961483919997
a100_gac-miR-7132a-5p	0	303.976149786992	106.101340865401	144.719185439963	0	275.851078706999	38.8794670887509	220.836712584919	220.219939489493	449.684101349714	161.626416510697	69.5486880543236	96.4754539696882	165.310785479998
a202_gac-miR-7-5p	0	300.399959789498	386.151138523738	520.007920563936	400.748708644395	395.138031661377	125.525136600824	228.604838153233	547.541379605023	171.225869360083	167.488514518857	93.3260173036651	171.511918168335	250.768055939997
a105_gac-miR-551a-3p	11667.4516257002	3045.12578286616	1701.95212082051	8616.92370255239	5540.63714608636	3533.87598127344	6210.71715694876	9023.23271370844	758.134217914647	1682.85627158951	4246.67128562563	1322.61393949462	1863.85217321995	5491.68033119993
a224_gac-miR-499a-5p	247.105819162925	141.855536567263	1277.54675735891	2164.65561272487	1572.07993419644	1440.14144243879	1859.54936875912	1317.2521499412	3380.31590178134	399.527028506861	12320.4551280071	2217.23595250109	1251.50102788457	3750.31332821996
a182_gac-miR-489-3p	0	16.6888866549721	15.8791122383593	84.0107135816736	0	113.074090821337	76.6480922606804	148.704118022006	37.3050170719906	126.257459225112	80.3944869690515	165.846871514156	177.54163404144	79.853515019999
a75_gac-miR-460-5p	569.818642696595	43.5103116361773	41.8631140829473	37.4062301349058	0	84.494925009351	213.281648029719	64.3644689945996	162.457332410282	129.716567697033	143.202679913623	59.4433231233536	30.8185477958726	266.178383399997
a47_gac-miR-458-3p	0	330.797574768197	297.372465554729	260.003960281968	177.474428113946	341.707417317228	228.83343486522	66.5839334426893	107.101500626037	131.446121932993	202.661102567817	61.2266228170542	133.323717638666	308.206549199996
a60_gac-miR-456-3p	1139.63728539319	414.242008043058	599.075598083557	329.91068545212	698.44774935166	636.197082423349	540.980013492049	877.798189219453	602.897211389267	736.790104519147	775.47182222231	529.045575797847	755.724389429224	633.224364719992
a164_gac-miR-455-5p	154.902155296162	414.242008043058	513.905814259629	378.35481956126	493.493409787812	377.742017688863	766.480922606804	453.880479634332	818.303600288825	728.142333339345	716.013399568115	704.40337901174	263.967561555952	692.063796839992
a102_gac-miR-455-3p	1810.87995834322	653.250706208909	484.31292326996	998.317092780763	287.394073913552	545.489295280957	1064.18655631495	731.313535645537	681.117408475699	946.06616707036	922.861714998904	802.484862165273	207.020244976623	806.94078335999
a155_gac-miR-454b-3p	0	525.699929631622	786.016055798787	375.288735123973	0	278.336223560215	127.746820434467	119.851080196841	143.203130050544	81.2890490901406	103.842879001692	255.011856199187	460.268311647054	247.966178219997
a1_gac-miR-451-5p	104326.601591965	140951.356529563	96624.3979704166	218997.533800799	70552.3826550009	299568.058613668	200492.525041354	275451.074259061	330856.993023837	160597.758580107	98804.8244849643	241612.14230072	217558.84838595	72156.7569231591
a134_gac-miR-429a-3p	0	475.633269666705	253.344017984733	17.7832897362667	92.7447011434171	167.747277592094	25.5493640868935	16.6459833606723	184.118310064986	115.880133809349	36.8474731941486	45.1769255737487	191.610971078686	124.683558539999
a17_gac-miR-425-5p	24295.665428892	60940.6616839632	43723.8573261514	10460.2536662495	40128.6856910289	37734.4394512349	14636.4530960395	29553.2788585376	18305.93289352	37052.2403969805	20838.0835338636	29190.8326861852	41275.4150566983	29161.9433097596
a247_gac-miR-375a-3p	11982.7881561245	17123.3937396676	11567.2114878158	2437.53712764345	9487.43942807845	7097.57370078548	2448.29558467449	2776.55002456014	5856.88768030252	7566.79978232692	2550.8500761222	4136.06642292294	18447.5807295511	4588.07476649994
a116_gac-miR-365-2b-5p	1655.97780304706	36.9539633074383	47.637336715078	169.247860938262	0	78.2820628763105	493.213811068726	116.521883524706	170.881045942666	302.671991293077	229.459264890835	64.1987889732218	125.954064904871	58.8394321199993
a136_gac-miR-365-2b-3p	1266.87834152932	1007.88954762707	910.883620218613	4405.35011949447	577.078140447929	2337.27873444984	1535.18352904725	2913.04708811766	5258.80401950319	2189.61566272592	5263.32656875509	10645.7047381614	1804.22498291924	1307.07595637998
a205_gac-miR-34a-5p	0	17.2849183212211	4.330666974098	22.075807948469	0	18.6385863991215	34.4360994214651	13.3167866885379	19.2542023597371	10.3773254157626	13.3990811615086	43.3936258800481	25.4588003531122	11.2075108799999
a174_gac-miR-338-3p	0	175.233309877207	205.706681269655	651.849551367292	350.368870986242	156.564125752621	265.491218120328	132.058134661334	416.372126029314	105.502808393587	282.218146964275	376.870668602061	99.8252961214135	172.315479779998
a3_gac-miR-338-1b-5p	0	4.76825332999203	0	19.6229403986391	0	2.48514485321621	0	0	0	0	1.67488514518857	7.13319877480243	0	0
a4_gac-miR-338-1a-5p	169.654741514844	7.15237999498805	18.7662235544247	6.74538576203219	151.139512974457	13.6682966926891	26.6602060037149	27.7433056011205	34.8982417770234	20.7546508315253	16.7488514518857	29.1272283304432	16.0792423282814	42.0281657999995
a43_gac-miR-31a-5p	1062.18620774511	750.999899473745	954.912067788609	529.819390763255	250.75419198035	1790.54686674228	919.777107128165	1662.37887161914	1095.08275921005	807.701828193525	1363.3565081835	1119.91220764398	1123.53705768866	850.36988801999
a214_gac-miR-30e-5p	1978.69062658073	4949.44695653173	3569.91314231478	7907.43176376409	4411.67078401958	3578.60858863134	1740.68928365922	1347.21491999041	1225.04862513827	1919.80520191609	1986.41378219365	1597.24209232451	1414.97332488876	2154.64396667997
a95_gac-miR-30e-3p	3920.49978761476	6956.28557679213	5315.17193287628	9065.79846417126	11629.7275248603	6056.29800728789	6591.73593441852	6582.93155303388	3760.58639838615	5444.63673480346	9058.6163077524	4490.94306196936	5831.40521772338	7912.50268127991
a212_gac-miR-30c-2-5p	13443.294191774	28163.0922619317	17261.3167809256	22680.439799502	32198.4412451115	33319.5796194963	13893.2998536859	18591.3439494229	18796.9150536933	15026.3672020243	28450.4365187457	14617.1131560326	26764.5688238547	24125.5681080597
a211_gac-miR-30c-1-5p_gac-miR-30c-2-5p	173.342888069514	298.611864790751	136.416009684087	302.929142403991	24.0449225186637	577.796178372768	539.869171575227	302.956897164236	546.337991957539	240.408038798501	437.145022894218	297.811048848001	345.033741627704	395.064758519995
a213_gac-miR-30c-1-5p	7582.82931640258	7225.69188993668	4945.62168441992	10009.5392539683	6658.15354504902	4608.70113028945	6798.35253094731	6387.61868160199	4119.19591733625	3023.26080445885	7156.78422539078	2761.73679231101	2702.65264801196	9684.69033917988
a210_gac-miR-30bb-5p	315.336530424329	920.272892688463	462.65958839947	1329.4542120078	967.52188229861	1071.09743173618	1026.41793114303	720.216213405089	671.49030729583	513.67760808025	1293.84877465817	939.79893858022	866.269180436159	522.550194779994
a89_gac-miR-30bb-3p	0	79.2722116111176	62.0728932954047	76.6521109321839	0	80.7672077295267	51.098728173787	55.4866112022411	97.4743994461689	50.1570728428527	76.2072741060801	75.493020366659	33.4984215172529	36.4244103599996
a208_gac-miR-30a-5p	27456.4070262447	33937.4470445521	26863.1272403299	27662.827010094	45345.2888812685	42698.5162955342	29054.0703344652	30244.6420341176	32507.1105214736	26794.2542234991	59069.8493005106	36977.9080153445	30351.5797999221	35412.9325030796
a110_gac-miR-301c-5p	0	17.8809499874701	10.826667435245	0	0	17.3960139725134	0	0	4.81355058993427	0	2.51232771778286	4.75546584986828	50.9176007062243	1.40093885999998
a111_gac-miR-301b-5p	0	8.34444332748606	34.645335792784	0	0	2.48514485321621	0	14.4265189125827	7.2203258849014	57.0752897866945	5.02465543556572	29.7216615616768	14.0693370372462	29.4197160599996
a145_gac-miR-29b-1a/2a-3p	0	106.093636592323	16.6008900673757	95.6618344433655	0	101.890938981864	28.8818898373578	38.8406278415687	87.8472982663004	53.6161813147736	78.719601823863	52.9045575797847	11.389463315866	46.2309823799994
a107_gac-miR-29b-1a-5p	0	0	7.93955611917967	31.8872781477885	0	67.0989110368375	54.4312539242513	57.7060756503307	20.4575900072206	32.8615304832483	25.9607197504229	12.4830978559042	14.7393054675913	30.8206549199996
a146_gac-miR-29a-3p	86.6714440347572	388.612646394351	227.360016140145	784.304399058106	227.854265772099	483.360673950552	329.920049295972	309.615290508505	318.897726583145	228.301159146778	221.084839164892	425.019760331978	102.505169842794	106.471353359999
a33_gac-miR-29a-3b-5p	0	35.7618999749403	100.32711823327	15.9436390738943	174.039439182709	59.6434764771889	58.8746215915371	75.4617912350478	56.5592194317276	24.2137593034461	62.8081929445715	38.0437267989463	77.0463694896816	33.6225326399996
a228_gac-miR-27e-3p	484.991271939173	1389.34981402643	1717.83123305887	3211.41683961478	1172.47622186246	1016.42424496543	1461.86796253704	1782.22995181598	2521.09712147807	1482.2279802181	1828.97457854592	2913.31726627556	1297.72884957838	2185.46462159997
a59_gac-miR-27c-1-5p	1045.58954824909	789.741957779931	687.132493223549	583.782476859513	848.442266015704	581.523895652592	332.141733129615	324.041809421088	456.083918396272	702.199019799938	665.766845212458	751.958037510422	432.799606002907	530.955827939994
a231_gac-miR-27c-1-3p	7582.82931640258	14400.1250565759	10260.7936172962	7093.07973722057	4160.91659203923	8244.46805054476	3683.55179617995	4301.32210039773	5639.07451610799	8026.8612090924	4358.05114778067	7379.29413253311	3167.61073867143	5910.56105033993
a36_gac-miR-27b-5p	1340.64127262273	190.134101533432	231.690683114243	284.532635780267	207.244332184673	257.212492307877	278.821321122185	261.896804874578	400.728086612028	377.042823439376	338.326799328092	380.437267989463	299.475888364241	428.687291159995
a230_gac-miR-27b-3p	9292.28524449237	7409.26964314137	7541.85653539167	6805.48101700302	4305.18612715121	5244.8982127128	5683.06724645857	5791.69247728992	6505.51362229616	7985.35190742935	5713.03323023822	6396.10156807284	4293.15770165113	5697.61834361993
a42_gac-miR-27a-5p	1.84407327733526	170.465056547215	116.20623047163	41.0855314596506	166.024465009821	91.9503595689996	118.860085099896	108.753757956392	74.6100341439811	399.527028506861	156.601761075132	102.242515772168	176.20169718075	96.6647813399988
a227_gac-miR-27a-3p_gac-miR-27b-3p_gac-miR-27e-3p	0	58.4111032924024	50.5244480311433	76.0388940447264	0	48.460324637716	28.8818898373578	54.3768789781962	48.1355058993427	91.6663745059033	113.892189872823	76.0874535978925	16.7492107586264	99.4666590599988
a229_gac-miR-27a-3p	1032.68103530774	736.695139483769	443.171587016029	634.679478518483	390.443741850682	293.247092679512	244.38522170072	78.7909879071823	157.643781820347	375.313269203415	181.72503825296	176.54666967636	165.482202295229	233.956789619997
a74_gac-miR-26b-3p	922.036638667629	171.657119879713	328.408912202432	335.429637439237	470.593483579561	285.791658119864	291.040582207221	412.820387344673	223.830102431943	240.408038798501	145.715007631406	184.86873491363	545.354302300876	96.6647813399988
a73_gac-miR-26a-1b-3p	0	301.592023121996	253.344017984733	111.60547351726	212.969313736736	318.098541211674	156.628710271825	234.153499273457	131.169253575709	169.496315124123	267.144180657578	235.39555956848	208.360181837313	155.504213459998
a226_gac-miR-26-5p	117491.440718861	155378.30301112	197994.485166615	159213.179791908	125259.161370202	192977.710714371	136676.878603795	167609.516190834	115823.654294998	94305.6742699789	160082.172406834	158480.060479479	143146.794764386	99327.9661128588
a197_gac-miR-24-6-5p	46.1018319333815	90.0007816035996	62.794671124421	146.558836102336	0	41.0048900780674	108.862507848503	47.7184856339273	70.9998712015304	117.60968804531	66.995405807543	52.3101243485511	30.1485793655276	44.8300435199995
a206_gac-miR-24-3p	2600.14332104271	3835.46377231234	3575.68736494692	2607.39820546917	1117.51639896266	3082.8221904147	1758.46275432836	1846.59442081058	2961.53700045706	3094.17252813323	1631.33813141367	3700.94129765999	2051.44333371656	2537.10027545997
a198_gac-miR-24-3-5p	0	2.38412666499602	6.496000461147	0	0	16.1534415459053	0	0	20.4575900072206	19.0250965955648	5.02465543556572	14.8608307808384	24.1188634924221	0
a199_gac-miR-24-2-5p	909.128125726283	699.741176176331	365.219581482265	283.306202005352	757.987557493112	418.746907766931	289.9297402904	393.954939535911	708.795324367821	697.010357092057	474.829938660961	672.898417756362	355.08326808288	605.205587519993
a119_gac-miR-23b-2-5p	1628.31670388703	85.8285599398566	113.319119155564	112.831907292175	195.794369080547	82.0097801561348	286.597214539936	275.213591563116	174.491208885117	295.753774349235	142.365237341029	118.292213015474	170.84194973799	126.084497399998
a50_gac-miR-23b-2-3p	6622.06713891091	3429.56620759677	3494.12647026807	3125.56647537073	1093.47147644399	2506.26858446854	5093.21018862637	3040.66629388281	4968.78759645965	5122.93964691482	3317.94747261856	3359.73662293194	2304.02143195665	3610.21944221996
a49_gac-miR-23a-3p_gac-miR-23b-2-3p	477.614978829832	89.4047499373506	49.802670202127	93.8221837809931	0	42.2474625046755	34.4360994214651	36.6211633934791	16.8474270647699	91.6663745059033	56.9460949364115	51.1212578860841	28.8086425048375	25.2168994799997
a51_gac-miR-23a-3p	109561.92562632	95319.7681932058	86585.1901466284	36729.8519080402	33338.8575702824	54838.4489034954	67357.0104683858	43268.4594155076	70365.6859113066	88215.9138051622	49085.0215074689	66155.0687372114	46220.4520410751	63696.4871476192
a114_gac-miR-23a-3-5p	604.856034965965	241.988856497096	286.545798119484	199.908705311136	242.739217807462	178.930429431567	433.228347560368	203.080997000202	232.253815964328	314.7788709448	283.055589536869	202.107298619402	243.198540215256	333.423448679996
a112_gac-miR-23a-2-5p	0	259.869806484566	228.081793969161	226.890248359264	177.474428113946	212.479884949986	139.966081519503	200.861532552113	364.626457187521	309.590208236919	143.202679913623	285.922384223331	83.7460537931321	106.471353359999
a118_gac-miR-23a-1-5p	0	44.7023749686753	57.7422263213067	54.576302983715	0	45.9751797844998	66.6505150092873	61.0352723224652	267.152057741352	96.8550372137846	73.6949463882972	73.7097206729584	21.4389897710418	39.2262880799995
a79_gac-miR-22b-5p	4571.45765451411	1220.07682081171	1977.67125150475	1318.41630803356	1299.57081231825	1861.37349505894	3880.17081545734	4558.77997637612	2397.14819378726	2691.18639115444	1970.50237331436	2627.98931528346	4557.79523163742	1665.71630453998
a14_gac-miR-22b-3p	260.014332104271	147.815853229753	135.694231855071	82.7842798067586	132.819572007857	90.7077871423915	119.970927016717	108.753757956392	134.779416518159	96.8550372137846	85.4191424046173	140.286242571114	154.762707409708	72.8488207199991
a45_gac-miR-22a-5p	3551.68513214771	1303.52125408657	1593.68544646806	1977.62446205035	412.19867174852	1405.34941449376	3997.92005864042	3555.58204583961	2542.75809913278	2371.21885750176	2856.51661511911	3484.56760149098	2961.9304305555	1427.55669833998
a13_gac-miR-22a-3p	92583.542961894	78472.3371150114	78626.8678038943	57535.6876825847	103363.396926183	43651.5693467426	76415.9263000648	81559.7698061741	126229.347282789	114821.646616942	130260.004954178	141350.872488254	86552.5515478476	148600.386757918
a219_gac-miR-223-5p	776.354849758144	2108.76003518898	2306.08016370718	492.41316062835	1161.02625875833	1431.44343545253	388.794670887509	496.050304148035	953.083016806985	1385.37294300431	705.964088696984	1042.63588758362	1769.3866245413	1075.92104447999
a173_gac-miR-223-3p	31435.9171587342	63091.1439357896	52784.3344137935	20261.9123953698	25519.6777664751	88739.5524186442	18774.3392361994	37522.2659594035	38829.7092213522	67466.4516363448	30333.8448645103	62664.5568034081	71358.337516052	30873.8905966796
a201_gac-miR-222c-5p	346.685776139029	86.4245916061056	61.3511154663883	207.267307960625	145.414531422395	67.0989110368375	51.098728173787	51.0476823060618	25.2711405971549	31.1319762472879	104.680321574286	73.1152874417249	77.0463694896816	65.8441264199992
a200_gac-miR-222a-5p	328.245043365676	191.32616486593	89.5004507980253	600.952549708322	123.659601524556	173.960139725134	75.537250343859	35.5114311694343	40.9151800144413	79.5594948541802	133.990811615086	68.3598215918566	40.8680742510485	151.301396879998
a39_gac-miR-222-3p	6588.87381991888	5464.41831617087	3427.72290999857	6931.80369581926	4930.35411263647	4986.44314797832	6661.71897517827	7044.58015823652	5660.7354937627	5856.27064296205	8242.94724204557	5049.11586609765	5361.08737962115	6944.45392901992
a25_gac-miR-221a-5p	0	26.8214249812052	15.8791122383593	0	0	8.69800698625672	44.4336766728582	2.21946444808964	24.0677529496713	0	3.34977029037715	0.594433231233535	0	0
a40_gac-miR-221-3p	7372.60496278636	3576.18999749403	2520.44817892504	4055.20327675626	1893.82389742237	4472.01816336256	6171.83768986001	6203.40313241055	4243.14484502706	3255.02107207755	6530.37718109025	3664.68087055475	4457.96993551601	4298.08042247995
a77_gac-miR-21a-3p	296.895797650977	102.517446594829	45.472003228029	114.05834106709	0	13.6682966926891	5.55420958410728	0	6.01693823741783	17.2955423596044	11.72419601632	0	21.4389897710418	5.60375543999993
a237_gac-miR-218a-2-5p_gac-miR-218b-5p	0	15.4968233224741	0.721777829016333	12.2643377491494	0	23.6088761055539	0	0	1.20338764748357	6.91821694384176	3.34977029037715	7.13319877480243	0	12.6084497399998
a239_gac-miR-218a-2-5p	0	317.08884644447	407.082695565212	493.026377515807	504.943372891937	376.499445262255	271.045427704435	281.871984907385	956.693179749436	190.250965955648	340.839127045875	240.745458649582	97.1454224000333	381.055369919995
a15_gac-miR-2188-5p	21356.2126248196	15518.8764941253	13871.1263180359	27274.047503446	9275.61511065212	44342.4396159368	33933.9988750618	42430.6115863537	38471.0997024021	18127.4579471014	17965.6555098652	41059.286580994	31153.5320110452	11556.3446561399
a108_gac-miR-2188-3p	52996.821917338	31433.51801464	56260.4164383361	42403.3345507967	95028.9687826901	74007.6137287786	84944.9705374199	87381.4250535132	95131.4036965184	48778.6181167923	55822.24700399	106072.449081006	103445.805518998	38224.6167950995
a5_gac-miR-2184-5p	0	178.809499874701	153.016899751463	334.816420551779	352.658863607067	84.494925009351	55.5420958410728	90.9980423716753	176.897984180084	153.930327000479	133.153369042492	174.763369982659	77.0463694896816	106.471353359999
a142_gac-miR-217a-5p	304.272090760318	5.96031666249004	14.4355565803267	12.2643377491494	61.8298007622781	13.6682966926891	39.9903090055724	27.7433056011205	105.898112978554	57.0752897866945	49.4091117830629	23.1828960181079	26.7987372138023	50.4337989599994
a135_gac-miR-216b-5p	0	0	0	15.9436390738943	0	8.69800698625672	7.77589341775019	16.6459833606723	2.40677529496713	0	2.51232771778286	2.97216615616768	0	9.80657201999988
a58_gac-miR-214a-3p	8233.78718330193	2425.2528499672	2177.60371014228	11394.7962027347	2997.60034066007	3650.67778937461	9833.17264770353	8547.15758959321	9307.00006563791	12295.4010634428	4712.28935598805	8890.34340632876	4722.60746550231	5500.08596435993
a26_gac-miR-212a-5p	0	41.1261849711813	48.3591145440943	6.13216887457471	0	48.460324637716	81.0914599279663	48.8282178579721	128.762478280742	29.4024220113275	87.0940275498058	86.7872517600962	0	78.4525761599991
a38_gac-miR-210-5p	946.009591272988	2534.32664489077	2171.82948751015	2368.24361936075	1346.51566104517	2531.12003300071	2637.13871053414	2471.37366294782	2555.9953632551	2059.89909502888	3018.9804742024	2608.37301865275	2150.59866140763	3174.52745675996
a94_gac-miR-210-3p	272.922845045618	901.795911034743	385.429360694722	952.325826221453	164.879468699408	848.676967373334	277.710479205364	420.588512912987	244.287692439164	247.326255742343	452.218989200915	334.66590918448	259.277782543537	296.999038319996
a52_gac-miR-21-5p	197734.445308828	233607.459206302	200016.18486569	194690.229598873	183813.12768839	195211.855937413	130911.609055492	148471.074254957	189633.435653403	256377.013059124	190474.638251425	196076.773488538	245359.858371549	184404.181202938
a56_gac-miR-20b-5p	376.190948576393	7.15237999498805	0	0	0	3.72771727982431	0	0	0	0	0.837442572594287	0	0	2.80187771999997
a126_gac-miR-20a-5p	0	655.038801207656	316.138689109154	621.188706994419	81.2947380392915	497.028970643241	218.835857613827	138.716528005603	110.711663568488	110.691471101468	235.321362898995	156.33593981442	144.043212524187	147.098580299998
a203_gac-miR-206-1-3p	7975.61692447499	1447.16488565258	17690.0528113613	48756.8747217436	5852.07614251858	3188.44084667639	36658.8940970249	16169.9082365571	110055.81730061	4386.14954239567	100605.326016042	54847.1653794559	20677.2356657395	28569.3461719797
a240_gac-miR-205-1a-3p	0	152.584106559745	111.153785668515	16.5568559613517	0	78.2820628763105	8.88673533457164	56.5963434262859	105.898112978554	50.1570728428527	33.4977029037715	87.9761182225632	192.950907939376	68.6460041399992
a178_gac-miR-205-1-5p	8447.69968347282	24167.2959713984	12750.2053495735	3603.2624307001	2685.01634791745	24913.5771534925	2951.50697299461	5112.53635617449	10110.8630141569	6153.75397154724	9418.71661396794	17802.0864089819	36933.349659632	7499.22571757991
a101_gac-miR-204-2b-3p	0	3.57618999749403	0	0	0	0	17.7734706691433	33.2919667213446	12.0338764748357	22.4842050674857	8.37442572594287	15.4552640120719	22.7789266317319	35.0234714999996
a233_gac-miR-204-1/2b-5p	1609.87597111368	1452.52917064882	1968.28813972754	6317.36037458687	1748.40936599997	4048.3009658892	1295.24167501382	3835.2345662989	6423.68326226728	4699.19885910451	10028.3748068166	7826.30792242073	6971.02151774032	13790.8421378398
a234_gac-miR-202-5p	938.633298163647	16.6888866549721	21.65333487049	0	0	21.1237312523377	0	2.21946444808964	57.7626070792112	6.91821694384176	18.4237365970743	18.4274301682396	0	60.2403709799993
a67_gac-miR-200b-5p	0	66.1595149536395	51.968003689176	0	0	24.8514485321621	0	0	26.4745282446385	1.72955423596044	10.0493108711314	1.18886646246707	29.4786109351825	14.0093885999998
a133_gac-miR-200b-3p	7302.53017824763	23567.0920834856	14230.571676886	1672.24245209652	3199.11969129268	8297.89866488891	1399.66081519503	1117.50034961313	6408.03922284999	3505.80643629181	1879.22113290158	2839.01311237137	21320.4053588708	3386.06922461996
a128_gac-miR-200a-3p	645.425647067341	4438.05178689009	2067.17170230278	264.29647849417	488.913424546162	1435.17115273236	89.9781952625379	93.217506819765	1089.06582097263	364.935943787653	231.134150036023	360.820971358756	1368.74550319495	501.536111879994
a220_gac-miR-19b-3p	934.945151608976	722.986411160042	588.248930648312	518.168269901563	0	790.276063322753	472.107814649119	469.416730770959	48.1355058993427	117.60968804531	346.701225054035	235.989992799714	547.364207591912	159.707030039998
a157_gac-miR-19b-2-5p	0	56.0269766274064	88.0568951399927	61.3216887457471	193.504376459722	68.3414834634456	114.41671743261	153.143046918185	66.1863206115962	89.9368202699428	56.1086523638172	59.4433231233536	206.350276546278	35.0234714999996
a106_gac-miR-19a-1-5p	0	0	0	29.4344105979586	0	3.72771727982431	0	0	0	0	0	0	0	0
a222_gac-miR-19a-1-3p	0	147.815853229753	134.972454026054	135.520932128101	0	121.772097807594	41.1011509223939	17.7557155847171	3.6101629424507	20.7546508315253	41.8721286297143	21.9940295556408	261.957656264917	36.4244103599996
a72_gac-miR-199-5p	6902.36627706587	7948.08226943047	4770.95144979796	13063.972570394	6298.62470357947	9259.64972308358	10046.4542957332	11139.4920649619	9872.59225995518	13627.1578251323	8402.06133083848	13361.6701716674	3122.72285383831	7406.76375281991
a20_gac-miR-199-3p	21415.2229696944	17798.6976175278	30438.8146052768	29511.6759257783	15252.4958510057	18421.1362244651	49824.5924951928	32981.2416986121	48905.6739937321	54954.856293407	30114.4349104906	52134.7665453372	21846.3305766916	40779.9292757395
a153_gac-miR-196d-5p	0	7.74841166123706	50.5244480311433	37.4062301349058	0	9.94057941286482	87.756511428895	48.8282178579721	144.406517698028	60.5343982586154	73.6949463882972	181.302135526228	18.7591160496616	110.674169939999
a69_gac-miR-196d-3p	0	26.8214249812052	89.5004507980253	120.190509941664	136.254560939094	73.3117731698781	209.949122279255	149.813850246051	388.694210137192	235.21937609062	195.961561987063	471.385552368194	152.752802118673	190.527684959998
a154_gac-miR-196a-5p	0	103.113478261078	493.696035047172	132.454847690814	137.399557249507	124.25724266081	778.70018369184	491.611375251856	1439.25162639035	503.300282664488	514.189739572892	534.989908110182	365.802762968401	162.508907759998
a216_gac-miR-194b-5p	0	0	0	22.075807948469	0	13.6682966926891	2.22168383364291	2.21946444808964	3.6101629424507	29.4024220113275	0	3.56659938740121	10.0495264551759	2.80187771999997
a215_gac-miR-194a-5p	0	208.611083187152	254.787573642766	747.511385810658	439.678583198422	344.192562170444	1928.42156760205	863.371670306871	1184.13344512383	762.733418058554	892.71378238551	133.747477027545	249.228256088361	1756.77733043998
a71_gac-miR-194a-3p	0	0	0	0	0	1.2425724266081	14.4409449186789	0	36.101629424507	8.6477711798022	6.6995405807543	0	10.0495264551759	1.40093885999998
a207_gac-miR-193a-2-5p	1963.93804036205	134.703156572275	111.153785668515	982.986670594327	1.14499631041256	504.48440520289	1055.29982098038	1705.65842835689	2030.11496130478	1068.86451782355	949.659877321921	2553.09072814803	636.470008827804	474.918273539994
a131_gac-miR-18c-5p	0	132.915061573528	128.476453564907	13.4907715240644	393.87873078192	259.697637161093	36.657783255108	29.9627700492102	81.8303600288825	76.1003863822593	87.0940275498058	52.3101243485511	34.838358377943	71.4478818599991
a130_gac-miR-18a/b-5p	0	154.372201558492	127.754675735891	185.191500012156	203.809343253435	156.564125752621	18.8843125859647	58.8158078743755	45.7287306043755	55.345735550734	33.4977029037715	82.0317859102279	75.0364641986464	51.8347378199994
a32_gac-miR-18a-3p	0	118.610301583552	182.609790741132	91.9825331186207	0	206.267022816945	127.746820434467	145.374921349872	60.1693823741783	134.905230404914	108.030091864663	74.3041539041919	272.007182720093	102.268536779999
a204_gac-miR-184-3p	4394.42661988992	8341.46316915481	6034.78442840556	635.905912293398	714.477697697435	3146.19338417172	284.375530706293	402.83279732827	3918.23018020649	2528.60829297416	584.534915670812	1750.01143275153	11749.2363629613	407.673208259995
a159_gac-miR-183-5p	296.895797650977	712.853872833809	555.768928342577	130.001980140984	389.298745540269	490.816108510201	74.4264084270375	100.985632388079	553.558317842441	157.3894354724	231.134150036023	356.065505508888	255.927940391812	341.829081839996
a243_gac-miR-182b-5p	0	17.8809499874701	22.3751126995063	23.3022417233839	0	27.3365933853783	0	0	10.8304888273521	0	11.72419601632	7.13319877480243	6.69968430345057	8.4056331599999
a241_gac-miR-182a-5p_gac-miR-182b-5p	0	23.2452349837112	26.7057796736043	14.1039884115218	0	16.1534415459053	4.44336766728582	0	7.2203258849014	12.1068796517231	15.0739663066972	1.18886646246707	0	5.60375543999993
a242_gac-miR-182a-5p	0	135.299188238524	186.218679886214	36.7930132474483	334.338922640467	96.920649275432	22.2168383364291	8.87785779235857	116.728601805906	62.2639524945758	35.1725880489601	122.453245634108	156.102644270398	102.268536779999
a8_gac-miR-181b-2/3-5p_gac-miR-181c-5p	1998.97543263142	1266.56729077913	1543.16099843692	1720.68658620566	1224.00105583102	1271.15159242009	2009.51302753001	2111.82042235729	2075.84369190915	1451.09600397081	1983.06401190327	1956.8741972208	1206.61314305145	2605.74627959997
a88_gac-miR-181b-2-3p	0	0	2.88711131606533	48.4441341091402	0	0	0	0	25.2711405971549	0	1.67488514518857	0	0	0
a7_gac-miR-181b-1-5p	138.305495800144	942.922096005925	699.402716316827	592.980730171375	389.298745540269	723.177152285916	599.854635083586	593.706739863979	703.981773777886	631.28729612556	544.337672186286	540.934240422517	659.248935459536	654.238447619992
a6_gac-miR-181a-5p	7957.17619170164	18989.5688866933	14320.7939055131	18602.5474979099	13239.5923373004	19991.7477716978	13545.6063337208	14884.8383211132	16280.6314828052	12440.6836192634	14818.5463220559	16047.3195103805	9573.84886963087	19048.5656794198
a23_gac-miR-181a-3-3p	1191.27133715858	410.665818045564	522.567148207825	332.976769889407	830.122325049104	457.266652991782	344.360994214651	437.234496273659	567.998969612244	506.759391136409	500.790658411384	574.222501371595	494.436701594652	501.536111879994
a21_gac-miR-181a-2-3p_gac-miR-181a-3-3p	0	51.8547549636634	54.133337176225	29.4344105979586	1.14499631041256	49.7028970643241	116.638401266253	83.2299168033616	73.4066464964976	76.1003863822593	157.439203647726	112.347880703138	103.845106703484	85.457270459999
a22_gac-miR-181a-2-3p	874.090733456913	796.29830610867	620.728932954047	1396.29485274066	3288.42940350486	872.285843478888	1358.55966427264	1101.96409847651	1019.26933741858	1146.69445844177	2601.09663047785	1545.52640120719	1066.58974110933	2385.79887857997
a24_gac-miR-181a-1-3p	0	298.611864790751	86.61333948196	244.673538095531	242.739217807462	284.549085693256	78.8697760943234	129.838670213244	131.169253575709	93.3959287418637	195.961561987063	205.07946477557	142.703275663497	142.895763719998
a2_gac-miR-17a-5p	188.095474288196	419.01026137305	158.069344554577	233.022417233839	0	130.470104793851	39.9903090055724	86.559113475496	69.7964835540469	136.634784640875	137.340581905463	107.59241485327	113.89463315866	92.4619647599989
a31_gac-miR-17a-1-3p	0	4.17222166374303	5.05244480311433	23.3022417233839	0	4.97028970643241	13.3301030018575	14.4265189125827	7.2203258849014	0	2.51232771778286	7.13319877480243	0	0
a115_gac-miR-1788-5p	0	14.3047599899761	0	0	0	0	0	0	0	0	0	0	20.7690213406968	0
a150_gac-miR-16c-5p	143256.83254979	206008.808932308	312541.348409337	166351.6375788	204734.500272248	304274.922965659	175915.147631679	233358.931001041	154216.533800314	141977.377675756	159445.716051662	165925.93113391	253131.492163552	175903.284200458
a149_gac-miR-16a-5p_gac-miR-16c-5p	7027.76325992467	11887.2555516701	12968.1822539365	8420.08108167854	9283.63008482501	14150.4147942131	9920.92915913242	7915.71995411171	8388.81529060794	7881.57865327172	7226.2919589161	8792.85635640646	9256.95380207765	7600.09331549991
a151_gac-miR-16a-5p	2546.66519599999	8339.67507415607	12125.1457496454	7860.21406342987	7870.70463777591	11256.4636126428	5179.85585813845	5624.12291145915	6063.87035566969	5420.42297550002	5362.14479232122	4187.78211404026	7852.69997207441	6057.65963063993
a152_gac-miR-15c-5p	117163.195675496	96645.9386506098	95274.673430156	70670.1801950363	101319.578512097	131574.751681105	82721.0650199433	112772.098339659	58724.1138095506	81282.1308731968	79100.6381943934	66103.9474793253	120380.59753283	80118.292464539
a147_gac-miR-15b-1-5p	224.976939834902	575.170557930289	137.85956534212	420.666784795825	0	864.830408919239	328.809207379151	187.544745863575	262.338507151418	152.200772764519	200.986217422629	407.186763394972	186.921192066271	148.499519159998
a148_gac-miR-15a-2-5p	26563.8755600144	44931.2511285149	54572.1780962669	32098.2247570739	18892.4391218072	69971.7384871555	32997.5591391813	43438.2484457864	36749.0519788532	36102.7151214382	31435.0818474717	37169.909949033	38271.9465834614	33905.5222897196
a225_gac-miR-155-5p	484.991271939173	1336.89902739652	526.176037352907	628.547309643908	1501.09016295086	874.770988332104	183.28891627554	363.992169486701	344.1688671803	555.186909743301	900.250765538858	395.298098770301	277.366930162854	592.597137779993
a235_gac-miR-153c-3p	0	0	0.721777829016333	27.5947599355862	0	0	0	0	0	0	0	0	0	0
a16_gac-miR-152a-5p	287.6754312643	665.171339533889	451.111143135208	796.568736807255	928.592007744583	682.172262207848	458.777711647261	460.538872978601	529.490564892769	690.092140148215	594.584226541944	697.270180236937	647.189503713325	526.753011359994
a169_gac-miR-152a-3p	717.344504883416	1344.0514073915	1112.25963451417	979.307369269582	199.229358011785	984.117361873617	728.712297434875	587.04834651971	761.744380857098	1004.87101109302	488.229019822469	628.315925413847	660.588872320226	710.276002019991
a29_gac-miR-150-5p	9546.76735676464	4691.36524504591	1935.08635959279	10001.5674344314	5160.49837102939	5580.39276789699	8810.08724231096	3459.03534234771	3427.2480200332	4751.08548618333	3925.93078032202	2525.15236628006	4805.68355086509	7780.81442843991
a78_gac-miR-150-3p	0	4.17222166374303	4.330666974098	90.7560993437058	0	13.6682966926891	24.438522170072	9.98759001640339	8.42371353238497	5.18866270788132	4.18721286297143	4.75546584986828	0	19.6131440399998
a170_gac-miR-148a-3p	461.018319333815	624.045154562707	746.318275202889	1260.1607037251	216.404302667973	588.979330212241	964.210783801023	503.818429716349	709.998712015304	570.752897866945	707.638973842172	466.035653287092	644.509629991945	818.14829423999
a183_gac-miR-146a-5p	19875.4217831194	43586.6036894572	34342.1891045971	37263.9638170156	43468.6399285023	21503.9584148798	17234.7123394849	14689.5254496813	18281.8651405703	16870.0720175581	34160.9574212662	14831.7035525079	15270.5904328549	55299.2596207793
a53_gac-miR-146a-3p	2041.38911801013	475.037238000456	594.744931109459	640.1984305056	370.978804573668	514.424984615755	433.228347560368	628.108438809369	393.507760727126	269.810460809828	607.145865130858	341.799107959283	483.047238278786	662.644080779992
a121_gac-miR-145-5p	3306.42338626212	3110.0932344873	3772.01093443936	3491.65695718284	1373.99557249507	3320.15352389685	7404.87221753182	2492.45857520467	2191.36890606758	3268.85750596523	4711.45191341546	3016.74864851019	2081.59191308209	2828.49555833997
a113_gac-miR-145-3p	258.170258826936	2409.75602664472	3865.12027438247	1266.29287259968	3290.71939612569	1758.23998365047	4464.47366370543	1663.48860384319	1825.53906123257	2813.98474190763	2972.08369013712	1622.80272126755	2076.90213406968	3753.11520593995
a48_gac-miR-144-5p	3075.91422659521	6816.81416688986	8164.02902400375	34839.9174608962	19941.2557421451	10866.2958706879	3784.6384106107	5790.58274506588	4024.12829318505	3071.68832306574	4317.01646172355	2573.89589124121	14110.8750799276	4655.31983177994
a80_gac-miR-144-3p	927.568858499635	691.396732848845	584.64004150323	3927.6541641651	1062.55657606285	828.795808547604	231.055118698863	194.203139207844	252.711405971549	191.980520191609	114.729632445417	131.964177333845	230.4691400387	197.532379259998
a120_gac-miR-143-5p	0	35.7618999749403	59.1857819793393	24.5286754982989	0	57.1583316239727	42.2119928392153	17.7557155847171	1.20338764748357	0	34.3351454763658	53.4989908110182	74.3664957683013	43.4291046599995
a55_gac-miR-143-3p	17452.3094967009	32513.5273938832	49699.4559725777	74644.4388426482	128319.736507935	29437.7833587726	53249.3181247533	19365.9370418062	22094.1972077983	36439.9781974505	70602.2709677065	40721.0540724221	23985.5397747834	61478.8009322393
a66_gac-miR-142-5p	750.53782387545	1881.07593868186	635.164489534373	1887.4815795941	1408.34546180744	920.746168116604	151.074500687718	142.045724677737	192.542023597371	653.771501193046	380.198927957806	184.86873491363	206.350276546278	367.045981319996
a218_gac-miR-142-3p	1088.0032336278	753.384026138741	488.643590244058	777.559013296074	155.719498216108	608.86048903797	91.0890371793594	108.753757956392	63.779545316629	269.810460809828	141.527794768434	131.964177333845	152.752802118673	177.919235219998
a65_gac-miR-140-5p	119.864763026792	230.664254838365	246.848017523586	399.817410622271	0	229.875898922499	66.6505150092873	146.484653573916	46.9321182518591	117.60968804531	126.453828461737	147.419441345917	193.620876369722	71.4478818599991
a139_gac-miR-140-3p	6380.49353958	9424.45270672926	4878.4963463214	8863.43689131029	6673.03849708438	12215.7295259843	5021.00546403298	5954.82311422451	7674.0030280027	5053.7574774764	6315.99188250611	8644.24804859807	7181.39160486867	4513.82500691995
a180_gac-miR-139-5p	2176.00646725561	1110.4069942219	1260.94586729153	1333.13351333254	688.142782557947	1159.32007402536	1138.61296474199	1632.41610156993	1368.25175518882	2521.69007603032	880.98958636919	1027.18062357155	1343.28670284184	1130.55766001999
a54_gac-miR-1388-3p	263.702478658942	1243.32205579542	811.278279814359	979.920586157039	1735.81440658544	1334.5227861771	321.033313961401	717.996748956999	215.406388899558	691.821694384176	1233.55290943138	603.349729702039	283.396646035959	889.596176099989
a160_gac-miR-135c-5p	0	19.0730133199681	12.992000922294	47.2177003342253	0	60.886048903797	16.6626287523218	22.1946444808964	19.2542023597371	1.72955423596044	16.7488514518857	13.0775310871378	44.8878848331188	33.6225326399996
a162_gac-miR-135b-5p	0	5.36428499624104	14.4355565803267	18.3965066237241	0	6.21286213304051	16.6626287523218	0	7.2203258849014	0	1.67488514518857	8.3220652372695	0	0
a161_gac-miR-135a-1-5p	0	1.78809499874701	7.93955611917967	0	0	4.97028970643241	15.5517868355004	0	0	0	7.53698315334858	31.5049612553774	0	0
a246_gac-miR-133b-3p	0	5.36428499624104	8.661333948196	84.0107135816736	0	4.97028970643241	7.77589341775019	21.0849122568516	286.406260101089	0	365.124961651109	304.34981439157	38.1882005296683	42.0281657999995
a41_gac-miR-133a-5p	0	10.1325383262331	49.802670202127	104.860087755228	0	49.7028970643241	45.5445185896797	45.4990211858377	314.084175993211	6.91821694384176	156.601761075132	252.039690043019	68.3367798951958	32.2215937799996
a245_gac-miR-133a-3p_gac-miR-133b-3p	0	23.2452349837112	12.992000922294	175.380029812837	0	3.72771727982431	42.2119928392153	16.6459833606723	240.677529496713	8.6477711798022	425.420826877898	521.912377023044	72.3565904772662	50.4337989599994
a236_gac-miR-133a-3p	1362.77015195076	1509.74821060873	6834.51426295566	19196.7546618561	343.498893123767	3757.5390180629	8010.28106219952	7380.8290221221	56446.1009928642	731.601441811266	46038.4054283709	60839.0523502899	8451.65174880289	9494.16265421989
a64_gac-miR-130c-3p	0	57.8150716261534	53.4115593472087	72.9728096074391	0	31.0643106652026	21.1059964196077	16.6459833606723	12.0338764748357	15.565988123644	3.34977029037715	23.1828960181079	13.3993686069011	21.0140828999997
a104_gac-miR-130c-2-5p	0	132.915061573528	225.916460482112	78.4917615945563	147.70452404322	144.13840148654	78.8697760943234	99.8759001640339	111.915051215972	108.961916865508	61.1333077993829	118.292213015474	267.987372138023	172.315479779998
a30_gac-miR-130b-5p	12386.6402038609	6202.30551898714	6856.88937565517	3586.70557473875	7768.7999661492	6580.66357131651	3970.14901071988	5158.03537736033	3577.67147596864	6876.70764217871	3274.40045884366	6129.20104724898	10228.408026078	6700.69056737992
a62_gac-miR-130b-3p	0	113.84204825356	127.032897906875	72.3595927199816	0	67.0989110368375	12.219261085036	17.7557155847171	42.1185676619248	34.5910847192088	22.6109494600457	46.9602252674493	63.6470008827804	53.2356766799994
a70_gac-miR-1306-5p	2308.77974322374	91.7888766023467	151.57334409343	162.50247517623	148.849520353632	188.871008844432	279.932163039007	438.344228497704	87.8472982663004	138.364338876835	66.1579632349487	96.2981834598327	303.495698946311	92.4619647599989
a12_gac-miR-129-1b/2-3p	0	0	0	0	0	0	0	7.76812556831375	6.01693823741783	0	14.2365237341029	20.2107298619402	0	0
a96_gac-miR-129-1a/2-5p	0	6.55634832873905	5.05244480311433	20.849374173554	0	19.8811588257296	14.4409449186789	0	216.609776547042	0	45.2218989200915	27.9383618679762	0	18.2122051799998
a166_gac-miR-128-2-3p	36979.2014304039	21469.0606182891	38322.0720537932	16291.3330490826	34806.7428402313	32954.2633260735	34736.0267390069	49108.9801106555	26168.8677821776	30758.3925323204	26813.2362893239	25268.1677932751	52097.415112062	24047.1155318997
a68_gac-miR-126b-5p	4923.67565048514	3491.55350088667	2837.30864586321	2738.62661938507	1243.46599310804	2465.26369439048	3631.34222608934	5158.03537736033	3480.19707652248	2919.48755030122	3958.59104065319	3704.50789704739	1960.32762718964	1993.53599777998
a179_gac-miR-126b-3p	120202.228436544	101565.584023829	59723.5064619565	133527.977243864	83929.3745495508	50577.6680526562	59312.2933067648	72336.7852921376	52929.8022869172	88106.9518882967	83625.3404141203	54546.3821644517	47881.3037799005	60244.5737965793
a175_gac-miR-125b-2/3-5p	60983.503281477	29661.5158708817	38130.0791512749	64135.127825402	31292.7491635752	49174.8037830157	120754.070568076	107284.472491757	159440.43957804	118604.181730987	100202.516138624	142590.265775376	73708.5867697025	66166.3423577992
a28_gac-miR-125b-2-3p	0	25.0333299824582	95.9964512591723	127.549112591154	209.534324805498	14.9108691192972	173.291339024147	128.728937989199	186.525085359953	228.301159146778	81.2319295416458	90.9482843787309	92.4556433876179	63.0422486999992
a176_gac-miR-125a-5p	80408.9711849266	59760.5189847902	36925.4319546466	72999.1779335998	74864.4387600146	50618.6729427343	66158.4120401354	64890.4820687969	79318.8900085843	72354.171907169	53951.4002968143	56348.1092883205	51236.5056790686	78434.3639548191
a61_gac-miR-125a-1-3p_gac-miR-125a-2-3p	0	25.6293616487072	30.314668818686	45.3780496718529	0	32.3068830918107	73.3155665102161	13.3167866885379	96.2710117986853	77.8299406182198	82.9068146868344	79.0596197540602	20.7690213406968	30.8206549199996
a129_gac-miR-124-3p	0	0	8.661333948196	0	0	0	15.5517868355004	0	25.2711405971549	0	15.0739663066972	1.78329969370061	17.4191791889715	5.60375543999993
a123_gac-miR-122-5p	9187.17306768426	4095.92961046316	23140.1971982636	19278.312507888	86648.7407867806	4331.60747915585	685572.751595114	261720.357450955	345387.898867201	162704.355639506	180510.746522699	52052.734759427	62035.0568393702	397352.491678375
a11_gac-miR-122-3p	0	90.5968132698487	91.6657842850743	290.664804654841	472.883476200386	75.7969180230943	1818.44821783672	554.86611202241	1281.60784457	401.256582742822	959.709188193053	246.689790961917	75.0364641986464	1234.22713565999
a141_gac-miR-10c-5p	6474.54127672409	6251.77614728581	3404.62601947004	5455.17743082167	10009.5577456266	5725.77374181014	8476.83466726453	11165.0159061149	3113.16384403999	5887.40261920933	14530.4660770835	6113.15135000568	4997.96449037413	9858.40675781988
a140_gac-miR-10b-5p	27360.5152158232	22304.6970143702	46999.2851142276	17265.1214663651	29528.3098492294	12466.7291561591	39443.7747824962	19679.9912612109	34611.8355169223	39189.9694326276	40730.6944032683	39781.2551338419	21580.3531098446	23188.3400107197
a132_gac-miR-10545-5p	0	10.1325383262331	2.88711131606533	9.19825331186207	75.5697564872287	0	8.88673533457164	47.7184856339273	22.8643653021878	5.18866270788132	19.2611791696686	8.3220652372695	15.4092738979363	2.80187771999997
a90_gac-miR-10545-3p	0	18.4769816537191	2.165333487049	14.1039884115218	0	6.21286213304051	38.8794670887509	29.9627700492102	16.8474270647699	32.8615304832483	14.2365237341029	13.0775310871378	23.448895062077	22.4150217599997
a37_gac-miR-103-3p	2561.41778221867	2679.75837145552	2952.0713206768	2052.43692232016	2081.60329233003	3535.11855370005	2526.05451885199	3420.19471450614	1723.25111119647	2125.62215599538	2487.20444060503	3236.6889440666	3092.57427447278	1508.81115221998
a172_gac-miR-101b-5p	1545.33340640695	869.610201057297	1008.32362713582	1360.11505638067	45.7998524165023	1540.78980899405	2232.79225281113	2414.77731952153	1777.40355533323	1248.73815836344	1447.10076544293	1540.17650212609	1368.74550319495	1049.30320613999
a19_gac-miR-101b-3p	0	70.3317366173825	52.6897815181923	227.503465246722	0	104.376083835081	38.8794670887509	11.0973222404482	44.525342956892	67.4526152024571	38.5223583393372	28.5327950992097	52.9275059972595	60.2403709799993
a138_gac-miR-101a-3p	14238.0897743055	11800.2349283978	10498.9803008716	9328.86850889051	6930.66266692721	10858.8404361282	6290.6977749599	5695.14577379802	5765.43021909377	7397.3034672028	6388.84938632181	7429.22652395673	10991.502068241	3946.44476861995
a9_gac-miR-100-2-5p	45836.2853814452	54992.2656547981	64146.5609981686	48965.9816803665	73729.7474163958	55188.8543277989	96376.6447034295	80339.0643597248	162122.790644281	102225.303116442	138411.670955811	157569.388769229	57872.5429816364	90717.7958792989
a18_gac-miR-1-3p	1600.655604727	4895.20807490307	42221.1158861394	79282.198162489	27003.5929847697	5534.41758811249	14296.5354694921	11951.8160529627	193674.411373653	4275.45807129421	97529.3994469032	77870.1588583619	31031.5977567224	44803.4256816595
a194_gac-let-7j-5p	4235.83631803909	9601.47411160521	11364.3919178622	9365.66152213796	14328.4838285027	10635.1773993388	6871.66809745752	8583.77875298669	9199.89856501187	7540.85646878751	8403.73621598367	6548.87090849986	9299.83178161974	10907.7099639599
a92_gac-let-7j-3p	267.390625213613	343.314239759426	207.872014756704	155.757089414198	356.093852538305	290.761947826296	85.5348275952521	169.789030278858	103.491337683587	198.89873713545	218.572511447109	189.624200763498	233.14901376008	179.320174079998
a192_gac-let-7i-5p	1344.3294191774	2312.60286504614	2132.85348474327	2189.79750511063	3398.34904930447	1924.74468881595	1907.31557118244	2001.95693217686	3255.16358644305	1717.44735630872	3246.76485394805	2466.30347638794	1002.94274022655	3013.41948785996
a184_gac-let-7h-1-5p	25129.1865502476	16361.0692385352	27039.9628084389	20066.2962082708	47362.7723802154	21993.5319509634	31599.0091659031	29768.5669100023	26715.2057741352	34201.9350161177	26418.800837632	24254.6591340219	34239.4066012145	29940.8653159196
a82_gac-let-7h-1-3p	4763.24127535697	1131.26810254061	1158.45341557122	656.755286466952	230.144258392924	803.944360015442	828.688069948806	1320.58134661334	807.473111461473	831.915587496971	653.205206623544	616.427260789176	2255.78370497181	750.903228959991
a191_gac-let-7g-5p	65892.4263457435	66508.7895100614	111262.052342868	87407.935138188	157067.158873463	129344.334175344	113213.675636692	146576.761348512	164738.95538991	91050.6531979014	102871.445617482	111057.960591361	129865.340601225	108766.091212679
a84_gac-let-7g-1-3p	0	5.96031666249004	0	0	0	19.8811588257296	11.1084191682146	14.4265189125827	0	0	6.6995405807543	13.6719643183713	0	0
a186_gac-let-7f-5p	9089.43718398549	14427.5425132234	17914.5257161854	17392.6705789563	35750.2198000113	16357.2234238691	14703.1036110488	14970.2877023646	21320.4189504664	20486.5699249514	22635.235294651	14667.0455474563	19132.9584337941	23168.7268666797
a185_gac-let-7e-5p	107695.723469656	177621.608763867	247644.138468991	125879.323006607	407591.20659542	168466.7270271	117830.334643002	132365.530487394	186735.678198262	186157.11107913	180291.336568679	150101.524085243	205115.524729152	240048.071783277
a83_gac-let-7e-1-3p	354.06206924837	215.76346318214	279.328019829321	102.407220205398	0	201.296733110513	103.308298264395	95.4369712678546	49.3388935468262	107.232362629547	83.7442572594287	85.5983852976291	319.574941274592	70.0469429999992
a193_gac-let-7d-5p	72208.3773206167	20672.7623121805	25475.1484751315	52064.5666126892	68131.8604547888	20217.8959533404	66147.3036209672	59800.1403571033	60750.6186079129	68813.774386158	36679.9846796298	46586.3267650034	43153.3365669555	55729.3478507993
a91_gac-let-7c-2/d-3p	0	55.4309449611574	64.2382267824537	54.576302983715	193.504376459722	27.3365933853783	47.7662024233226	106.534293508303	114.321826510939	98.584591449745	112.217304727634	105.809115159569	136.673559790392	46.2309823799994
a189_gac-let-7c-2-5p	18971.8258772251	6576.01737372526	11687.0266074325	32070.6299971383	27534.8712728012	11317.3496615466	53438.1612506129	47451.0401679325	76032.4383433067	70636.7245508603	33377.1111733179	50828.2023030859	24782.802206894	39070.7838665395
a190_gac-let-7b-5p	335700.631625943	37852.7790601418	55687.3248420972	150970.931607592	289037.143618994	61327.1621152429	412959.925946043	286365.290682542	197093.235680154	308576.689454646	111366.463073879	129721.380752401	204015.436566525	174938.037325918
a81_gac-let-7b-1-3p	8128.67500649382	1708.8227871359	1458.71299244201	2724.52263097355	320.598966915516	1550.73038840691	3352.52090496715	3488.99811239692	2942.28279809732	2343.54598972639	2442.81998425753	2017.50638680662	4096.18698312968	2294.73785267997
a187_gac-let-7a-5p_gac-let-7c-2-5p	2120.68426893555	971.531615985877	1321.57520492891	1826.77310773581	1402.62048025538	2396.92221092703	4462.25197987179	2677.78385662015	3986.82327611306	3554.2339548987	3112.77404233296	4397.02261143446	2726.10154307404	3370.65889715996
a188_gac-let-7a-5p	842890.857677677	477625.20749531	710248.871753455	724486.931337292	1524532.81741025	719400.974681454	1233522.1872733	1144973.99028381	1284019.43341556	1290813.02426165	963733.099754368	920725.359489629	1314705.17963489	1157258.15375273
a85_gac-let-7a-5-3p	586.415302192612	959.610982660897	827.879169881734	305.382009953821	151.139512974457	728.147441992348	289.9297402904	415.039851792763	433.219553094084	524.054933496013	412.021745716389	433.936258800481	829.420916767181	448.300435199995
a158_gac-let-7a-3/7-3p	331.933189920347	240.796793164598	329.852467860464	462.365533142933	635.472952278969	282.063940840039	405.457299639831	426.137174033211	222.62671478446	223.112496438897	265.469295512389	304.34981439157	735.625336518873	224.150217599997
a267_REV_gac-let-7b-5p_gac-let-7c-2-5p	0	2.38412666499602	0	0	0	0	6.66505150092873	0	0	3.45910847192088	0	16.644130474539	5.35974744276046	2.80187771999997
a257_REV_gac-let-7f-3p	0	17.8809499874701	25.984001844588	0	0	11.1831518394729	3.33252575046437	0	16.8474270647699	22.4842050674857	5.86209800816001	1.78329969370061	43.5479479724287	1.40093885999998
a266_REV_gac-let-7i-1-3p	0	8.94047499373506	7.93955611917967	31.8872781477885	0	0	0	0	0	0	0	0	0	4.20281657999995
a253_REV_gac-miR-103a-5p	0	10.7285699924821	0.721777829016333	0	0	9.94057941286482	5.55420958410728	0	4.81355058993427	1.72955423596044	5.02465543556572	8.91649846850303	4.6897790124154	2.80187771999997
a252_REV_gac-miR-10c-3p	0	0	0	50.2837847715127	0	4.97028970643241	0	8.87785779235857	0	0	2.51232771778286	0	0	2.80187771999997
a260_REV_gac-miR-132-3p	0	28.6095199799522	40.4195584249147	20.849374173554	0	23.6088761055539	77.7589341775019	47.7184856339273	15.6440394172864	32.8615304832483	69.5077335253258	64.7932222044554	25.4588003531122	36.4244103599996
a250_REV_gac-miR-181b-2/3-5p	0	34.5698366424422	33.2017801347513	33.7269288101609	200.374354322197	24.8514485321621	42.2119928392153	71.0228623388685	62.5761576691455	27.672867775367	46.0593414926858	35.0715606427786	21.4389897710418	33.6225326399996
a268_REV_gac-miR-190a-5p	0	12.5166649912291	10.1048896062287	38.0194470223632	0	43.4900349312836	2.22168383364291	16.6459833606723	3.6101629424507	0	16.7488514518857	5.94433231233536	8.03962116414069	4.20281657999995
a261_REV_gac-miR-191-5p	33735.4765355712	74421.1098795169	75980.8302827204	15291.789522527	38379.1313287185	46631.2580257489	27366.7014628134	46045.0094400677	29236.3028956133	66222.9021406893	27029.2964730532	39056.046591737	58809.1588472588	54402.6587503793
a269_REV_gac-miR-27b-3p_gac-miR-27c-1-3p	0	65.5634832873905	77.952005533764	21.4625910610115	117.934619972493	70.8266283166619	28.8818898373578	69.9131301148237	54.1524441367605	36.3206389551692	41.0346860571201	44.5824923425152	29.4786109351825	19.6131440399998
a256_REV_gac-miR-730-3p	0	1.78809499874701	2.88711131606533	0	0	4.97028970643241	23.3276802532506	21.0849122568516	0	19.0250965955648	17.58629402448	0	0	0
