Gene	D1_P_M	D2_P_M	D3_P_M	D4_P_M	D5_P_M	D6_P_M	D7_P_M	D8_P_M	D9_P_M	D10_P_M	D25_M_I	D45_M_I	D53_M_I	D56_M_I
a103_gac-miR-ENSGACG00000022167-5p	346.940240961203	232.627733029448	132.749973589615	140.540380484069	19.3212001458811	99.0421626486429	289.615409571437	181.92045822184	164.898609029636	167.567160627412	0	622.811841868285	80.5103136259576	115.947955577614
a109_gac-miR-ENSGACG00000022167-3p	126.745970382111	79.5163887446113	40.0606429175761	14.8916959453318	39.5206366620294	43.5785515654029	35.2575281217402	38.0285703627575	74.111734395342	44.0400870879736	0	21.4373641222779	35.6901390300637	17.2688444477298
a10_gac-miR-99a-5p	24163.3673704743	41824.7745606363	12527.984193969	18723.515458265	14813.2128572989	38566.2257980804	15052.4461131172	13313.0830245621	18446.4106910006	17175.6339643097	25938.8548716687	19153.7207020942	20531.7899810857	45586.0488753393
a57_gac-miR-99a-3p	12.8894207168249	34.6826801971177	0	7.4458479726659	0	0	0	0	5.55838007965065	7.51903925892232	0	2.25656464445031	0	16.0353555586062
a244_gac-miR-96-5p	7.51882875148117	0	0	0	23.7123819972177	0	0	0	5.55838007965065	0	0	0	0	13.5683777803591
a165_gac-miR-92a-3p	429151.114529898	538030.726059828	613696.843882371	588990.773643784	753656.784672161	361163.188628035	385839.499802831	448311.621412155	509347.716978867	1998422.0698695	1707411.27583602	1287535.98716027	708692.450694108	437833.665383297
a44_gac-miR-92a-2-5p	328.680228279034	211.479757299498	530.214391556154	262.466141036473	279.279165745008	240.8705395615	605.67396523418	473.815430735978	289.035764141834	627.302703887234	653.290729633275	152.318113500396	400.891561663273	311.455944503698
a181_gac-miR-9-5p	84.8553530524303	121.812340204511	87.1908110559009	108.895526600239	154.569601167048	64.9716586975098	143.548507352799	124.363703078207	100.050841433712	121.378776608318	0	130.880749378118	148.570578753056	22.202800004224
a46_gac-miR-9-1/3/5/6-3p	10.7411839306874	16.0724615547619	43.9881569291032	30.7141228872469	36.0076911809601	12.6773968190263	47.8495024509331	135.669494267135	27.7919003982533	26.8537116390083	0	34.9767519889798	0	41.938622230201
a167_gac-miR-8159-5p	1836.74245214754	785.858778124935	1766.59580238488	183.354006326898	0	320.104269680414	66.7374639447225	214.81003258963	389.086605575546	84.8577287792662	0	24.8222110889534	29.0501131640053	57.9739777888072
a125_gac-miR-737-5p	1182.60435076868	1231.65810651228	3183.64285774384	2415.2469361335	2827.92111226077	2014.91375692399	2702.2376910448	3860.41379141938	1804.62073252658	2813.19483130251	6376.85189955852	2104.24653094991	602.582347344796	1289.61263357868
a97_gac-miR-734-5p	0	0	0	0	0	0	20.1471589267087	34.9451727657771	0	0	0	10.1545409000264	0	0
a127_gac-miR-734-3p	0	0	0	0	0	0	30.220738390063	0	0	0	0	0	34.0301325635491	0
a177_gac-miR-730-5p	79.4847610870866	131.117449525689	82.4777942420684	127.510146531904	93.093055248336	141.036039611668	79.3294382739154	35.9729719647706	64.8477675959243	58.0040171402579	0	62.0555277223835	878.143420786218	102.996322241817
a168_gac-miR-727b-5p	3.22235517920622	14.3806234963659	0.785502802305413	10.2380409624156	0	10.3003849154589	93.1806100360276	40.0841687607444	50.0254207168559	5.37074232780166	0	7.89797625557608	0	24.6697777824711
a124_gac-miR-727b-3p	64.4471035841243	21.9938947591478	61.2692185798223	70.7355557403261	0	83.19541662486	181.324430340378	100.724321501358	87.0812879145269	66.5972048647406	0	14.667670188927	74.7002909931565	97.445622240761
a232_gac-miR-725-3p	4727.19504789552	544.771854803507	1948.04694971743	134.95599450457	987.137680180468	8418.58382513465	298.429791601872	1490.3088385405	333.502804779039	894.765671811757	82.6175629981191	1439.6882431593	42.330164896122	354.628055623023
a223_gac-miR-724-5p	264.23312469491	428.035028774184	261.572433167703	856.272516856579	159.839019388652	975.367217763835	2159.52359745659	3826.4964178526	166.75140238952	306.132312684695	0	75.5949155890854	664.832589839093	131.366566691659
a248_gac-miR-722-3p	1146.08432540434	419.575838482204	414.745479617258	314.587076845134	218.680856196563	263.055983994796	387.832809339142	317.589952488975	287.18297078195	125.675370470559	662.470458855288	20.3090818000528	65.5702554273263	150.485644473074
a217_gac-miR-7147-5p	6.44471035841243	0	4.71301681383248	0	67.6242005105837	10.3003849154589	0	0	18.5279335988355	0	0	0	160.190624018658	12.3348888912356
a156_gac-miR-7133-3p	1095.60076093011	292.687984102505	9850.99064371219	1901.48342601956	3853.701192733	414.392408521922	618.265939563373	888.018507930337	883.782432664453	1369.53929358942	813.935991018506	497.572504101293	585.98228267965	57.9739777888072
a99_gac-miR-7132b-5p	516.650947066063	181.872591277568	1769.7378135941	445.820147363371	1357.75342843328	205.215361007988	469.680642478896	437.842458771208	566.954768124366	365.210478290513	1975.17173760318	733.383509446351	185.090721016377	299.121055612463
a98_gac-miR-7132a-5p_gac-miR-7132b-5p	190.118955573167	120.966421175313	818.493920002241	247.574445091141	457.561148909274	128.358642792641	269.468250644729	139.780691063109	303.858111020902	143.935894385084	64.2581045540926	283.198862878514	39.0101519630928	209.693111151005
a100_gac-miR-7132a-5p	190.118955573167	51.6010607810775	267.070952783841	93.0730996583238	28.9818002188216	95.0804761426972	84.3662280055926	113.057911889279	142.665088711033	97.7475103659902	686.949736780657	100.417126678039	0	83.8772444604019
a202_gac-miR-7-5p	170.784824497929	98.1266073869671	286.708522841476	321.102193821217	1925.09412362597	193.330301490151	521.307737228587	557.067165854447	244.568723504629	612.264625369389	102.506976312481	425.362435478883	312.081215704743	317.623388949316
a105_gac-miR-551a-3p	369.496727215646	2834.67466684247	1176.68319785351	2329.61968444784	102.753655321277	1106.89520976123	1114.38972813357	3093.67558897027	277.919003982533	273.907858717885	3066.02956015242	4131.76986398852	25033.7275182733	865.292455720176
a224_gac-miR-499a-5p	349.08847774734	1217.27748301591	335.409696584412	1088.02453500581	178.281983164266	2384.14293927813	3032.14741846966	6435.05078489796	237.157550065094	533.851787383485	192.774313662278	364.435190078725	1600.24623372006	1379.6573224847
a182_gac-miR-489-3p	51.5576828672994	106.585797678947	58.1272073706006	116.341374572905	209.89849249389	563.351821145481	205.249181565845	107.918915894312	196.396096147656	143.935894385084	0	45.1312928890062	39.0101519630928	135.683777803591
a75_gac-miR-460-5p	423.202646869083	211.479757299498	131.964470787309	131.233070518237	50.0594731052373	130.735654696209	270.727448077648	95.5853255063904	287.18297078195	0	313.640748418785	81.2363272002111	124.500484988594	123.965633356918
a47_gac-miR-458-3p	151.450693422692	152.265425255639	200.30321458788	453.265995336037	469.856458093017	42.7862142642137	270.727448077648	133.613895869148	88.9340812744104	163.27056676517	200.424088013955	161.344372078197	966.123763511491	160.353555586062
a60_gac-miR-456-3p	459.72267223342	510.089174606389	721.877075318675	668.264855546765	832.56807901342	402.507349004085	765.59203921493	512.871800297729	463.198339970888	938.80575889973	856.774727387901	478.391704623466	868.18338198713	788.816144594515
a164_gac-miR-455-5p	849.627648917372	1274.79997700137	565.562017659898	711.078481389594	170.37785583186	759.851471840389	862.550241549715	720.487238494405	659.594436118544	368.432923687194	0	591.219936845981	793.483090993974	651.8988779018
a102_gac-miR-455-3p	1110.63841843308	1851.71675491441	709.309030481788	1352.35213803544	795.682151462193	1391.34430088814	1424.15229663172	853.073335164559	1504.46820822544	457.587246328701	585.972715338511	1157.61766260301	2834.46104157366	2713.05881162726
a155_gac-miR-454b-3p	223.416625758298	241.932842350626	214.442265029378	315.517807841718	705.223805324659	335.951015704197	143.548507352799	249.755205355407	276.066210622649	357.691439031591	0	221.14333515613	258.961008776276	156.653088918692
a1_gac-miR-451-5p	96209.85858556	190880.783019498	90484.4243059675	67583.1698548987	264338.60861402	114887.323997823	62530.4853213391	75524.7407404363	169714.018971973	352953.370150004	192453.023139507	342448.352465523	71880.7700097815	311019.906181393
a134_gac-miR-429a-3p	2213.75800811467	186.948105452756	922.965792708861	87.4887136788244	66.7459641403164	756.682122635632	278.282632675164	505.677205904775	214.924029746492	192.272575335299	390.138491935562	117.341361511416	44.8201745958939	54.2735111214365
a17_gac-miR-425-5p	25923.847416714	16791.4927295801	37231.261823672	30872.347156666	29110.0227288806	34226.5943994674	20819.5703558876	24561.3174583464	42756.9123660327	36314.8113236637	43435.4187688259	35546.5345617035	15578.3306850062	19146.8312814204
a247_gac-miR-375a-3p	25880.8826809912	3865.00404440563	20807.1837302681	2534.38050369616	2888.51942180922	26215.271947144	11609.8003315159	21312.4441903281	7383.38153913595	14659.9782579674	8908.92720996384	9765.28349885871	3914.2952480414	3022.04777835272
a116_gac-miR-365-2b-5p	190.118955573167	317.219635949247	124.894945566561	161.947193405483	118.561909986088	484.910428327756	530.122119259022	435.786860373221	251.979896944163	220.200435439868	338.120026344154	73.3383509446351	177.620691917061	197.974966704331
a136_gac-miR-365-2b-3p	4585.41142001044	7506.68546510298	1571.00560461083	3789.93661808695	7533.51158415308	13140.1218029208	2465.50857365597	3038.17443222462	4594.9275325112	5521.12311298011	729.788473150052	2232.87071568358	1733.04675104123	7516.2645458744
a205_gac-miR-34a-5p	0	23.6857328175438	4.71301681383248	13.0302339521653	0	23.7701190356743	0	0	3.7055867197671	33.2986024323703	0	19.1807994778276	23.2400905312042	31.4539666726507
a174_gac-miR-338-3p	288.937847735491	181.872591277568	189.306175355605	197.314971275646	187.064346866939	268.60234510312	246.802696852181	164.447871838951	92.6396679941775	85.9318772448266	171.35494547758	358.793778467599	1097.26427436614	470.576011200637
a3_gac-miR-338-1b-5p	4.29647357227495	17.7642996131578	0	4.65365498291619	0	35.6551785535114	0	0	5.55838007965065	16.112226983405	0	5.64141161112577	0	9.86791111298846
a4_gac-miR-338-1a-5p	20.408249468306	28.7612469927317	22.779581266857	30.7141228872469	43.911818513366	62.5946467939423	21.406356359628	25.6949799748361	11.1167601593013	27.9278601045686	0	24.8222110889534	1.66000646651459	67.8418889017957
a122_gac-miR-33-5p	8.59294714454991	6.76735223358394	10.2115364299704	19.545350928248	0	7.13103571070229	0	0	5.55838007965065	56.9298686746976	0	0	0	0
a43_gac-miR-31a-5p	2237.38861276218	451.720761591728	1188.46573988809	921.423686617406	1756.47274053464	1492.76347544035	1160.98003315159	2073.07098436978	1595.25508285974	1137.52322502839	1349.42019563594	1066.22679450277	522.902036952096	1261.8591335734
a214_gac-miR-30e-5p	6309.37144088577	3469.11393874097	7865.23955948411	3755.49957121337	10026.824639342	1913.49458237178	3864.47692162931	4561.37284513291	2177.03219786317	4092.50565378486	3488.29710436503	4202.8516502887	9083.55538476783	2870.32864499052
a95_gac-miR-30e-3p	4865.75632060138	4315.03296793896	7891.94665476249	8046.16946546209	14090.4243245689	5802.2860566081	6989.80495013499	8485.51018688988	5641.75578084541	6246.17332723333	4805.58824772393	8450.83459346641	56807.911293829	5342.85712323869
a212_gac-miR-30c-2-5p	19872.2643901647	15550.5295137467	24615.3013158447	23235.6993297005	82540.1670232039	24259.7834878092	25904.2095900157	21770.8426330792	24660.6796200501	23642.0077269829	25553.3062443442	27307.8170448154	27249.006147837	23364.7465377784
a211_gac-miR-30c-1-5p_gac-miR-30c-2-5p	147.154219850417	198.790971861528	246.6478799239	228.959825159477	818.516297089143	241.662876862689	254.357881449697	161.364474241971	231.599169985444	439.326722414176	358.009439658516	491.931092490167	595.942321478738	357.09503340127
a213_gac-miR-30c-1-5p	5954.91237117309	5536.54004610086	8049.04721522357	5330.2964174322	2582.01492858592	6208.75509211813	4492.81644065604	7094.89787065175	2482.74310224396	1452.24872543757	4611.28397919131	11963.1774625533	50951.4084799655	4501.00095641186
a210_gac-miR-30bb-5p	1559.61990673581	1175.82745058521	1413.11954134744	885.125177750659	3097.53967793284	1543.47306271645	1062.76263338388	757.488009658169	1180.22937024582	1029.0342300068	847.594998165888	1052.68740663607	1371.16534134105	743.177055696943
a89_gac-miR-30bb-3p	108.485957699943	54.9847368978695	71.4807550097926	105.172602613906	96.6060007294053	83.9877539260492	73.033451109319	104.835518297331	66.7005609558078	102.044104228232	454.396596489655	89.1343034557872	96.2803750578462	48.1060666758187
a208_gac-miR-30a-5p	33489.9373774902	29394.840345601	24612.9448074378	31153.4279176341	33801.5614188486	29509.8104454885	24041.856586728	23437.9329338465	23682.4047260315	36979.7092238456	31829.1811224605	51186.7841123886	35163.0869769453	40785.3101188704
a110_gac-miR-301c-5p	0	13.5347044671679	15.7100560461083	31.6448538838301	12.2953091837425	7.92337301189143	0	0	3.7055867197671	0	0	10.1545409000264	45.6501778291512	0
a111_gac-miR-301b-5p	23.6306046475122	5.92143320438595	14.1390504414974	23.2682749145809	0	11.092722216648	0	111.002313491292	3.7055867197671	51.5591263468959	0	47.3878575334565	0	9.86791111298846
a145_gac-miR-29b-1a/2a-3p	208.378968255335	12.6887854379699	98.1878502881767	80.0428657061585	105.388364432078	30.1088174451874	56.6638844813682	0	101.903634793595	24.7054147078876	338.120026344154	74.4666332668602	71.3802780601273	65.9916555681103
a107_gac-miR-29b-1a-5p	12.8894207168249	10.1510283503759	0	0	63.2330186592471	0.792337301189143	0	34.9451727657771	7.4111734395342	10.7414846556033	0	27.0787757334037	69.7202715936128	25.2865222270329
a146_gac-miR-29a-3p	495.168579204688	324.832907212029	288.279528446087	241.990059111642	698.19791436252	155.298111033072	182.583627773297	592.012338620224	226.040789905793	653.082267060682	443.686912397306	376.846295623202	888.103459585305	727.758444582899
a33_gac-miR-29a-3b-5p	51.5576828672994	37.2204372847117	27.4925980806895	177.769620347398	309.139202334097	34.0705039511332	1.25919743291929	27.750578372823	103.756428153479	172.937902955213	0	64.3120923668338	0	16.652100003168
a228_gac-miR-27e-3p	3806.67558503561	3318.54035154372	2915.00089935539	2785.67787277363	2015.5524697635	4953.69280703452	4436.15255617467	3602.43619247203	3129.36798484332	2003.28688827002	1943.04268532613	3120.82890327478	4037.13572656348	3282.93067840235
a59_gac-miR-27c-1-5p	1198.71612666471	842.5353530812	627.616739042025	1182.02836566071	483.030003647026	717.857594877364	1432.96667866215	269.283390136283	628.096949000524	516.66541193452	709.89905983569	750.307744279728	903.043517783937	1173.0479335565
a231_gac-miR-27c-1-3p	8164.37390571548	6564.33166657642	10121.9891105076	6609.12080673757	8006.88098772716	4927.54567609528	7835.98562505676	4039.25085204424	5745.51220899889	4457.71613207538	5305.88349032365	7310.14116569678	9008.02509054142	10309.5001352947
a36_gac-miR-27b-5p	690.658126743199	780.783263949747	432.026541267977	478.395732243784	219.55909256683	411.223059317165	1051.42985648761	239.477213365473	490.990240369141	374.877814480556	88.7373824794612	215.501923545005	525.392046651867	368.196433403382
a230_gac-miR-27b-3p	14317.9981796063	14872.1024523299	9437.81616969954	7354.63633500075	5476.68200498701	7463.81737720173	11616.0963186805	7495.7395582592	7101.75694843365	5887.40773973618	7981.7745585405	9722.40877061416	11082.2031704514	12347.8405245714
a42_gac-miR-27a-5p	196.563665931579	91.3592551533832	232.508829482402	186.146199316648	77.2848005835242	205.215361007988	185.102022639136	232.282618972519	135.253915271499	70.8937987269819	0	229.041311411706	215.800840646897	949.169700180577
a227_gac-miR-27a-3p_gac-miR-27b-3p_gac-miR-27e-3p	125.671851989042	63.4439271898494	136.677487601142	101.449678627573	9.66060007294053	104.588523756967	15.1103691950315	59.6123535416198	96.3452547139446	85.9318772448266	67.3180142947637	30.4636227000792	32.3701260970345	57.3572333442454
a229_gac-miR-27a-3p	851.77588570351	233.473652058646	919.038278697334	239.197866121892	402.232257582433	388.24527758268	434.423114357156	239.477213365473	227.893583265677	186.901833007498	201.954042884291	599.117913101557	956.163724712403	808.551966820492
a74_gac-miR-26b-3p	349.08847774734	323.986988182831	331.482182572884	216.860322203894	907.218170486142	491.249126737269	297.170594168953	292.922771713132	431.700852852867	1544.62549347576	287.631515623081	610.400736323809	63.9102489608117	393.482955630415
a73_gac-miR-26a-1b-3p	232.009572902847	126.041935350501	180.665644530245	183.354006326898	382.911057436552	141.828376912857	96.9582023347855	224.060225380571	294.594144221484	340.505063582625	442.156957526971	403.925071356605	104.580407390419	233.129400044352
a226_gac-miR-26-5p	108180.908076311	125650.274839982	113567.209654514	154864.330521485	258044.288548314	127666.139991402	131707.014693626	100986.410297101	132539.57299927	336394.297404926	141406.078890762	211705.253530717	187171.539122153	192316.336425477
a197_gac-miR-24-6-5p	157.895403781105	74.4408745694233	110.755895125063	104.241871617323	13.1735455540098	111.719559467669	94.4398074689469	226.115823778558	64.8477675959243	1.07414846556033	139.225893200534	177.140324589349	287.181118707024	105.463300020064
a196_gac-miR-24-4a-5p	5.37059196534369	0	0	0	46.546527624168	0	0	0	0	0	0	0	0	5.55070000105601
a206_gac-miR-24-3p	5990.35827814435	4542.58518679322	5248.72972500477	3345.97793271674	2821.7734576689	3638.41288706055	4011.80302128087	2382.43854326681	3779.69845416244	1907.68767483515	2917.62393772987	3982.8365974548	2858.53113533812	6499.86970123659
a198_gac-miR-24-3-5p	21.4823678613748	6.76735223358394	32.9911176968274	13.9609649487486	0	9.50804761426972	20.1471589267087	0	3.7055867197671	0	0	0	0	0
a199_gac-miR-24-2-5p	876.480608744091	521.932041015161	429.670032861061	519.347896093447	231.854401750573	572.859868759751	430.645522058398	418.314273990332	509.518173967976	417.843753102969	315.170703289121	742.409768024152	474.761849423173	631.546311231261
a119_gac-miR-23b-2-5p	836.738228200547	576.916777913031	244.291371516984	352.747047705047	98.3624734699399	236.116515754365	584.267608874552	302.172964504073	457.639959891237	229.867771629911	630.341406578242	205.347382644978	263.111024942562	308.372222280889
a50_gac-miR-23b-2-3p	14446.8923867745	14463.5235612273	8712.01158036934	6385.7453675576	3709.67042800916	7013.7697901263	7615.62607429588	4319.84003336945	6418.07619863662	3321.26705551255	3469.937645921	5253.28249228032	5868.95286236233	6640.48743459667
a49_gac-miR-23a-3p_gac-miR-23b-2-3p	87.0035898385678	49.0633036934836	133.53547639192	32.5755848804133	58.8418368079105	28.5241428428092	15.1103691950315	46.250963954705	79.6701144749927	62.3006110024993	267.742102308719	77.8514802335357	73.8702877598992	66.6084000126721
a51_gac-miR-23a-3p	102664.23600951	86324.3450915967	130643.255073832	80666.4554738692	60268.9709095949	96101.0065866288	76309.882829775	52714.7931171748	82549.3553562517	62868.8355407807	47260.3059446648	94105.5153675113	68613.8772836808	103133.856252954
a114_gac-miR-23a-3-5p	488.723868846276	247.854275555012	484.65522902244	295.041725916886	69.3806732511183	300.295837150685	209.026773864603	205.559839798689	244.568723504629	218.052138508747	870.544321220921	356.537213823149	487.211897922032	774.014277925032
a112_gac-miR-23a-2-5p	417.832054903739	216.555271474686	298.491064876057	302.487573889552	183.55140138587	289.203114934037	125.919743291929	194.254048609761	290.888557501717	170.789606024093	469.69614519301	625.068406512736	117.030455889279	541.501622325242
a118_gac-miR-23a-1-5p	185.822482000892	109.969473795739	131.178967985004	101.449678627573	0	138.6590277081	211.545168730441	77.0849399245084	72.2589410354585	63.3747594680596	30.5990974067108	223.399899800581	102.090397690647	75.8595666810988
a79_gac-miR-22b-5p	1834.59421536141	4217.75227958119	2021.88421313413	1854.94687619039	2602.21436510207	2471.30004240894	1939.16404669571	2848.03158041084	2742.13417262765	8164.60248672408	3554.08516378946	2359.2383357728	1528.86595565994	2947.42170056074
a14_gac-miR-22b-3p	83.7812346593616	132.809287584085	94.2603362766496	121.925760552404	252.053838266721	54.6712737820509	47.8495024509331	0	116.725981672664	205.162356922023	163.705171125903	63.1838100446087	260.621015242791	158.503322252377
a45_gac-miR-22a-5p	2902.26789807173	6876.47578835048	2336.0853340563	2731.6954749718	2531.95545548069	5767.42321535577	3042.22099793301	3334.18060153474	3307.23614739214	3207.40731816315	5755.69022220229	2288.15654947261	2216.10863279698	4695.27545644882
a13_gac-miR-22a-3p	205824.714716618	184481.405563615	178987.025041718	203102.256612401	63497.3678066975	212641.146194733	302042.429036918	220113.476456436	216430.350748077	119950.159149122	89352.4243373361	105097.241750629	141786.132324411	143236.430271695
a219_gac-miR-223-5p	1022.56071020144	499.092227226815	1702.97007539814	1274.17073432245	2332.59579943	917.526594777028	1134.53688706028	1085.35595413708	1461.85396094812	1406.06034141847	1294.34182030387	1201.62067316979	502.151956120663	597.625366780364
a173_gac-miR-223-3p	44044.2247077836	22447.3073587979	69130.5306252948	38272.5893104993	65201.1463650162	33385.9245229057	13587.9994986321	18938.2280406532	39455.2345987202	41897.1608991808	64328.482478128	36664.6623430286	13543.9927602925	29838.7129723434
a201_gac-miR-222c-5p	99.8930105553927	82.9000648614033	56.5562017659898	124.717953542154	268.7403293018	99.8344999498321	198.953194401248	151.086482252036	105.609221513362	69.8196502614216	0	124.111055444767	250.660976443703	64.7581666789868
a200_gac-miR-222a-5p	230.935454509779	94.7429312701751	141.390504414974	168.462310381566	249.419129155919	90.3264523355623	402.943178534174	187.059454216807	100.050841433712	17.1863754489653	0	362.178625434275	1103.9043002322	318.240133393878
a39_gac-miR-222-3p	12387.8074272618	8002.39401621301	8437.87110236475	6263.81960700519	7241.05887285406	9776.64995937284	7357.49060054742	6467.94035926575	7815.08239198882	3684.32923687194	6815.94894734482	7561.74812355299	16064.7125796949	10970.6501798649
a25_gac-miR-221a-5p	102.04124734153	62.5980081606514	47.9156709406302	16.7531579384983	0	21.3931071321069	57.9230819142875	37.000771163764	12.9695535191849	16.112226983405	140.75584807087	30.4636227000792	19.0900743649178	11.101400002112
a40_gac-miR-221-3p	13015.0925688139	7434.78234762115	6599.00904216778	4313.93816916331	5145.58689339623	6418.72447693325	3934.99197787279	4044.38984803921	4661.62809346701	2904.49745087514	7628.35498349299	3260.7359112307	8156.44177321943	5559.33442327987
a77_gac-miR-21a-3p	46.1870909019557	75.2867935986213	161.813577274915	32.5755848804133	50.0594731052373	7.13103571070229	50.3678973167717	19.5281847808755	59.2893875162736	34.3727508979306	0	16.9242348333773	182.600711316605	11.7181444466738
a238_gac-miR-218b-5p	1.07411839306874	5.07551417518795	0.785502802305413	0	43.911818513366	12.6773968190263	0	0	11.1167601593013	0	0	0	0	0
a237_gac-miR-218a-2-5p_gac-miR-218b-5p	25.7788414336497	24.5316518467418	0	4.65365498291619	19.3212001458811	14.2620714214046	0	12.3335903879213	3.7055867197671	0	0	33.8484696667546	0	17.2688444477298
a239_gac-miR-218a-2-5p	631.581615124418	621.750486460524	327.554668561357	588.221989840606	361.833384550136	496.003150544404	1169.79441518202	1027.79919899345	424.289679413333	634.821743146156	0	1101.20354649175	1402.70546420483	608.110022337914
a15_gac-miR-2188-5p	14225.6239978024	25062.8889970781	8854.18758758662	9635.85800762626	32098.6610969003	12735.2374420131	5710.46035828899	5230.47012367764	19476.5637990959	44293.5861258459	46969.614519301	32455.0409988066	12703.1994850029	36077.0830290858
a108_gac-miR-2188-3p	20231.0199334497	56744.2484786013	24789.6829379565	51812.8638487923	94932.960444046	45828.7895007801	59055.1004064819	57933.9574496635	96224.8231455522	178874.721524365	41746.3485919755	78301.6648801035	33848.3618554657	90908.7478728507
a5_gac-miR-2184-5p	169.710706104861	192.023619627944	87.9763138582063	104.241871617323	212.533201604692	111.719559467669	516.27094749691	209.671036594663	216.776823106375	81.6352833825852	0	163.600936722647	346.941351501549	381.148066739179
a142_gac-miR-217a-5p	169.710706104861	130.271530496491	346.406735816687	117.272105569488	21.955909256683	68.9333452034555	65.4782665118032	80.1683375214887	92.6396679941775	37.5951962946116	0	18.0525171556025	43.1601681293793	46.2558333421334
a135_gac-miR-216b-5p	36.5200253643371	30.4530850511277	64.4112297890439	15.822426941915	0	11.092722216648	0	0	0	0	0	0	48.1401875289231	14.8018666694827
a58_gac-miR-214a-3p	6273.9255339145	15153.7934890528	2707.62815954676	5231.63893179438	5511.8114597977	13444.3793265774	5078.34324696351	3402.0153486683	6979.47258668133	6060.34564269139	4602.1042499693	4955.41595921288	20491.1198226561	18883.4814035925
a27_gac-miR-212b-5p	10.7411839306874	4.22959514598996	11.7825420345812	17.6838889350815	0	10.3003849154589	0	0	0	0	0	11.2828232222515	0	0
a26_gac-miR-212a-5p	12.8894207168249	45.6796275766916	21.2085756622462	62.3589767710769	18.4429637756137	59.4252975891858	46.5903050180138	0	14.8223468790684	44.0400870879736	3.05990974067108	90.2625857780124	19.9200775981751	108.547022242873
a38_gac-miR-210-5p	4344.80889996305	2971.71354957255	3812.04509958817	3747.12299224412	3072.94905956536	3178.85725237084	1793.09714447707	1770.89801986571	2955.20540901426	3010.83814896561	2619.28273801444	2703.36444405147	3902.6752027758	3083.72222280889
a94_gac-miR-210-3p	561.76391957495	259.697141963784	626.83123623972	362.05435767088	1288.37275518216	197.291987996097	334.946517156532	222.004626982584	250.127103584279	517.73956040008	122.396389626843	429.875564767784	891.423472518334	326.874555617743
a52_gac-miR-21-5p	210295.19546857	179431.268959303	232802.607530465	245712.052366978	396607.153630871	237772.50071385	267459.830739222	234070.989578767	308488.241627251	248489.209428865	161059.879155092	224010.300536904	307897.999409126	309116.632825475
a126_gac-miR-20a-5p	191.193073966235	324.832907212029	395.107909559623	350.885585711881	1284.85980970109	205.215361007988	230.43313022423	141.836289461095	188.984922708122	428.585237758572	426.857408823615	317.047332545268	207.500808314324	134.450288914468
a203_gac-miR-206-1-3p	8857.18026924482	61428.1021432706	7810.25436332273	94242.0977900323	8594.421119436	94796.8193888715	39440.5819938981	58070.6547431297	17495.9276973804	11695.3284930209	5451.22920300552	832.672353802164	1199.35467205679	109477.072865272
a240_gac-miR-205-1a-3p	527.392130996751	90.5133361241852	377.826847908904	73.5277487300758	123.831328207692	1054.60094788275	279.541830108083	412.147478796372	81.5229078348762	80.5611349170249	188.184449051271	103.801973644714	31.5401228637772	40.7051333410774
a178_gac-miR-205-1-5p	33547.9397707159	13736.8791151462	20470.2030280791	3399.02959952199	4014.41844849192	92738.3270803821	6535.23467685113	14989.4235181204	9603.02798427644	13156.1704061829	16658.1486282133	22479.896988014	2670.95040462197	5028.31745651218
a101_gac-miR-204-2b-3p	100.967128948461	80.3623077738093	47.1301681383248	57.7053217881608	61.4765459187124	83.19541662486	212.80436616336	239.477213365473	200.101682867423	29.002008570129	0	13.5393878667019	0	17.8855888922916
a233_gac-miR-204-1/2b-5p	63119.4932502913	21013.4746043073	11459.7003828337	22623.2783339488	20842.3055391841	56874.7638166579	41000.7276132851	38409.883865584	75742.1925520395	30322.1370343026	9095.58170414478	8458.73256972198	1470.76572933193	10261.3940686189
a234_gac-miR-202-5p	71.9659323356055	87.1296600073932	51.0576821498519	27.9219298974971	0	0	10.0735794633543	120.252506282233	0	236.312662423273	0	267.402910367362	0	4.93395555649423
a67_gac-miR-200b-5p	108.485957699943	24.5316518467418	62.0547213821277	17.6838889350815	0	141.828376912857	0	37.000771163764	7.4111734395342	61.2264625369389	0	49.6444221779068	0	29.6037333389654
a133_gac-miR-200b-3p	63852.0419943642	9655.31979926588	35666.5402414796	4461.92439762004	7665.24703969317	56396.1920867397	11391.9591756208	28957.2146324413	11919.0196841309	16222.8642753577	12495.1414260303	12628.8640326662	2411.15939261244	2380.63355600847
a128_gac-miR-200a-3p	11482.3256219048	884.8313045411	6558.1628964479	422.55187244879	733.327369173213	4655.77398178741	2410.10388660753	3386.5983606834	1382.18384647313	996.809776039988	794.046577704144	1962.08295834954	143.590559353512	340.442933398102
a221_gac-miR-19c-3p	23.6306046475122	0	7.85502802305413	28.8526608940804	0	11.8850595178372	0	0	3.7055867197671	51.5591263468959	0	0	0	0
a220_gac-miR-19b-3p	410.313226152258	626.826000635712	398.249920768845	469.088422277952	1324.38044636312	237.701190356743	287.097014705599	293.950570912125	376.117052056361	1457.61946776537	1122.98687482628	332.843285056421	288.841125173539	139.384244470962
a157_gac-miR-19b-2-5p	118.153023237561	90.5133361241852	69.9097494051818	106.103333610489	214.289674345226	112.511896768858	70.5150562434804	170.614667032912	94.4924613540611	237.386810888833	284.57160588241	101.545409000264	102.920400923905	28.3702444498418
a106_gac-miR-19a-1-5p	0	0	0	0	0	0	0	0	1.85279335988355	11.8156331211637	0	0	39.8401551963501	0
a222_gac-miR-19a-1-3p	51.5576828672994	201.328728949122	132.749973589615	109.826257596822	338.121002552918	39.6168650594572	39.0351204204981	35.9729719647706	133.401121911616	343.727508979306	238.672959772344	99.2888443558136	73.8702877598992	72.1591000137281
a72_gac-miR-199-5p	8467.27529256086	12665.0997051523	4577.12482903364	6270.33472398127	4925.14956445913	10704.4769390653	9179.54928598164	3834.71881144454	7463.05165361094	4613.46765958163	6462.52937229731	8682.13246952256	29278.3640531511	27850.9456275208
a20_gac-miR-199-3p	37524.3260618564	79716.025635502	26443.9518396117	52283.8137330634	28065.7996846328	74245.1744706275	71679.8138689307	55282.2355162604	56941.8983293012	47910.2440093875	20804.3263268226	27663.2259763163	59544.4319538783	58110.8950554999
a153_gac-miR-196d-5p	175.081298070204	95.5888502993731	56.5562017659898	158.22426941915	94.8495279888706	229.777817344852	483.531814241008	211.72663499265	264.949450463348	185.827684541937	0	30.4636227000792	0	185.023333368534
a69_gac-miR-196d-3p	528.466249389819	539.696340628319	116.254414741201	456.058188325787	130.857219169831	818.484432128385	372.722440144111	510.816201899742	548.426834525531	358.765587497151	318.230613029792	119.597926155866	0	513.1313778754
a154_gac-miR-196a-5p	1061.22897235191	929.665013088594	487.797240231662	779.952575136753	641.112550295144	2427.72149084354	780.702408409961	1301.1937859257	1165.40702336675	772.312746737879	133.106073719192	503.213915712419	38.1801487298356	811.018944598739
a216_gac-miR-194b-5p	40.8164989366121	17.7642996131578	8.64053082535955	0	0	11.092722216648	17.6287640608701	0	3.7055867197671	0	0	0	63.9102489608117	0
a215_gac-miR-194a-5p	7052.66136888934	3535.09562301841	3361.16649106486	1244.38734243179	449.657021576868	1076.78639231605	808.404751934186	999.020821421629	1902.81878060041	399.583229188444	2634.5822867178	168.114066011548	1015.92395750693	600.092344558611
a71_gac-miR-194a-3p	141.783627885073	15.2265425255639	27.4925980806895	14.8916959453318	0	34.0705039511332	0	0	35.2030738377875	0	0	0	0	0
a207_gac-miR-193a-2-5p	611.173365656112	1998.90666599486	224.653801459348	790.190616099169	687.659077919312	2247.8609234736	758.036854617414	868.490323149461	1189.49333704524	1272.86593168899	405.438040638918	479.519986945691	932.093630947942	1185.38282244774
a195_gac-miR-190b-5p	0	12.6887854379699	65.9822353936547	5.58438597949943	0	0	0	0	0	0	0	0	0	0
a131_gac-miR-18c-5p	122.449496809836	40.6041134015036	423.386010442618	237.336404128726	644.625495776213	130.735654696209	168.732456011185	28.7783775718165	148.223468790684	293.242531097971	131.576118848856	42.8747282445559	111.220433256477	14.8018666694827
a130_gac-miR-18a/b-5p	205.156613076129	56.6765749562655	281.995506027643	80.9735967027417	105.388364432078	106.965535660534	16.3695666279508	23.6393815768492	96.3452547139446	129.9719643328	0	137.650443311469	59.7602327945252	16.0353555586062
a32_gac-miR-18a-3p	92.3741818039115	142.114396905263	173.596119309496	87.4887136788244	217.802619826296	144.997726117613	80.5886357068347	96.6131247053839	203.807269587191	586.485062195941	533.954249747103	157.959525111522	63.9102489608117	113.480977799367
a76_gac-miR-184-5p	62.2988667979868	7.61327126278193	45.559162533714	0	37.7641639214948	101.41917455221	3.77759229875788	0	24.0863136784862	6.44489079336199	0	10.1545409000264	0	0
a204_gac-miR-184-3p	22711.1593030454	2740.7776546015	10626.2819095876	886.986639743826	2648.76089272624	32302.007094879	5332.7011284132	11531.9070127065	4398.53143636355	4159.10285864961	1907.85372330842	5996.8205426267	589.302295612679	1259.39215579515
a159_gac-miR-183-5p	918.371226073771	236.857328175438	665.320873552685	360.192895677713	458.439385279541	1052.22393597918	428.127127192559	624.901912988015	415.025712613915	447.919910138658	0	516.753303579121	179.280698383576	189.957288925028
a243_gac-miR-182b-5p	6.44471035841243	8.45919029197992	0	9.30730996583238	0	32.4858293487549	23.9247512254666	83.2517351184691	27.7919003982533	82.7094318481456	0	23.6939287667282	0	12.9516333357974
a241_gac-miR-182a-5p_gac-miR-182b-5p	50.4835644742307	14.3806234963659	91.118325067428	10.2380409624156	0	80.8184047212926	11.3327768962736	65.7791487355805	9.26396679941775	26.8537116390083	0	13.5393878667019	0	0
a242_gac-miR-182a-5p	645.545154234312	104.048040591353	286.708522841476	146.124766463568	180.038455904801	621.192444132288	209.026773864603	577.623149834316	172.30978246917	176.160348351894	0	148.93326653372	0	51.1897888986276
a87_gac-miR-181b-3-3p	60.1506300118494	0	10.2115364299704	3.72292398633295	0	2.37701190356743	35.2575281217402	0	0	0	0	0	0	0
a8_gac-miR-181b-2/3-5p_gac-miR-181c-5p	3612.26015589017	2020.05464172481	2209.61938288513	2149.0578711107	1662.50144891604	2388.89696308527	2253.96340492553	2369.07715367989	2184.44337130271	1278.2366740168	764.977435167769	1605.5457445264	4160.80620831882	1681.86210031997
a7_gac-miR-181b-1-5p	1677.77292997337	1044.71000105952	1086.35037558839	1315.12289817212	1113.60371749896	1213.06840812058	1519.85130153359	694.792258519569	1395.15339999231	708.937987269819	208.073862365633	900.369293135673	1607.71626281938	1108.90651132208
a6_gac-miR-181a-5p	14653.1231182437	10867.5217681066	12185.5049721639	13959.1034867554	12877.5798972297	11910.4143114752	13632.0714087843	7650.93723730721	10140.3380586427	7980.92309911327	10983.5460141388	20008.9587023409	36895.3037247533	21920.3310486147
a23_gac-miR-181a-3-3p	517.725065459132	495.708551110024	292.992545259919	452.335264339454	175.647274053464	530.073654495537	586.78600374039	531.372185879611	466.903926690655	539.222529711287	555.3736179318	607.015889357133	618.352408776684	580.973266777196
a21_gac-miR-181a-2-3p_gac-miR-181a-3-3p	60.1506300118494	69.3653603942354	94.2603362766496	53.0516668052446	39.5206366620294	92.7034642391298	17.6287640608701	92.5019279094101	57.4365941563901	77.3386895203439	0	68.8252216557344	37.3501454965783	37.0046666737067
a22_gac-miR-181a-2-3p	1965.63665931579	2389.72125748433	1391.12546288289	1654.839711925	353.051020847463	2352.44944723057	2281.66574844976	1415.27949701397	2056.60062947074	1139.67152195951	406.967995509253	2139.22328293889	7265.0183007011	1263.70936690708
a24_gac-miR-181a-1-3p	388.830858290883	295.225741190099	520.002855126184	257.812486053557	591.053077189907	392.999301389815	376.500032442868	200.420843803722	376.117052056361	135.342706660602	197.364178273284	218.88677051168	254.810992609989	117.181444466738
a2_gac-miR-17a-5p	143.931864671211	87.1296600073932	305.560590096806	130.302339521653	887.018733969994	114.888908672426	0	40.0841687607444	114.87318831278	65.5230563991802	0	156.831242789297	346.941351501549	75.8595666810988
a115_gac-miR-1788-5p	11.8153023237561	0	0	0	0	14.2620714214046	0	43.1675663577247	0	0	0	0	0	0
a150_gac-miR-16c-5p	83334.401407845	134660.15841997	139135.325869556	263041.332792362	485118.449735522	157413.651627247	182547.111047743	168786.212257903	249556.443229435	562066.445128358	240040.739426424	235335.998487401	151424.129868994	195324.199081604
a149_gac-miR-16a-5p_gac-miR-16c-5p	4929.12930579244	7250.37199925599	8619.3222496973	12517.401173048	21624.8141450922	7806.10709131544	8223.8184343959	7886.3032538767	11020.4149045874	24331.6110418726	7828.77907150695	10971.4173013174	5860.65283002976	10353.2889908586
a151_gac-miR-16a-5p	5389.92609641893	4683.00774564009	8936.66538182869	8504.08911578105	35443.8634312485	4963.99319194998	4674.14087099641	4268.45007341978	7802.11283846963	15954.3271589676	12974.0173004454	10146.6429237708	8165.57180878526	8938.47723503386
a152_gac-miR-15c-5p	33340.6349208536	55282.5003961472	64745.0684800237	75911.3508123255	119550.804139009	46072.8293895463	50286.0494836319	48149.3090752459	65429.5447109277	161829.059524388	145151.408413344	81621.0714720899	89636.1991756215	84513.7247271897
a147_gac-miR-15b-1-5p	88.0777082316365	149.727668168045	65.1967325913493	67.0126317539931	382.911057436552	61.009972191564	12.5919743291929	124.363703078207	118.578775032547	155.751527506248	341.179936084825	311.405920934143	356.071387067379	622.295144562835
a148_gac-miR-15a-2-5p	26205.266435698	25760.7721961665	38056.0397660927	40906.5580308299	76793.8664525448	21549.9899177423	19020.1772242459	17203.3029927523	31358.5276160291	78604.036412774	47180.7482914073	41748.7024869752	25170.6780517607	27738.081394166
a225_gac-miR-155-5p	1791.62947963866	250.392032642606	2481.4033524828	2068.08427440796	5471.41258676541	643.377888565584	2344.62562009572	2129.59994031442	2177.03219786317	1079.51920788813	589.032625079182	833.800636124389	1515.58590392782	495.245788983108
a16_gac-miR-152a-5p	800.21820283621	1108.15392824937	831.061964839127	886.055908747243	1146.09846319885	1117.19559467669	990.988379707483	538.566780272565	794.848351390043	1022.58933921344	463.576325711668	920.678374935726	708.82276120173	914.632011285118
a169_gac-miR-152a-3p	2911.93496360935	2696.7898650832	3031.25531409659	1739.53623261407	1502.66242952739	846.216237670005	2345.88481752864	2006.26403643521	1156.14305656734	1857.20269695381	907.263238108974	1003.04298445816	865.693372287358	351.544333400214
a29_gac-miR-150-5p	12010.7918712946	25750.6211678161	8788.20535219297	2671.19796019389	1493.88006582471	3868.98304170659	2086.49014634727	8604.73489397312	3090.45932428576	6938.99908751974	23622.5031979807	3828.26191930995	2337.28910485254	3369.274900641
a78_gac-miR-150-3p	34.3717885781996	87.9755790365912	28.2781008829949	7.4458479726659	0	0	0	132.586096670154	7.4111734395342	36.5210478290513	0	18.0525171556025	42.330164896122	27.1367555607183
a170_gac-miR-148a-3p	3207.31752170325	2672.25821323646	2778.32341175425	1358.86725501153	1284.85980970109	1173.45154306112	2089.00854121311	2024.76442201709	1341.42239255569	1450.10042850645	1418.26816480104	590.091654523756	1272.39495658343	602.559322336858
a183_gac-miR-146a-5p	95250.6708605496	26189.6531439698	48033.496360976	44637.8585961321	20560.3916643282	23389.7971311035	60022.1640349639	48913.991679297	27721.4942505777	14346.3269060238	14487.1426672072	57263.7126998933	119276.444638473	30649.7319169422
a53_gac-miR-146a-3p	1059.08073556578	391.66051051867	648.039811901966	507.248393137865	370.615748252809	541.958714013374	666.115442014306	341.229334065824	468.756720050538	398.509080722883	1060.25872514253	658.91687617949	3120.81215704743	596.39187789124
a121_gac-miR-145-5p	2766.92898054507	8778.94768501676	2907.14587133234	2699.11989009139	2829.67758500131	3486.28412523223	1327.19409429693	1562.25478247004	1988.04727515505	2299.75186476467	1892.55417460506	3100.51982147473	5981.83330208532	3828.13276739496
a113_gac-miR-145-3p	2455.43464655514	3852.31525896766	2412.27910587992	3322.70965780216	1110.09077201789	2665.42268120028	2528.46844530194	3504.79526856765	2230.76320529979	1399.61545062511	1548.31432877956	3127.59859720813	3038.64183695496	1838.51518923866
a48_gac-miR-144-5p	7410.34279378123	6561.79390948883	7327.9556427072	11617.384299352	105422.615650519	7088.24949643808	14936.5999492886	12448.7038982086	14214.6306570266	21419.5945517386	8047.56261796493	15191.1931864395	8788.90423696149	11190.8279465735
a80_gac-miR-144-3p	603.654536904631	850.148624343982	878.192132977452	396.491404544459	4355.17416015564	335.158678403008	895.289374805617	594.067937018211	698.503096676098	1526.36496956123	1865.01498693902	833.800636124389	1384.44539307317	954.720400181633
a120_gac-miR-143-5p	33.2976701851309	50.7551417518795	63.6257269867385	14.8916959453318	134.3701646509	22.9777817344852	0	0	20.3807269587191	17.1863754489653	0	7.89797625557608	0	26.5200111161565
a55_gac-miR-143-3p	37558.6978504346	77214.6430661635	44955.1108787411	57304.1767286334	40409.41186874	38970.3178216868	66573.768278443	57472.4756093155	32548.0209530743	21824.5485232548	13205.040485866	47109.1717998669	188311.963564648	50719.212887427
a66_gac-miR-142-5p	1203.01260023699	281.691036722931	2995.90768799285	1107.56988593405	5494.24673239236	257.509622886472	769.369631513688	726.654033688366	589.188288442969	893.691523346196	686.949736780657	766.10369679088	1826.00711316605	492.778811204861
a218_gac-miR-142-3p	257.788414336497	245.316518467418	1223.02786318953	491.42596619595	2362.45583601909	110.134884865291	107.03178179814	365.896514841666	361.294705177292	482.292661036589	869.014366350586	232.426158378382	392.5915293307	154.186111140445
a65_gac-miR-140-5p	118.153023237561	1042.17224397193	181.451147332551	151.709152443068	1093.40428098281	167.183170550909	200.212391834167	316.562153289981	153.781848870335	172.937902955213	0	267.402910367362	341.131328868748	335.508977841608
a139_gac-miR-140-3p	3339.43408405071	24035.0973766026	3481.34841981759	4336.27571308131	14189.6650344091	3483.11477602747	5753.27307100825	3185.14971768069	4854.3186028949	9670.55863543967	2845.7160588241	18131.4969181582	13446.8823820014	11639.8179022145
a180_gac-miR-139-5p	1674.55057479416	990.571183190849	974.808977661018	808.805236030834	682.389659697708	789.960289285576	1104.31614867022	730.76523048434	711.472650195283	455.438949397581	2056.25934573096	1991.4182987274	1112.20433256477	859.74175571912
a54_gac-miR-1388-3p	857.146477668853	273.231846430952	2239.46848937273	4186.4280226314	3451.46893515057	244.832226067445	1172.31281004786	575.567551436329	980.127687378398	677.78768176857	1459.5769463001	828.159224513264	2015.24785034871	356.478288956708
a160_gac-miR-135c-5p	316.864925955278	126.041935350501	48.7011737429356	109.826257596822	40.3988730322967	80.0260674201035	265.690658345971	94.557526307397	125.989948472081	12.889781586724	206.543907495298	3.38484696667546	143.590559353512	14.1851222249209
a162_gac-miR-135b-5p	5.37059196534369	26.2234899051378	15.7100560461083	15.822426941915	0	53.0865991796726	39.0351204204981	0	3.7055867197671	88.0801741759472	0	22.5656464445031	0	11.101400002112
a163_gac-miR-135a-2-5p	0	0	0	0	0	0	0	0	0	0	0	7.89797625557608	11.6200452656021	31.4539666726507
a161_gac-miR-135a-1-5p	0	74.4408745694233	0	27.9219298974971	0	23.7701190356743	0	0	11.1167601593013	7.51903925892232	0	4.51312928890062	0	5.55070000105601
a246_gac-miR-133b-3p	5.37059196534369	104.893959620551	5.49851961613789	53.0516668052446	59.7200731781778	87.1571031308058	36.5167255546595	1.02779919899345	9.26396679941775	5.37074232780166	71.9078789057703	0	0	268.283833384374
a41_gac-miR-133a-5p	32.2235517920622	284.228793810525	62.8402241844331	220.583246190227	0	140.243702310478	35.2575281217402	76.0571407255149	11.1167601593013	70.8937987269819	0	0	42.330164896122	123.348888912356
a245_gac-miR-133a-3p_gac-miR-133b-3p	24.704723040581	131.117449525689	2.35650840691624	80.0428657061585	0	67.3486706010772	0	47.2787631536985	12.9695535191849	0	3.05990974067108	0	0	377.447600071809
a236_gac-miR-133a-3p	2221.27683686615	23461.5642748063	1677.04848292206	22052.7402330432	1493.88006582471	19888.4585971487	3032.14741846966	4691.90334340508	1528.55452190393	2569.36312962031	2264.3332080966	310.277638611918	761.942968130196	61633.7393228368
a64_gac-miR-130c-3p	62.2988667979868	0	47.9156709406302	20.4760819248312	201.994365161484	27.73180554162	18.8879614937894	0	31.4974871180204	32.22445396681	108.626795793823	64.3120923668338	58.9302295612679	42.5553666747627
a104_gac-miR-130c-2-5p	128.894207168249	98.1266073869671	186.164164146383	221.513977186811	352.172784477196	332.78166649944	118.364558694413	380.285703627575	226.040789905793	183.679387610817	84.1475178684546	53.0292691445823	78.850307159443	209.076366706443
a30_gac-miR-130b-5p	6519.89864592724	8689.28026792178	7781.97626243973	6852.97232784238	5072.69327466404	12362.8389104542	7893.90870697104	10224.5464315868	11248.308487853	11637.3244758806	4467.46822137977	5754.23984334829	6308.02457275544	6973.52943466003
a62_gac-miR-130b-3p	52.6318012603682	42.2959514598996	79.3357830328468	44.6750878359954	74.6500914727223	22.185444433296	0	134.641695068141	20.3807269587191	70.8937987269819	206.543907495298	90.2625857780124	156.040607852371	109.780511131997
a70_gac-miR-1306-5p	149.302456636555	394.198267606264	156.315057658777	112.618450586572	100.118946210475	135.489678503343	115.846163828575	483.065623526919	192.690509427889	678.86183023413	1970.58187299217	197.449406389402	148.570578753056	194.891244481522
a12_gac-miR-129-1b/2-3p	20.408249468306	0	7.85502802305413	0	0	9.50804761426972	0	0	0	0	0	0	0	8.6344222238649
a96_gac-miR-129-1a/2-5p	0	13.5347044671679	12.5680448368866	65.1511697608267	22.8341456269503	12.6773968190263	11.3327768962736	0	29.6446937581368	48.3366809502149	0	67.6969393335093	0	60.4409555670543
a117_gac-miR-128-2-5p	5.37059196534369	0	18.0665644530245	2.79219298974971	0	7.92337301189143	0	86.3351327154494	3.7055867197671	0	0	0	0	3.70046666737067
a166_gac-miR-128-2-3p	21218.1347366799	26771.6454360581	28483.9026171989	33311.7930987107	38531.7425091084	21831.2696596645	36353.02988838	34646.08319887	33467.0064595766	84575.2277328239	55131.9237525411	32524.9945027845	20077.778212494	26703.1842161913
a68_gac-miR-126b-5p	3098.83156400331	3347.30159853646	3878.02733498183	1603.64950711292	1478.0718111599	2714.54759387401	1208.82953560252	2273.4918281735	1624.89977661787	1855.05440002269	3638.23268165791	5308.56832606935	2985.52163002649	3532.09543400531
a179_gac-miR-126b-3p	90219.5003074156	87497.6347850943	136810.237574732	83221.3120594902	76995.8608177063	101190.981409468	123042.477157709	123552.769510201	71708.661407573	50139.1020754252	78410.1871046963	230299.346200987	143889.360517485	168175.72537644
a175_gac-miR-125b-2/3-5p	93256.0330046209	227135.180772865	56281.2757851829	80971.7352407485	57990.8257651215	196999.615531958	63559.2496240342	83274.3467008469	117068.748444242	94620.6641827441	84661.5827048873	112605.960605037	100615.481945149	157570.187907755
a28_gac-miR-125b-2-3p	526.318012603682	603.986186847367	119.396425950423	320.171462824634	124.70956457796	578.406229868075	1098.02016150562	941.464066277996	466.903926690655	293.242531097971	696.12946600267	90.2625857780124	78.0203039261857	347.227122288281
a176_gac-miR-125a-5p	50102.2524446913	83413.5377121264	37852.5945402956	43802.9928921969	24947.1823338135	101495.238933125	65861.0625314107	65575.6444941798	70213.457166147	39348.2065904061	77299.4398688327	140441.813776654	137630.306135491	121153.278689716
a61_gac-miR-125a-1-3p_gac-miR-125a-2-3p	54.7800380465057	128.579692438095	45.559162533714	61.4282457744937	98.3624734699399	106.173198359345	10.0735794633543	134.641695068141	70.4061476755749	55.8557202091373	27.5391876660397	66.5686570112841	158.530617552143	120.881911134109
a129_gac-miR-124-3p	45.112972508887	16.0724615547619	75.4082690213197	13.9609649487486	86.9454006564647	15.8467460237829	0	0	11.1167601593013	3.222445396681	0	13.5393878667019	0	0
a123_gac-miR-122-5p	662090.873961143	409379.130504252	366566.665237856	154723.790141001	5652.32927904048	118401.339928597	220384.734709535	181543.255915809	367581.233047377	95537.9869723326	923191.598264037	3751.53872139864	39582.0241908071	10493.9067242187
a11_gac-miR-122-3p	3046.19976274294	1803.49937025012	1878.13720031224	560.300059943109	0	558.597797338346	526.344526960264	287.783775718165	1263.60507144058	201.939911525342	2103.68794671136	68.8252216557344	434.091690993565	155.419600029568
a141_gac-miR-10c-5p	3901.19800362566	7246.14240411	7188.92164669914	6513.2555140895	1521.105393303	4696.97552144924	5389.36501289457	6667.33340387048	2366.01712057129	1902.31693250735	2923.74375721121	12636.7620089217	39248.3628910377	1762.038878113
a140_gac-miR-10b-5p	34158.0390179789	50003.9656539517	29827.1124091412	53405.3445839462	23821.2833071308	75218.9570137889	69560.5845893276	68855.3517381679	53240.0171962538	36732.6550767667	13480.4323625264	55734.8901532782	51993.8925409367	43299.1604749042
a132_gac-miR-10545-5p	20.408249468306	10.1510283503759	0	13.9609649487486	33.3729820701582	17.4314206261612	21.406356359628	0	11.1167601593013	0	0	9.02625857780124	43.9901713626366	0.616744444561779
a90_gac-miR-10545-3p	152.524811815761	36.3745182555137	20.4230728599407	18.6146199316648	0	42.7862142642137	147.326099651557	23.6393815768492	46.3198339970888	52.6332748124563	0	29.335340377854	54.7802133949814	65.9916555681103
a37_gac-miR-103-3p	2404.95108208091	2877.81653733157	3374.52003870406	2764.27105985222	5232.5322940527	1773.2508800613	2275.36976128516	2049.43160279293	2243.73275881898	4289.07482298241	2457.10752175887	2176.45659957232	3552.41383834122	1313.04892247203
a172_gac-miR-101b-5p	759.401703899598	910.20887541704	702.23950526104	740.861873280257	1756.47274053464	523.734956086024	467.162247613057	356.646322050725	772.61483107144	2380.3129996817	4008.48176027911	1198.23582620311	839.133268823125	1050.31578908871
a19_gac-miR-101b-3p	182.600126821686	190.331781569548	241.934863110067	51.1902048120781	240.636765453246	15.8467460237829	44.0719101521752	40.0841687607444	88.9340812744104	117.082182746076	0	121.854490800317	23.2400905312042	28.9869888944036
a138_gac-miR-101a-3p	9706.80791816219	13208.1797218975	15688.847470446	9271.01145696563	12094.1930549513	4800.77170790502	9483.01586731519	9657.20127374241	7683.53406343708	30720.6461150255	6979.65411847073	11502.8382750855	7949.77096813837	5286.11663433901
a9_gac-miR-100-2-5p	73782.2665382847	145664.719070807	49259.6662353748	110429.371282608	46492.9552055817	135612.490785028	98422.6489492706	105411.085848768	79942.4750988955	77717.8639286867	30335.9451690131	114697.796030443	208480.212129567	111806.516632382
a18_gac-miR-1-3p	14732.6078793308	68225.9074619057	13072.3376359667	148194.71219997	10361.4326964138	88697.4068443175	63814.8667029168	98053.0713831737	14109.0214355132	13953.1885676287	5541.49654035532	1674.37096618213	3242.82263233625	135893.470914742
a194_gac-let-7j-5p	8137.52094588876	4802.282328757	10825.7996213732	15538.5539879572	26266.293361955	7384.58364708282	13813.3958391246	10588.3873480305	11680.0093407059	13825.364900227	8453.00065860385	10504.3084199162	9374.88651964114	9185.17501285857
a92_gac-let-7j-3p	169.710706104861	152.265425255639	211.300253820156	161.0164624089	616.521931927659	177.483555466368	195.17560210249	136.697293466128	137.106708631383	329.763578927022	362.599304269523	221.14333515613	166.830649884716	308.988966725451
a192_gac-let-7i-5p	1734.70120480601	1460.05624439573	1629.13281198143	2655.37553325198	1517.59244782193	2089.39346323577	4405.9318177846	3015.56284984677	1711.9810645324	931.286719640808	954.691839089376	1813.14969181582	5355.18086097606	2500.89872269801
a184_gac-let-7h-1-5p	21973.2399670072	17770.2210463622	30210.4377766662	40716.6889075269	37073.8701344647	29435.3307391767	49238.3972194431	40267.1170181652	35855.2571004665	40269.8259738568	47541.8176408065	14218.6138246814	41017.9297843422	20725.6970594986
a82_gac-let-7h-1-3p	1975.30372485341	1976.06685220651	2193.90932683902	935.384651566154	1730.12564942662	1626.66847934131	740.408090556544	1501.61462972942	1271.01624488012	2668.18478845186	3685.66128263831	1384.40240937026	508.791981986722	1023.79577797255
a191_gac-let-7g-5p	62306.3856267383	56965.033345222	76163.1372143352	131403.394290611	153733.520142554	87508.1085552326	139323.899965355	125712.175627286	119175.37449443	187788.005491585	115445.804650909	89415.2457540213	63530.1074799798	111445.104387869
a84_gac-let-7g-1-3p	2.14823678613748	19.4561376715538	5.49851961613789	0	0	7.92337301189143	1.25919743291929	0	9.26396679941775	23.6312662423273	0	11.2828232222515	0	0
a186_gac-let-7f-5p	16609.0927120219	10771.9329178072	21034.1940401344	32548.5936815124	41125.1745105078	20178.4540493839	33281.8473494898	33179.4137419064	23274.7901868572	25244.6372375989	18835.2744087008	16132.1806431753	23339.6909191951	14740.8089694711
a185_gac-let-7e-5p	123824.368352964	92220.4007251067	175325.796480173	254901.159496245	309981.431013183	153683.327613249	317198.129339534	277335.169061197	214812.862144899	264349.011522863	113993.87747896	146254.724300758	252854.674989202	118169.469066926
a83_gac-let-7e-1-3p	110.63419448608	89.6674170949872	160.242571670304	115.410643576322	381.154584696017	208.384710212745	146.066902218638	257.977598947355	246.421516864512	404.953971516245	368.719123750865	260.633216434011	230.740898845528	51.1897888986276
a193_gac-let-7d-5p	51133.4061020373	64563.0780654784	42280.4738368912	53713.4165438152	28864.1165452058	97489.9738756134	158901.901652384	150611.639022101	86831.1608109426	51469.9720242544	52682.4660051339	28269.1135833512	137582.995951196	54728.0517770786
a91_gac-let-7c-2/d-3p	457.574435447283	473.714656350876	136.677487601142	188.938392306397	70.2589096213857	593.460638590668	274.505040376406	179.864859823853	224.18799654591	189.050129938618	353.419575047509	283.198862878514	86.3203362587586	233.129400044352
a189_gac-let-7c-2-5p	37172.0152289298	56856.7557094847	22042.7796382945	44745.8233917358	22539.9364429108	80207.5126620758	86117.7716347833	86657.8616639333	66037.2609329695	34584.358145646	52186.7606271452	12387.41161571	51916.7022402438	53634.5638768705
a190_gac-let-7b-5p	140062.890219377	219905.956749339	105998.890154302	107826.116685165	58448.3869140307	278497.05332037	473847.326784426	454579.140927617	262972.519948352	146815.686421252	444257.585563941	54673.1764880643	308705.592555085	229007.696921346
a81_gac-let-7b-1-3p	6688.53523363903	9660.39531344107	4442.80384983942	2116.48228623028	1126.77726305297	5766.63087805459	2559.94838112492	4156.41996072949	3175.68781884041	3622.02862586944	18250.8316482326	3857.5972596878	3277.68276813306	4131.57103411936
a187_gac-let-7a-5p_gac-let-7c-2-5p	1257.79263828349	1435.52459254899	1017.22612898551	2246.78462575194	1232.16562748505	1286.75577713117	1495.92655030812	1856.20535338216	2319.69728657421	2536.06452718794	2088.38839800801	2175.3283172501	2239.34872332818	2233.2316337582
a188_gac-let-7a-5p	626133.686634774	640692.305362326	729900.986444225	1171835.93051713	1041521.5891729	981964.218133536	1302153.6941459	1413951.58044887	1184959.5516936	1370298.71655457	1447216.44090266	602732.929661967	1028686.91722473	784817.173615976
a85_gac-let-7a-5-3p	496.242697597757	394.198267606264	867.980596547482	509.109855131031	1478.0718111599	553.843773531211	249.32109171802	441.953655567181	548.426834525531	648.785673198441	690.009646521328	656.66031153504	161.020627251915	401.500633409718
a158_gac-let-7a-3/7-3p	520.947420638338	908.517037358644	391.965898350401	423.482603445373	660.433750441025	965.859170149566	265.690658345971	301.145165305079	476.167893490072	611.190476903829	411.55786012026	442.286670312261	337.811315935719	331.191766729675
a267_REV_gac-let-7b-5p_gac-let-7c-2-5p	12.8894207168249	0	0.785502802305413	0	0	7.13103571070229	12.5919743291929	0	22.2335203186026	6.44489079336199	1.52995487033554	0	0	0.616744444561779
a257_REV_gac-let-7f-3p	30.0753150059247	32.1449231095237	19.6375700576353	11.1687719589989	15.8082546648118	54.6712737820509	52.8862921826103	0	18.5279335988355	24.7054147078876	136.165983459863	9.02625857780124	0	0
a253_REV_gac-miR-103a-5p	0	0	5.49851961613789	12.0995029555821	30.7382729593562	0	0	0	0	26.8537116390083	0	10.1545409000264	0	0
a252_REV_gac-miR-10c-3p	0	3.38367611679197	0	0	0	0	0	0	7.4111734395342	0	0	4.51312928890062	43.1601681293793	11.7181444466738
a260_REV_gac-miR-132-3p	32.2235517920622	18.6102186423558	19.6375700576353	27.9219298974971	24.590618367485	11.092722216648	13.8511717621122	0	12.9695535191849	62.3006110024993	0	10.1545409000264	48.9701907621804	48.7228111203805
a250_REV_gac-miR-181b-2/3-5p	73.0400507286742	65.9816842774434	32.9911176968274	29.7833918906636	123.831328207692	20.6007698309177	91.9214126031083	92.5019279094101	48.1726273569723	0	0	9.02625857780124	159.360620785401	46.8725777866952
a268_REV_gac-miR-190a-5p	40.8164989366121	23.6857328175438	10.2115364299704	20.4760819248312	129.978982799563	30.1088174451874	23.9247512254666	31.8617751687968	1.85279335988355	33.2986024323703	0	15.7959525111522	0	0
a261_REV_gac-miR-191-5p	41688.6830717839	24092.619870588	55793.4785449512	54714.8830961388	39285.2693147978	39279.3293691506	31384.2368180804	41423.3911170328	65175.7120206237	58451.9370503966	66975.3044038085	40047.2527450596	19203.784807874	24867.1360047309
a251_REV_gac-miR-193a-2-3p	0	6.76735223358394	0	3.72292398633295	0	9.50804761426972	0	0	0	0	0	0	29.8801163972626	0
a269_REV_gac-miR-27b-3p_gac-miR-27c-1-3p	55.8541564395744	42.2959514598996	32.9911176968274	24.1990059111642	28.1035638485543	55.46361108324	0	210.698835793656	12.9695535191849	80.5611349170249	0	33.8484696667546	0	108.547022242873
a264_REV_gac-miR-459-5p	36.5200253643371	0	0	0	0	0	0	0	11.1167601593013	0	0	0	88.8103459585305	0
a255_REV_gac-miR-460-3p	26.8529598267185	7.61327126278193	24.3505868714678	0	23.7123819972177	0	30.220738390063	0	9.26396679941775	0	286.101560752746	20.3090818000528	0	0
a256_REV_gac-miR-730-3p	10.7411839306874	9.30510932117792	0	0	43.0335821430987	0	0	0	0	0	0	12.4111055444767	40.6701584296074	4.93395555649423
a254_REV_gac-miR-7bb-3p	0	0	0	5.58438597949943	57.9636004376432	0	0	0	0	3.222445396681	0	0	0	23.4362888933476
