Gene	D15_M_MP	D21_M_MP	D22_M_MP	D24_M_MP	D46_M_MP	D48_M_MP	D50_M_MP	D52_M_MP	D57_M_MP	D60_M_MP	D27_G_F	D28_G_F	D29_G_F	D31_G_F	D35_G_F	D36_G_F	D38_G_F	D41_G_F	D44_G_F
a103_gac-miR-ENSGACG00000022167-5p	74	23	85	174	1679	2510	632	279	369	123	17	140	126	165	105	185	44	63	110
a109_gac-miR-ENSGACG00000022167-3p	31	0	13	108	97	237	21	80	0	41	10	12	8	49	14	32	2	6	6
a10_gac-miR-99a-5p	34550	9234	6869	28990	22479	10294	4547	34760	27312	6076	10957	19585	19082	36703	16242	27910	70371	13548	10300
a57_gac-miR-99a-3p	32	4	0	43	0	14	0	0	0	2	10	11	21	38	9	1	66	0	3
a244_gac-miR-96-5p	0	0	6	7	0	0	24	93	0	4	2	0	0	1	0	0	0	34	0
a165_gac-miR-92a-3p	991058	635762	1081384	1334883	254512	601260	226980	624539	1884054	230932	734628	490084	632707	418813	365763	787878	731993	1277953	528429
a44_gac-miR-92a-2-5p	391	59	88	193	55	102	79	538	832	74	173	364	556	175	228	299	312	780	208
a181_gac-miR-9-5p	97	51	55	154	22	0	26	63	77	35	77	52	32	313	72	192	255	87	108
a46_gac-miR-9-1/3/5/6-3p	0	17	17	24	7	12	0	16	0	4	0	2	25	27	6	39	59	40	20
a167_gac-miR-8159-5p	148	22	26	397	12	77	0	33	181	24	20	259	12	148	149	134	81	295	64
a125_gac-miR-737-5p	7387	1046	1606	2578	1683	3722	204	2392	5596	660	1227	1743	2314	1139	940	1375	1331	4591	647
a177_gac-miR-730-5p	198	81	103	240	31	91	30	51	698	52	75	198	207	75	84	209	233	96	180
a168_gac-miR-727b-5p	6	2	0	0	2	0	4	0	0	1	0	0	47	26	8	1	14	5	0
a124_gac-miR-727b-3p	39	9	8	67	45	17	0	90	0	2	1	43	40	27	11	54	133	1	16
a232_gac-miR-725-3p	157	381	657	2190	35	173	354	12294	393	1391	2162	33	107	1022	229	501	1964	6454	108
a223_gac-miR-724-5p	164	332	454	154	23	147	30	1266	244	284	506	99	350	442	84	482	774	1464	1076
a248_gac-miR-722-3p	94	55	13	903	98	33	28	1591	69	33	28	220	109	109	35	292	120	85	185
a217_gac-miR-7147-5p	0	47	30	14	0	56	0	18	0	9	8	28	0	2	0	12	4	0	2
a156_gac-miR-7133-3p	364	403	741	1056	132	684	160	705	1059	161	1017	180	724	100	367	735	398	486	463
a99_gac-miR-7132b-5p	260	271	454	419	263	1145	330	904	594	100	1368	214	786	580	1051	963	870	640	488
a98_gac-miR-7132a-5p_gac-miR-7132b-5p	60	121	214	226	58	508	77	313	245	60	494	88	239	156	463	391	309	382	172
a100_gac-miR-7132a-5p	93	83	98	150	82	193	58	487	283	34	222	35	199	183	260	193	117	144	118
a202_gac-miR-7-5p	465	274	419	886	64	161	575	331	1826	154	318	113	206	455	99	200	157	256	179
a105_gac-miR-551a-3p	6482	364	711	1764	2080	2961	584	2615	38442	2266	2844	5591	8131	630	973	5071	2225	2782	3920
a224_gac-miR-499a-5p	853	928	311	2913	2882	546	819	3115	1654	1748	1159	1674	1187	2809	231	14712	3730	1868	2677
a182_gac-miR-489-3p	69	41	26	101	54	82	21	126	3	28	91	69	134	31	73	96	279	265	57
a75_gac-miR-460-5p	57	70	35	505	37	69	5	77	90	31	68	192	58	135	75	171	100	46	190
a47_gac-miR-458-3p	188	174	117	508	48	217	53	361	456	120	275	206	60	89	76	242	103	199	220
a60_gac-miR-456-3p	861	452	652	794	97	404	170	738	929	220	512	487	791	501	426	926	890	1128	452
a164_gac-miR-455-5p	1153	208	448	962	115	346	20	687	779	229	304	690	409	680	421	855	1185	394	494
a102_gac-miR-455-3p	1268	281	561	1179	1110	788	265	2035	1773	452	439	958	659	566	547	1102	1350	309	576
a155_gac-miR-454b-3p	558	563	688	238	100	656	119	147	373	42	224	115	108	119	47	124	429	687	177
a1_gac-miR-451-5p	460481	172562	261529	274686	187655	322778	47681	321820	278573	83486	241087	180487	248214	274938	92855	117984	406458	324730	51506
a134_gac-miR-429a-3p	23	84	223	425	15	46	44	3703	102	69	135	23	15	153	67	44	76	286	89
a17_gac-miR-425-5p	30920	33872	42177	27380	16202	39234	6054	197029	42637	7684	30368	13176	26631	15212	21423	24883	49107	61608	20816
a247_gac-miR-375a-3p	3406	5019	10121	16842	464	3356	60255	100697	7188	3451	5712	2204	2502	4867	4375	3046	6958	27535	3275
a116_gac-miR-365-2b-5p	252	61	69	76	121	127	24	347	188	28	63	444	105	142	175	274	108	188	42
a136_gac-miR-365-2b-3p	5337	456	396	3462	3214	1488	391	2072	4757	783	1881	1382	2625	4370	1266	6285	17909	2693	933
a205_gac-miR-34a-5p	0	5	0	17	0	21	0	77	62	3	15	31	12	16	6	16	73	38	8
a174_gac-miR-338-3p	615	131	64	420	274	334	52	214	606	167	126	239	119	346	61	337	634	149	123
a4_gac-miR-338-1a-5p	29	1	6	20	30	15	0	60	70	9	11	24	25	29	12	20	49	24	30
a43_gac-miR-31a-5p	638	248	1366	2256	187	577	170	2800	1322	433	1441	828	1498	910	467	1628	1884	1677	607
a214_gac-miR-30e-5p	5025	3172	3600	8798	2811	5757	1135	9760	6158	2872	2880	1567	1214	1018	1110	2372	2687	2112	1538
a95_gac-miR-30e-3p	9366	3820	5664	11174	3598	7370	3356	19613	18995	4206	4874	5934	5932	3125	3148	10817	7555	8704	5648
a212_gac-miR-30c-2-5p	20223	22867	23971	42085	7690	23895	11646	45034	57316	8991	26815	12507	16753	15620	8688	33973	24590	39949	17221
a211_gac-miR-30c-1-5p_gac-miR-30c-2-5p	775	281	228	602	150	426	172	628	1043	152	465	486	273	454	139	522	501	515	282
a213_gac-miR-30c-1-5p	12502	2982	3339	12394	4483	8805	2047	32424	35652	4754	3709	6120	5756	3423	1748	8546	4646	4034	6913
a210_gac-miR-30bb-5p	1571	834	592	1888	427	746	421	3076	2098	515	862	924	649	558	297	1545	1581	1293	373
a89_gac-miR-30bb-3p	126	76	66	166	120	128	23	140	109	36	65	46	50	81	29	91	127	50	26
a208_gac-miR-30a-5p	39972	24888	37076	61834	25640	36834	11416	97390	68163	14701	34363	26155	27254	27013	15492	70536	62207	45303	25278
a110_gac-miR-301c-5p	0	4	13	2	41	0	0	0	0	0	14	0	0	4	0	3	8	76	1
a111_gac-miR-301b-5p	9	9	38	0	0	13	0	68	0	0	2	0	13	6	33	6	50	21	21
a143_gac-miR-29b-2b-3p	0	0	0	0	0	0	0	57	0	2	0	2	0	0	3	1	0	0	1
a145_gac-miR-29b-1a/2a-3p	47	71	19	194	60	82	67	184	262	13	82	26	35	73	31	94	89	17	33
a107_gac-miR-29b-1a-5p	40	9	30	21	0	31	9	85	0	7	54	49	52	17	19	31	21	22	22
a144_gac-miR-29a-3p_gac-miR-29b-1a/2a-3p	13	1	5	0	0	1	6	13	0	4	1	7	0	7	4	0	5	0	0
a146_gac-miR-29a-3p	1516	306	413	580	344	596	107	1118	2021	146	389	297	279	265	132	264	715	153	76
a33_gac-miR-29a-3b-5p	110	55	57	146	29	57	50	124	445	15	48	53	68	47	14	75	64	115	24
a228_gac-miR-27e-3p	3991	1345	1240	3751	2047	1515	578	9943	3367	1319	818	1316	1606	2095	857	2184	4901	1937	1560
a59_gac-miR-27c-1-5p	492	557	880	706	307	838	228	1241	843	230	468	299	292	379	406	795	1265	646	379
a231_gac-miR-27c-1-3p	7243	12342	11635	9857	3766	8288	1756	10092	5311	4510	6635	3316	3876	4686	4641	5204	12414	4728	4219
a36_gac-miR-27b-5p	334	223	312	590	159	282	87	1149	865	157	207	251	236	333	218	404	640	447	306
a230_gac-miR-27b-3p	10640	5510	7552	16247	3502	4998	2737	25261	11387	5054	4221	5116	5219	5406	4617	6822	10760	6408	4067
a42_gac-miR-27a-5p	204	59	109	214	6	123	20	408	277	89	74	107	98	62	231	187	172	263	69
a227_gac-miR-27a-3p_gac-miR-27b-3p_gac-miR-27e-3p	168	45	91	140	12	105	3	230	236	57	39	26	49	40	53	136	128	25	71
a229_gac-miR-27a-3p	577	298	471	1068	488	632	169	1794	1067	685	236	220	71	131	217	217	297	247	167
a74_gac-miR-26b-3p	880	345	378	407	208	663	151	367	848	137	230	262	372	186	139	174	311	814	69
a73_gac-miR-26a-1b-3p	216	245	284	383	57	158	67	200	217	102	256	141	211	109	98	319	396	311	111
a226_gac-miR-26-5p	344753	169085	235151	232387	119012	212832	48560	290884	253433	61408	155305	123039	151036	96248	54526	191156	266607	213662	70901
a197_gac-miR-24-6-5p	60	50	66	234	52	60	15	363	246	156	33	98	43	59	68	80	88	45	32
a206_gac-miR-24-3p	4382	3075	3818	4537	2404	3303	787	10568	3391	1630	2481	1583	1664	2461	1789	1948	6226	3062	1811
a198_gac-miR-24-3-5p	0	16	8	37	0	13	6	65	0	3	13	0	0	17	11	6	25	36	0
a199_gac-miR-24-2-5p	769	396	534	586	298	379	141	754	555	194	337	261	355	589	403	567	1132	530	432
a119_gac-miR-23b-2-5p	187	58	74	159	75	164	92	503	366	116	66	258	248	145	171	170	199	255	90
a50_gac-miR-23b-2-3p	8029	2380	3822	8634	2903	3663	1189	15924	11294	1828	2017	4585	2740	4129	2962	3962	5652	3439	2577
a49_gac-miR-23a-3p_gac-miR-23b-2-3p	65	50	57	103	24	71	9	0	126	22	34	31	33	14	53	68	86	43	18
a51_gac-miR-23a-3p	119710	69556	98806	86143	35836	76090	13754	129168	120630	29768	44133	60636	38990	58473	51005	58613	111291	68989	45467
a114_gac-miR-23a-3-5p	656	87	150	400	64	484	34	984	389	130	144	390	183	193	182	338	340	363	238
a112_gac-miR-23a-2-5p	181	197	400	213	208	522	36	575	527	103	171	126	181	303	179	171	481	125	76
a118_gac-miR-23a-1-5p	160	13	19	83	45	18	14	126	81	22	37	60	55	222	56	88	124	32	28
a79_gac-miR-22b-5p	6791	1237	2241	2543	1179	1539	506	2821	4708	643	1498	3493	4108	1992	1556	2353	4421	6803	1189
a14_gac-miR-22b-3p	259	132	135	198	45	138	39	193	13	30	73	108	98	112	56	102	236	231	52
a45_gac-miR-22a-5p	5896	732	1009	5281	893	1327	315	3784	3482	951	1131	3599	3204	2113	1371	3411	5862	4421	1019
a13_gac-miR-22a-3p	114069	39338	62802	272223	50796	48994	14610	257065	154365	52657	35130	68791	73495	104895	66388	155545	237791	129189	106072
a219_gac-miR-223-5p	916	2285	2115	1033	308	2495	165	820	1265	351	1152	350	447	792	801	843	1754	2641	768
a173_gac-miR-223-3p	39678	47952	64021	33591	10734	59933	6386	40154	28337	7982	71416	16901	33812	32267	39008	36222	105419	106510	22038
a201_gac-miR-222c-5p	74	57	75	180	4	23	9	58	85	51	54	46	46	21	18	125	123	115	47
a200_gac-miR-222a-5p	99	115	144	357	46	709	119	226	234	98	140	68	32	34	46	160	115	61	108
a39_gac-miR-222-3p	7032	2670	3908	12364	3263	7965	2223	16984	12100	2879	4013	5997	6348	4704	3386	9843	8494	8002	4957
a25_gac-miR-221a-5p	10	38	17	19	0	0	0	83	0	12	7	40	2	20	0	4	1	0	0
a40_gac-miR-221-3p	4618	2119	2876	9089	1164	3818	1159	6755	5266	1566	3599	5556	5590	3526	1882	7798	6165	6654	3068
a77_gac-miR-21a-3p	0	22	11	46	0	38	19	145	0	37	11	5	0	5	10	14	0	32	4
a237_gac-miR-218a-2-5p_gac-miR-218b-5p	6	11	6	44	0	29	7	59	99	11	19	0	0	1	4	4	12	0	9
a239_gac-miR-218a-2-5p	821	418	260	1529	132	448	226	2168	818	269	303	244	254	795	110	407	405	145	272
a15_gac-miR-2188-5p	50745	20031	46392	27085	8753	21316	6622	21249	17468	8182	35686	30548	38235	31969	10481	21453	69073	46500	8249
a108_gac-miR-2188-3p	136354	54636	112940	102918	44002	48608	14432	128867	87356	34464	59560	76469	78741	79053	28203	66658	178443	154404	27285
a5_gac-miR-2184-5p	297	98	90	507	260	165	47	223	189	122	68	50	82	147	89	159	294	115	76
a142_gac-miR-217a-5p	81	10	0	107	11	16	7	37	0	8	11	36	25	88	33	59	39	40	36
a135_gac-miR-216b-5p	24	0	1	3	31	0	4	9	0	0	7	7	15	2	0	3	5	0	7
a58_gac-miR-214a-3p	14652	1105	1308	7209	5005	3524	1790	8386	9919	1600	2938	8852	7702	7734	7109	5627	14956	7049	3926
a27_gac-miR-212b-5p	4	0	1	4	0	0	74	21	0	0	0	0	0	16	0	0	20	0	2
a26_gac-miR-212a-5p	29	17	25	131	71	95	4	23	84	11	39	73	44	107	17	104	146	0	56
a38_gac-miR-210-5p	3365	2201	2654	3732	2368	1938	577	5782	5183	1015	2037	2374	2227	2124	1191	3605	4388	3210	2266
a94_gac-miR-210-3p	477	753	573	1081	15	733	326	273	394	223	683	250	379	203	143	540	563	387	212
a52_gac-miR-21-5p	202333	181408	212867	284965	85032	277075	54787	404544	346689	99862	157103	117849	133790	157583	148233	227448	329855	366226	131629
a126_gac-miR-20a-5p	506	338	358	751	90	1094	146	128	481	180	400	197	125	92	64	281	263	215	105
a203_gac-miR-206-1-3p	28243	271	1100	16496	46479	6011	9623	1487	3082	2571	2566	33001	14571	91455	2536	120134	92268	30863	20393
a240_gac-miR-205-1a-3p	11	37	30	296	0	60	38	1453	86	61	63	8	51	88	29	40	148	288	49
a178_gac-miR-205-1-5p	5101	3010	6146	53536	1100	3475	3150	198196	25002	10425	20050	2657	4607	8402	3558	11247	29948	55127	5353
a101_gac-miR-204-2b-3p	9	0	1	0	0	0	0	0	119	0	0	16	30	10	13	10	26	34	25
a233_gac-miR-204-1/2b-5p	12851	852	1334	19391	9042	5373	916	5383	21285	826	3258	1166	3456	5338	2717	11975	13166	10405	9844
a234_gac-miR-202-5p	324	49	11	14	0	83	0	23	152	23	17	0	2	48	4	22	31	0	43
a67_gac-miR-200b-5p	5	15	26	25	0	13	11	826	102	9	20	0	0	22	1	12	2	44	10
a133_gac-miR-200b-3p	1975	3413	9175	23478	441	2254	3774	145057	12821	4707	6678	1260	1007	5325	2027	2244	4776	31823	2417
a128_gac-miR-200a-3p	140	574	1367	3571	26	133	290	26961	1433	1034	1155	81	84	905	211	276	607	2043	358
a221_gac-miR-19c-3p	37	0	2	2	0	0	0	0	0	0	2	0	0	5	0	2	9	7	0
a220_gac-miR-19b-3p	1456	450	484	944	41	432	109	240	481	251	636	425	423	40	68	414	397	817	114
a157_gac-miR-19b-2-5p	126	88	91	235	123	46	47	84	244	45	55	103	138	55	52	67	100	308	25
a222_gac-miR-19a-1-3p	312	139	115	313	28	82	24	150	108	69	98	37	16	3	12	50	37	391	26
a72_gac-miR-199-5p	11190	3192	4488	21129	7827	4550	3025	11476	10602	5355	7452	9044	10038	8204	7879	10033	22478	4661	5287
a20_gac-miR-199-3p	67346	11212	19639	61556	20388	21813	5559	29433	62323	12519	14825	44853	29720	40640	31774	35960	87705	32608	29109
a153_gac-miR-196d-5p	130	4	20	29	99	14	14	23	0	15	8	79	44	120	35	88	305	28	79
a69_gac-miR-196d-3p	412	23	40	121	173	68	53	71	166	14	59	189	135	323	136	234	793	228	136
a154_gac-miR-196a-5p	1082	103	164	595	397	254	55	149	779	95	100	701	443	1196	291	614	900	546	116
a216_gac-miR-194b-5p	4	0	5	10	0	0	0	0	0	0	11	2	2	3	17	0	6	15	2
a215_gac-miR-194a-5p	255	216	64	5723	520	325	181	721	3054	182	277	1736	778	984	441	1066	225	372	1254
a71_gac-miR-194a-3p	0	1	0	25	0	0	0	0	0	2	1	13	0	30	5	8	0	15	1
a207_gac-miR-193a-2-5p	1273	122	96	611	298	315	71	230	526	144	406	950	1537	1687	618	1134	4295	950	339
a131_gac-miR-18c-5p	38	76	116	169	41	178	50	248	127	21	209	33	27	68	44	104	88	52	51
a130_gac-miR-18a/b-5p	86	165	207	224	0	268	49	71	0	69	126	17	53	38	32	40	138	112	37
a32_gac-miR-18a-3p	171	124	168	228	31	120	64	153	374	86	166	115	131	50	78	129	125	406	73
a76_gac-miR-184-5p	0	1	3	0	0	0	0	35	67	5	12	0	0	12	0	0	0	0	0
a204_gac-miR-184-3p	438	1180	2626	6928	207	919	574	8100	7208	2441	2532	256	363	3256	1462	698	2944	17537	291
a159_gac-miR-183-5p	233	156	381	1103	30	136	350	6111	322	132	395	67	91	460	91	276	599	382	244
a243_gac-miR-182b-5p	80	6	28	37	0	18	0	0	0	1	22	0	0	9	0	14	12	10	6
a241_gac-miR-182a-5p_gac-miR-182b-5p	0	16	10	35	0	13	12	170	1	1	13	4	0	6	7	18	2	0	4
a242_gac-miR-182a-5p	44	30	72	333	33	34	117	2108	425	61	78	20	8	97	36	42	206	233	73
a87_gac-miR-181b-3-3p	6	0	5	23	0	26	0	0	0	0	7	0	0	0	0	0	0	0	3
a8_gac-miR-181b-2/3-5p_gac-miR-181c-5p	1607	1179	1319	3446	640	1265	279	11338	3349	676	1023	1809	1903	1725	839	2368	3292	1801	1860
a7_gac-miR-181b-1-5p	800	682	774	1019	239	742	193	1358	1289	343	582	540	535	585	365	650	910	984	467
a6_gac-miR-181a-5p	13793	15493	14951	24575	9047	14105	4865	57172	18814	5485	16089	12194	13413	13529	7193	17695	26996	14290	13597
a23_gac-miR-181a-3-3p	527	247	474	587	108	380	106	510	660	162	368	310	394	472	293	598	966	738	358
a21_gac-miR-181a-2-3p_gac-miR-181a-3-3p	142	28	48	69	26	61	10	99	181	32	40	105	75	61	44	188	189	155	61
a22_gac-miR-181a-2-3p	1545	452	601	2862	835	854	216	5562	2674	826	702	1223	993	847	663	3106	2600	1592	1703
a24_gac-miR-181a-1-3p	127	183	167	320	33	220	60	1314	339	71	229	71	117	109	54	234	345	213	102
a2_gac-miR-17a-5p	297	157	110	265	40	355	64	170	0	68	105	36	78	58	79	164	181	170	66
a31_gac-miR-17a-1-3p	19	3	20	0	0	0	0	0	191	0	4	12	13	6	0	3	12	0	0
a115_gac-miR-1788-5p	0	0	3	0	0	0	0	26	0	0	0	0	0	0	0	0	0	31	0
a150_gac-miR-16c-5p	329043	252911	344638	298756	74262	270599	76157	179884	458349	63681	244875	158362	210284	128152	82089	190396	279133	377826	125561
a149_gac-miR-16a-5p_gac-miR-16c-5p	18140	11689	16406	14786	5845	16368	2997	14983	16488	3484	11388	8931	7133	6971	4557	8629	14792	13817	5425
a151_gac-miR-16a-5p	9883	11120	15422	15286	5295	10353	3911	8657	18213	3484	9059	4663	5068	5039	3134	6403	7045	11721	4324
a152_gac-miR-15c-5p	101428	74835	145003	171269	34562	68038	34409	90140	158910	37086	105889	74467	101621	48799	46996	94455	111205	179681	57189
a147_gac-miR-15b-1-5p	355	329	447	689	193	317	215	356	155	199	696	296	169	218	88	240	685	279	106
a148_gac-miR-15a-2-5p	70544	58372	65710	60814	8952	41298	12221	25319	36787	13991	56312	29705	39143	30538	20874	37537	62530	57125	24202
a225_gac-miR-155-5p	542	401	562	1331	132	1399	496	1938	1625	230	704	165	328	286	321	1075	665	414	423
a16_gac-miR-152a-5p	956	429	614	1448	274	689	202	931	1246	241	549	413	415	440	399	710	1173	966	376
a169_gac-miR-152a-3p	1961	832	1209	3221	197	994	154	664	575	838	792	656	529	633	581	583	1057	986	507
a29_gac-miR-150-5p	9354	924	2164	15122	1005	2432	882	289263	13481	996	4491	7931	3117	2848	2747	4688	4248	7173	5554
a78_gac-miR-150-3p	2	0	1	4	0	0	0	624	68	3	11	22	9	7	3	5	8	0	14
a170_gac-miR-148a-3p	818	569	711	3544	335	407	231	1409	3438	671	474	868	454	590	330	845	784	962	584
a183_gac-miR-146a-5p	37344	27416	27329	66170	14462	40222	12521	105725	92886	33805	17306	15515	13237	15192	9754	40792	24951	22793	39473
a53_gac-miR-146a-3p	1469	447	337	1065	237	283	217	2794	1672	551	414	390	566	327	156	725	575	721	473
a121_gac-miR-145-5p	14238	2290	2749	9301	2932	3314	912	9999	7055	1371	2672	6666	2246	1821	1890	5626	5075	3107	2019
a113_gac-miR-145-3p	4783	2209	2534	6724	1755	2318	281	5467	6095	916	1415	4019	1499	1517	1627	3549	2730	3100	2679
a48_gac-miR-144-5p	10985	10750	17366	28440	9719	20973	5863	9507	29623	9054	8745	3407	5218	3344	1776	5155	4330	21062	3323
a80_gac-miR-144-3p	1665	941	858	2314	822	1412	505	996	360	1261	667	208	175	210	111	137	222	344	141
a120_gac-miR-143-5p	138	50	33	50	0	33	5	35	0	26	46	38	16	1	0	41	90	111	31
a55_gac-miR-143-3p	69992	35884	42075	158194	45062	60269	14818	139549	127747	28918	23691	47936	17451	18360	21069	84307	68504	35801	43884
a66_gac-miR-142-5p	931	1039	827	2086	463	1614	456	1524	1182	536	741	136	128	160	378	454	311	308	262
a218_gac-miR-142-3p	510	329	416	1131	151	628	126	410	67	231	490	82	98	53	156	169	222	228	127
a65_gac-miR-140-5p	347	219	320	555	151	350	167	552	415	112	185	60	132	39	68	151	248	289	51
a139_gac-miR-140-3p	11026	8845	10971	13167	2893	17789	5224	5552	10188	3662	9831	4520	5366	6377	2922	7542	14542	10719	3222
a180_gac-miR-139-5p	2011	781	1072	1995	502	1172	206	2445	606	324	933	1025	1471	1137	1458	1052	1728	2005	807
a54_gac-miR-1388-3p	246	523	1495	2499	117	751	553	1964	1689	204	1074	289	647	179	400	1473	1015	423	635
a160_gac-miR-135c-5p	0	28	0	93	11	40	52	77	48	34	49	15	20	16	1	20	22	67	24
a162_gac-miR-135b-5p	18	1	4	26	9	31	1	0	0	7	5	15	0	6	0	2	14	0	0
a161_gac-miR-135a-1-5p	89	5	1	32	0	7	3	17	101	0	4	14	0	0	0	9	53	0	0
a246_gac-miR-133b-3p	73	6	4	31	34	0	17	19	0	0	4	7	19	238	0	436	512	57	30
a41_gac-miR-133a-5p	214	1	0	79	54	17	15	0	27	14	40	41	41	261	4	187	424	102	23
a245_gac-miR-133a-3p_gac-miR-133b-3p	115	0	0	41	64	35	13	0	0	7	3	38	15	200	5	508	878	108	36
a236_gac-miR-133a-3p	16457	427	387	7266	10130	1712	3647	1041	1122	1494	3024	7211	6651	46906	423	54975	102348	12615	6777
a64_gac-miR-130c-3p	53	45	48	23	25	33	7	81	65	21	25	19	15	10	9	4	39	20	15
a104_gac-miR-130c-2-5p	196	116	136	115	64	270	21	113	259	32	116	71	90	93	63	73	199	400	123
a30_gac-miR-130b-5p	9418	5902	7467	4696	2823	8382	1481	5452	15224	1628	5296	3574	4648	2973	3976	3910	10311	15267	4783
a62_gac-miR-130b-3p	121	191	92	77	19	258	28	43	57	13	54	11	16	35	20	27	79	95	38
a70_gac-miR-1306-5p	735	108	218	161	198	163	18	245	874	37	152	252	395	73	80	79	162	453	66
a12_gac-miR-129-1b/2-3p	5	0	5	7	0	0	0	14	0	0	0	0	7	5	0	17	34	0	0
a96_gac-miR-129-1a/2-5p	28	2	6	17	0	0	55	34	0	8	16	13	0	180	0	54	47	0	13
a117_gac-miR-128-2-5p	0	0	0	8	0	0	0	58	0	0	2	5	0	0	0	1	5	0	4
a166_gac-miR-128-2-3p	55605	19579	37613	40393	8729	18818	6420	34589	53158	9849	26521	31270	44253	21746	17784	32018	42508	77761	17165
a68_gac-miR-126b-5p	8937	2165	2965	6220	1648	2722	414	3604	4126	2211	1984	3269	4648	2892	1688	4727	6232	2926	1423
a179_gac-miR-126b-3p	150054	69566	93678	195199	83369	160186	24449	195958	243737	82067	40704	53394	65184	43984	50942	99858	91762	71468	43003
a175_gac-miR-125b-2/3-5p	226878	21030	29032	108893	102515	72155	18147	119745	206764	25882	39575	108705	96676	132493	68575	119653	239876	110018	47230
a28_gac-miR-125b-2-3p	273	26	24	112	167	50	7	256	632	36	12	156	116	155	132	97	153	138	45
a176_gac-miR-125a-5p	97781	35156	47357	95787	86532	89601	16893	136747	229426	30144	40737	59557	58474	65913	41834	64424	94793	76476	55987
a61_gac-miR-125a-1-3p_gac-miR-125a-2-3p	28	17	33	46	31	40	24	71	105	2	26	66	12	80	45	99	133	31	22
a129_gac-miR-124-3p	5	2	0	0	0	0	0	0	18	0	0	14	0	21	0	18	3	26	4
a123_gac-miR-122-5p	39735	5578	1075	287681	7512	9283	2855	31558	88669	5220	3486	617165	235841	287013	94073	215550	87567	92594	283633
a11_gac-miR-122-3p	134	102	18	2435	104	77	15	226	729	36	61	1637	500	1065	232	1146	415	112	881
a141_gac-miR-10c-5p	19851	2049	2431	8093	2391	4871	1516	7425	20552	6156	4608	7631	10061	2587	3404	17351	10284	7460	7037
a140_gac-miR-10b-5p	98076	13208	30153	97615	35581	53042	6086	32891	103919	10814	10033	35508	17734	28762	22659	48637	66923	32211	16552
a132_gac-miR-10545-5p	27	6	3	53	0	24	0	16	100	0	0	8	43	19	3	23	14	23	2
a90_gac-miR-10545-3p	10	6	4	36	0	0	0	159	181	3	5	35	27	14	19	17	22	35	16
a37_gac-miR-103-3p	5482	2540	2682	3486	585	2442	763	3147	1865	843	2845	2274	3082	1432	1229	2970	5445	4616	1077
a172_gac-miR-101b-5p	3522	769	804	2225	486	959	457	1354	1027	241	1240	2010	2176	1477	722	1728	2591	2043	749
a19_gac-miR-101b-3p	278	47	81	290	31	105	10	85	0	63	84	35	10	37	39	46	48	79	43
a138_gac-miR-101a-3p	33017	9708	14380	21336	2961	11730	2069	6778	9897	8694	8739	5663	5132	4791	4277	7629	12498	16406	2817
a9_gac-miR-100-2-5p	156961	27953	42790	123880	51293	56327	16214	92512	202051	31138	44415	86760	72395	134722	59105	165279	265075	86381	64755
a18_gac-miR-1-3p	51051	1503	2532	40808	83363	11716	8575	5464	8703	11015	4454	12870	10770	160941	2472	116461	130999	46318	31981
a194_gac-let-7j-5p	10090	10288	14232	16155	5056	9501	2334	14763	20457	3918	8559	6186	7735	7645	4360	10035	11017	13881	7786
a92_gac-let-7j-3p	214	278	362	430	98	294	150	261	257	66	234	77	153	86	115	261	319	348	128
a192_gac-let-7i-5p	1673	1700	1658	2569	1165	1001	507	3945	3024	1181	1549	1717	1804	2705	993	3877	4149	1497	2151
a184_gac-let-7h-1-5p	26811	14310	25619	26305	8292	18717	5648	40037	62385	6829	17700	28446	26825	22200	19775	31547	40803	51106	21372
a82_gac-let-7h-1-3p	3390	591	1090	1488	499	884	240	2064	3072	311	647	746	1190	671	481	780	1037	3367	536
a191_gac-let-7g-5p	132592	75865	150589	116328	44087	88056	21543	125024	179135	30262	104094	101917	132083	136896	52644	122840	186830	193838	77638
a84_gac-let-7g-1-3p	0	5	9	18	17	0	0	0	0	1	16	10	13	0	0	8	23	0	0
a186_gac-let-7f-5p	15710	13389	23349	23962	7641	21506	4059	24071	45537	6213	13164	13236	13490	17717	11845	27029	24674	28558	16538
a185_gac-let-7e-5p	163186	194148	274483	196258	53437	231046	40962	183834	338100	56315	135579	106073	119277	155175	107633	215288	252512	306157	171348
a83_gac-let-7e-1-3p	539	160	164	257	92	272	52	147	357	92	162	93	86	41	62	100	144	477	50
a193_gac-let-7d-5p	59218	16383	23572	46284	20510	37922	8913	50961	131005	13800	16271	59547	53887	50483	39787	43800	78371	64411	39780
a91_gac-let-7c-2/d-3p	136	26	54	78	99	38	0	138	175	22	22	43	96	95	57	134	178	204	33
a189_gac-let-7c-2-5p	40611	6324	8127	24624	21678	15823	5655	44894	73849	6749	9108	48106	42759	63182	40841	39856	85507	36991	27889
a190_gac-let-7b-5p	172849	31183	45789	140473	79772	68596	23288	306198	500067	39471	49355	371754	258049	163782	178414	132984	218227	304515	124872
a81_gac-let-7b-1-3p	7388	717	1212	4551	2805	2247	590	8431	7219	835	1248	3018	3144	2445	1355	2917	3394	6114	1638
a187_gac-let-7a-5p_gac-let-7c-2-5p	3111	1292	2322	2370	1020	1895	379	2496	3500	584	1929	4017	2413	3313	2055	3717	7397	4069	2406
a188_gac-let-7a-5p	927993	506937	894481	982843	329070	768022	185171	1044388	1895945	239359	578961	1110439	1031757	1067004	746327	1150805	1548913	1962339	826059
a85_gac-let-7a-5-3p	879	677	984	756	176	928	141	748	976	142	586	261	374	360	303	492	730	1238	320
a158_gac-let-7a-3/7-3p	1368	208	161	944	219	469	156	722	1025	196	227	365	384	185	129	317	512	1098	160
a267_REV_gac-let-7b-5p_gac-let-7c-2-5p	24	0	0	7	0	0	0	25	1	0	0	6	0	0	2	0	28	8	2
a257_REV_gac-let-7f-3p	30	12	3	19	13	0	0	17	0	2	9	3	0	14	13	7	3	65	1
a253_REV_gac-miR-103a-5p	4	6	3	16	0	0	8	0	0	0	8	5	0	4	1	6	15	7	2
a252_REV_gac-miR-10c-3p	4	0	0	0	0	0	0	0	41	3	4	0	8	0	0	3	0	0	2
a260_REV_gac-miR-132-3p	49	7	6	92	36	29	36	0	0	14	19	70	43	13	19	83	109	38	26
a250_REV_gac-miR-181b-2/3-5p	112	4	13	37	15	32	12	86	0	26	20	38	64	52	16	55	59	32	24
a268_REV_gac-miR-190a-5p	29	15	11	15	13	10	2	0	0	4	35	2	15	3	0	20	10	12	3
a261_REV_gac-miR-191-5p	47316	52764	68077	38495	10588	48046	7887	139208	55629	10995	37528	24636	41492	24295	38289	32276	65703	87779	38833
a251_REV_gac-miR-193a-2-3p	18	7	0	10	0	12	0	2	0	4	11	0	0	0	0	2	22	0	0
a269_REV_gac-miR-27b-3p_gac-miR-27c-1-3p	110	65	69	65	17	43	7	144	132	26	57	26	63	45	21	49	75	44	14
a255_REV_gac-miR-460-3p	23	2	0	7	0	0	0	0	0	0	0	0	0	7	11	0	0	0	5
a256_REV_gac-miR-730-3p	15	1	5	3	0	2	7	23	56	0	4	21	19	0	11	21	0	0	0
a254_REV_gac-miR-7bb-3p	3	2	2	1	0	0	0	0	128	4	2	5	0	0	3	0	0	0	3
