Gene	T9_Immature	T26_Immature	T31_Immature	T32_Immature	T13_Immature	T23_Immature	T1_Immature	T3_Immature	T12_Immature	T44_Mature	T47_Mature	T41_Mature	T43_Mature	T45_Mature	T63_Mature	T69_Mature
miR-99a-5p	0.0583239734722216	-1.42383120246166	0.277726135242187	-0.816262209572095	-1.48621973944446	2.06095850156241	-1.18239909503332	-0.0583239734722198	0.065476562277869	0.477492903709056	-0.0740373461741086	0.881559288232866	1.05339098090157	1.50590655788594	-1.74976021837415	-0.165280643715803
miR-92a-3p	-0.162926793281574	0.0326811180378357	0.549839635249601	-0.364951109604778	0.119144532587054	-1.30750628579437	1.29290913362936	0.0127475084740283	0.571664078325473	0.986788024366302	-0.187687750249538	-0.234472175934258	-0.437480514869247	-0.0127475084740247	0.90415646388411	-0.216027783060628
miR-92a-2-5p	0.100548724910084	1.33555799397723	0.203945765429459	-0.458896937410006	0.787012425342011	-1.51828976836067	1.75337205484427	-2.3569245709762	-0.100548724910085	0.724135324813886	-0.42376941315899	-0.570437146814419	-0.812556019126466	-0.143693574873622	1.10295684881574	0.572690494029123
miR-9-5p	-3.65019834024889	1.64613644459682	0.0369658375145434	1.37487200773084	-4.80181219437003	1.00645114570138	2.0139132886702	-4.80181219437003	-4.80181219437003	-1.79640151534262	-2.32602779118152	0.411495358022044	-0.127669662564261	-0.0369658375145443	1.49571246798632	0.466027914336651
miR-8159-5p	4.55021392319327	-0.587512419172446	2.18598720683505	-0.587512419172443	-0.587512419172446	-0.587512419172443	-0.587512419172446	-0.587512419172446	-0.587512419172443	3.46268976722842	2.57996095387241	2.78208564945343	0.587512419172443	3.21977184071843	-0.587512419172443	1.04314622387512
miR-737-5p	-0.531074811240916	0.750513909474224	1.24552590871577	0.125196383178628	1.40135265839597	1.0322179439757	0.11080077352538	-2.36627438217178	1.2790314372307	-2.00011921788898	-2.23869169446904	-0.504270434998473	0.426121022278584	-1.48171211499055	-0.11080077352538	-1.0323128196477
miR-730-5p	0.793516845594792	-4.06929768752778	-4.06929768752778	-2.61514593596999	-0.109425875932506	4.02018365384312	-0.476591362895544	3.25745525819839	-1.4000235154859	1.0241656877206	0.109425875932507	-0.789299555716799	1.77891324735044	1.25255621199366	-0.499789171607026	1.82536390364299
miR-725-3p	1.93422609904107	-1.26394089861617	-1.67830676012706	-0.019000818037326	-1.71638088110471	1.04353300866992	-1.1773908446544	0.424087524358473	0.0190008180373251	1.25190524556119	-2.14510863880505	2.63976370354536	4.11485367355519	-0.193916660558033	-0.180500250401487	1.17569429561864
miR-724-5p	-2.55351295663786e-15	-2.55351295663786e-15	5.49925245369508	0	-2.55351295663786e-15	3.63070927437262	-2.55351295663786e-15	7.84757721137876	0	-2.55351295663786e-15	-2.55351295663786e-15	-2.55351295663786e-15	3.19798958499968	3.06133356290403	0	0.505188379511227
miR-722-3p	-2.31509346252631	-0.660065784481952	-0.429793248222402	-2.31509346252631	-2.31509346252631	3.5412210161736	-2.31509346252631	5.1805856123678	1.88838531808259	-2.31509346252631	0.429793248222402	1.36585278334978	1.06823172337377	1.95352046125558	-2.31509346252631	1.99734591997302
miR-7133-3p	0.46972323253583	0.297961348912428	-1.75211310047022	-0.297961348912428	2.64168113360137	-1.75211310047021	-1.75211310047022	-1.75211310047022	-1.75211310047021	2.50167168453769	-1.75211310047022	4.15784325515763	3.12092603529375	1.34141908361831	-1.75211310047021	0.438224790861565
miR-7132a-5p_gac-miR-7132b-5p	0.0413033235779654	0.824734243375209	-0.0413033235779654	-1.03493087137227	0.358015136852408	-0.486021055068491	0.840297941230094	0.466225739799773	0.67802500566123	-0.303556251708686	-1.63866834291295	-0.749286897956402	0.152114665769494	-0.397908642077038	0.845773393079682	-0.432368772980018
miR-7-5p	-3.51424835664753	1.58478174886038	1.51284105407387	0.255739821965832	-0.823329793449482	0.255467643578372	0.85723583997663	-5.73608468965358	1.62597544494272	-0.372501170951113	0.257976271088554	-1.30720037505227	-0.41426486588051	-0.626119804625341	0.171291698322023	-0.171291698322023
miR-551a-3p	0.567065965256639	-0.93834153659585	0.0847475505440434	0.205628721583282	-1.11105817469115	1.24583351197134	-3.47288851390095	-0.211521556486641	-2.80205320543809	0.831557466360875	0.615060476677463	-0.667566543395623	-0.0847475505440425	1.32555269747678	-6.65032328759928	0.548557979900592
miR-499a-5p	3.80753105826951	-4.40500280041681	0.016675572688869	-4.4050028004168	-2.19079276972238	-4.4050028004168	-0.149072818559561	-0.016675572688869	-0.556732718255618	1.82991561701806	1.10235710143927	2.47013937464742	2.09190218312528	4.13469825062791	-1.2731142887066	0.823040638541038
miR-489-3p	3.25965868657901	-3.52015207096704	-3.74089084976568	-1.104008173705	-3.74089084976568	2.16192580378384	-3.74089084976568	-3.74089084976568	-3.74089084976568	2.76506885201493	0.609002338055475	2.32463827046129	0.933251682040084	1.53960407532451	-0.609002338055476	0.702435931654523
miR-460-5p	1.07725571360498	-0.263968216680658	-1.92081975019376	-3.28352740034583	-3.28352740034583	-0.540808848828722	1.89460941443629	-3.28352740034583	-3.28352740034583	3.08013135293965	2.18719221630507	1.88054225838835	1.31771758838993	2.71900890215909	-1.24567899397301	0.263968216680658
miR-458-3p	-2.55351295663786e-15	-2.55351295663786e-15	-2.55351295663786e-15	0	2.21421003069442	0	-2.55351295663786e-15	-2.55351295663786e-15	0	-2.55351295663786e-15	3.63305233213134	3.81458320878882	0.703972293687468	3.40710645697491	1.35228583816473	3.59832705934165
miR-456-3p	0.865296478244459	1.25953839185037	0.422086601953771	-0.989150500095461	0.126535947322359	1.34545871898868	0.0166646178302061	1.38431913192932	0.79866980626481	-0.769313581778731	-0.467112314714313	-1.45554265656543	-0.380132404671882	-0.128374993383497	-0.0989455024268766	-0.016664617830207
miR-455-5p	-0.185325186527526	-4.8539240106633	0.185325186527525	-0.189477687523477	-2.63971397996887	2.14777080373285	-2.84758506658249	-4.8539240106633	-3.6272473666679	-4.8539240106633	0.330391919593615	1.42321885577864	1.7863276246196	1.33897266987167	0.718811081511901	0.767263310866309
miR-455-3p	0.202063634607336	-1.64948505918989	-0.78542860670469	-2.4760687987899	-5.75401944903349	1.55445378979543	-5.75401944903349	-5.75401944903349	1.53573786538525	0.727826647760637	0.957493988674758	0.377034435685523	1.98472500844644	1.43458340047	-1.24658715997036	-0.202063634607336
miR-454b-3p	2.22183633300605	6.29535300862865	-2.55351295663786e-15	0	-2.55351295663786e-15	0	-2.55351295663786e-15	-2.55351295663786e-15	0	-2.55351295663786e-15	-2.55351295663786e-15	3.81458320878882	1.17502483834489	-2.55351295663786e-15	1.35228583816473	1.97642254840474
miR-451-5p	-0.44094584324573	0.295980539640373	-0.756062526076244	0.219056779890577	-0.124080973331024	1.30641754072192	-0.461657400603331	-0.975751643252822	0.124080973331026	-0.595665495460125	0.693776265813757	-0.330213033347812	-0.274220068842267	1.13579974961113	1.43802602737315	0.175943327540457
miR-429a-3p	1.67311760184029	0.143305946527446	0.842291309004322	-1.1228495485416	-1.97226342511269	1.64450707142106	-0.313428165450833	-1.32541724772748	2.12499772555853	-0.315605292538054	-0.843266147293504	-0.016598305675033	1.6805757232205	-0.886222101432723	0.550745381421407	0.016598305675033
miR-425-5p	0.59501332644875	0.129902394996325	1.00893102579574	-0.162630532239046	1.13210121699774	-0.046126090200783	0.609388162118568	0.424262434693045	0.0461260902007812	-0.634037878597889	-0.706099317678124	0.676334836768927	-0.218153464634078	-0.756917769666202	-1.44816579520235	-0.699648855268288
miR-375a-3p	1.91077275249354	0.324969873765298	-0.884403914500362	-0.876454349147767	-0.758588855992446	0.208360812367996	-0.322471958563131	0.915991058165567	-0.102889489379793	0.266899475206994	-0.744608873562662	0.592819525754832	0.341371443376707	-2.8001444403333	0.102889489379795	-0.80116667073043
miR-365-2b-5p	3.13846872222947	-0.362239890694873	0.634673970739883	0.25876448475711	-4.1927400694642	-1.08990189531021	-1.86405142288244	1.82550230248247	1.30643608611726	-4.1927400694642	-0.208263392782623	-1.11059032282224	0.481402462341571	0.333473728511317	-4.19274006946419	0.208263392782624
miR-365-2b-3p	0.0302971439490332	-0.0302971439490332	0.43481816376522	-0.129267339356	-0.75792826980032	2.0262620889565	-0.756901403456179	-2.98816468627125	1.50448484087172	-0.356172687840647	1.49722017522307	1.03147270409716	1.11578014124444	2.87552483033401	-0.292280280089162	-0.610649852154831
miR-338-3p	0.630297103960019	-0.614073745374354	0.269621131104239	-4.10598725245654	-4.10598725245655	-0.269621131104239	-0.397749703875844	-4.10598725245655	-4.10598725245654	-4.10598725245655	1.12289192487678	2.86531758375189	1.87744876491547	1.97893867443179	0.49674576076456	1.13010382830589
miR-338-1b-5p	-1.81389144981957	-1.81389144981957	1.62959484444088	-1.81389144981956	2.9130443027329	-1.81389144981956	-1.81389144981957	2.70566293839434	-1.81389144981956	1.51360161714719	1.52601455948299	2.57269036489637	1.71003258166991e-05	-1.56487596600702	2.78884156340154	-1.71003258166991e-05
miR-31a-5p	-3.74136165251454	1.73913508397694	2.23005147403871	1.61685684466781	1.74030183483041	-0.998643100997427	-3.74136165251454	-3.74136165251454	-3.74136165251454	-3.74136165251454	-1.59665531923426	0.728620026971502	2.19839264500733	0.609473140804331	-0.609473140804332	1.18233934104841
miR-30e-5p	-0.0799215775364406	0.53925093886826	0.141516395167102	-1.14388490957922	-1.29735815662505	-0.129159269896915	-2.08692416924336	-0.394676815751092	0.438757487795058	-0.942273364755332	0.0799215775364406	0.147646248649846	0.604928858137868	-0.783927882682629	0.731133632818425	0.0834101703860828
miR-30e-3p	-1.43312923544291	1.16603589875919	0.371078409999903	0.754805861436418	0.514424769810628	0.643994115205997	0.426294139613161	0.406692846002974	0.655656696914274	-0.988904822247401	-0.371078409999905	-0.491879269372049	-0.850065121633477	-1.45625939251991	-0.92151172606418	-1.26517486288318
miR-30c-2-5p	-1.38113724022557	0.920882150354831	-0.283699948946618	-1.11497162874637	0.0479049051045344	-0.487676897170342	-0.689605170790056	-0.0479049051045326	0.422484806032978	0.372685121317417	0.192496513740737	0.529460286851938	0.960358432492692	0.226863576572912	-0.138146339597007	-0.256336032125649
miR-30c-1-5p_gac-miR-30c-2-5p	-0.148722854998581	0.0272759474788842	-2.72274133087065	0.339114151440017	-0.0272759474788851	-1.31823200739649	-3.41684112565498	-1.25486901853731	-2.09314773088083	1.81384823588439	0.569803087214161	-1.99970595331816	1.11145988124593	1.10921929262478	0.949869891912461	0.782557426278801
miR-30c-1-5p	-1.02290927337283	0.448587163884163	0.884817158775189	-1.00957594726867	-1.18729547066812	1.22022103125271	-0.833658173026478	-2.69905641558045	-0.0495318940113965	0.70493672643501	0.0495318940113965	1.06099225664012	1.1162890279862	-0.111132551853334	-0.796170276033033	0.14185613735116
miR-30bb-5p	-1.52995566451036	1.14891790535206	-0.130684416676079	-0.992565683164119	0.352697921650788	1.17842842298992	-1.91645298160915	-7.1341244837199	0.307949627239369	-1.08364185402056	-0.422611046011648	0.83142012824957	0.757646612216456	0.130684416676079	0.23774199986592	-0.657502679867395
miR-30bb-3p	-0.465277195670873	3.03734342431479	3.36429989268604	0.67804985960138	-0.47382176574703	2.55159691199626	-0.346113277689795	-3.52354805138813	-3.52354805138812	-3.52354805138813	-0.0296359743111325	1.10002942190739	-0.140222865488044	0.029635974311133	1.47930146743488	0.261888925052578
miR-30a-5p	-0.534784089504527	-0.0196347310427605	0.0550285094858669	-0.119107268225966	0.339731644504235	0.408864496416907	0.11907174412068	-0.663020091211578	0.142604035152862	-0.517892596844739	-0.00611229694548499	-0.125979748386312	0.00611229694548321	0.323856139773872	0.353329751172467	-0.00950151342262551
miR-301c-5p	2.1543220631982	1.43140582664877	3.98299143073504	3.38313605844367	2.66123656724851	-0.675144702757075	-0.675144702757077	-0.675144702757077	-0.675144702757075	4.46014403265489	-0.675144702757077	3.07416682208096	-0.675144702757077	-0.0288091366920267	-0.675144702757075	0.0288091366920264
miR-301a-5p	-2.55351295663786e-15	-2.55351295663786e-15	-2.55351295663786e-15	0	-2.55351295663786e-15	0	-2.55351295663786e-15	-2.55351295663786e-15	0	-2.55351295663786e-15	1.09806519650685	4.69464884916908	3.62313048226429	3.35493125613501	0	1.89743652374204
miR-29b-2b-3p	-1.27675647831893e-15	4.39265755903813	4.02393734003618	1.27675647831893e-15	-1.27675647831893e-15	1.27675647831893e-15	-1.27675647831893e-15	-1.27675647831893e-15	7.37376600406384	-1.27675647831893e-15	-1.27675647831893e-15	0.69812615909754	-1.27675647831893e-15	-1.27675647831893e-15	4.17670547855294	1.63065864304757
miR-29b-1a/2a-3p	1.67704099965641	1.27916531007009	1.93452837091356	0.0720444437005883	2.14892077235073	2.90624618886732	-1.05619483392787	-3.64819888965194	-3.64819888965194	-0.320705822685181	0.618646566825795	0.738382925063993	-0.662913010377085	-0.0720444437005892	-2.29591305148721	-0.741445956007155
miR-29b-1a-5p	-1.37057959509008	1.37184147065822	-2.60067789999122	0.361925392664317	0.0229096119756464	1.10289131822493	-3.20932684379197	-3.21775481192649	-4.79992533532459	2.47300312730204	-0.158717084315064	0.0584450366809595	-0.0229096119756456	0.922782794806159	0.0559119208823171	-0.211242066332787
miR-29a-3p	-5.16219089422895	0.74254914523048	0.902818278279404	-2.11220683736058	-2.0506673625289	0.750601333750496	0.0343870380010021	0.939420524681311	1.00045833777149	-1.24171773220637	-0.636024176753979	0.347343195274714	-0.142374236087568	-0.0343870380010021	0.945561975686007	-0.06879218963401
miR-27e-3p	1.30195520339402	-0.101515875871035	0.854165285175281	-1.10692030334634	-2.03124858102357	0.101515875871035	0.640855964180199	-4.59142631139457	-1.52131646770275	-0.541055562604485	-1.0643505608254	0.612278448053466	0.946873842587973	1.77670336425754	-0.991562085777285	0.423352739353314
miR-27c-1-5p	-0.126233352074725	-0.522261024177129	1.04154485479041	-0.904854222153915	-0.135833321777529	-0.684256883039954	0.262214388186266	1.4496085354673	-2.23578161498721	-1.19469170246452	0.518158566433393	0.96321377132442	0.126716412029511	0.126233352074726	-0.457655422731383	0.684828166190926
miR-27c-1-3p	-0.815420033763417	0.112158587929553	0.697337943786355	-1.17766315010318	-0.563428418831238	-1.2358122298367	0.0611906215006819	-1.05990195738738	-0.0611906215006819	-0.376530105604481	0.346254157205637	0.747534597868025	0.948175514587563	0.365003653521521	-0.183368257403979	0.0837270979960572
miR-27b-5p	-0.217749027737201	0.217749027737201	-0.677412538900946	-1.74789878789532	-2.52642394763347	-4.74063397832789	0.759477721936052	-4.74063397832789	2.23257960901771	-4.15360787310729	0.531473081816242	1.15431085206418	0.511465491607978	0.647621061336732	-1.37340550567788	1.25702652007924
miR-27b-3p	0.0932544427184272	-1.26368072927636	0.572558138536047	-0.765729788170185	-0.431147514637292	0.968019914178928	-0.230078502109132	-2.63204275002563	0.373321768039311	0.0210911136241698	-0.665505894535675	0.253389556521658	-0.021091113624168	0.69393506321545	-1.0715978696776	0.199347455968095
miR-27a-5p	-0.184874732533869	-3.32801220170413	1.52420235831723	0.149167510620617	-1.2174872641406	-3.90911325058013	1.95716829737971	-3.90911325058013	-0.533113430913627	-3.90911325058013	-0.149167510620616	1.30419430181194	1.05395503118669	1.53639709357573	1.56624968548291	1.98045532762632
miR-27a-3p_gac-miR-27b-3p_gac-miR-27e-3p	1.37631315510388	-2.20920101272124	0.911471408253441	-1.52910901021135	-4.52184420064392	1.334470278056	-1.34440942694559	-1.35564303763075	-1.34526033871974	-4.52184420064392	0.0518625211578776	-0.0518625211578776	0.553138962886119	0.311339156484677	0.333993055562995	1.07455071536857
miR-27a-3p	0.20963439743241	-0.0352506938455104	2.28827004784169	0.0352506938455104	-0.951238103894403	-0.350334196506371	-4.52664995898415	-0.623669646276356	3.44851585983395	-4.52664995898415	-0.766704219024643	-0.0566682794981137	1.35272531823619	1.36580704202806	0.948712977078888	2.22160196830382
miR-26b-3p	1.89460930842947	-2.70162994893835	-2.71565635497959	-0.856623029112213	2.08970539387856	-4.91490379031296	-4.91490379031296	2.53214130415583	1.47907704256301	-4.91490379031296	0.762876781283151	1.08198235638797	-0.351537063385132	0.351537063385133	1.06527083712111	-0.729698859068698
miR-26a-1b-3p	1.17425916802932	0.0522845950705486	1.14968897792959	-3.85970078739269	1.13769685706784	-0.756862613238714	-3.8597007873927	-3.8597007873927	3.23165569738196	-3.8597007873927	1.23113358768777	-0.0451175786038736	-0.3919333423047	-0.798367224488664	0.0451175786038736	0.148849934107117
miR-26-5p	-0.144620328947129	-0.197275474717163	0.016453068203214	-0.977672010865485	0.241711565165483	-0.226677704720247	-0.0760950765943242	-0.468784611105809	-0.0261435618111996	-0.0164530682032158	0.576140695857413	0.274969662806228	0.515149004696889	0.781750414255534	0.289774736224819	0.423067141021836
miR-24-3p	-0.557771035483588	0.302404717384201	0.814034123165509	-0.627615513395579	-0.0492539431943939	-0.476414644870427	-0.321960994329663	0.530766270828817	0.942751041265288	-1.89363339697581	-0.372171681469755	0.207766165180344	0.896010262875231	0.0492539431943921	-0.27720443722316	0.158723306629168
miR-24-3-5p	0	0	0	2.55351295663786e-15	0	2.55351295663786e-15	6.77655281625032	0	2.55351295663786e-15	0	0	1.16658200183218	0	0	2.55351295663786e-15	0
miR-24-2-5p	-0.329670813897501	-1.48230424794479	0.154738668427335	-2.54241091257314	-1.20474371065452	-2.72767795136424	0.183230567485674	-2.84102851085485	0.675653363991869	0.862054199904043	0.18568109367961	0.234434311521421	0.907163889115741	0.0531543556447609	-0.565184377988358	-0.0531543556447609
miR-23b-2-5p	0.715228781527402	-0.284240527458457	1.40071856802051	-1.1336070184994	-2.46942118297551	1.37185827419844	-2.09934026389841	-1.6784400850098	-3.7600188225289	0.593649636496215	0.250468548996495	1.13267190063816	0.476129466619047	-1.35922643293777	-0.250468548996495	0.963835758692908
miR-23b-2-3p	0.427435585816141	-0.102289975898096	0.657832333679588	-1.62925257063495	-1.47228464247977	0.891078619672035	-0.918260446547814	-2.482441789159	0.81440258620059	-0.609407037250055	-0.473315046412068	0.102289975898094	0.417163531874591	0.818260889340459	-1.19190915197329	0.146574360367058
miR-23a-3p_gac-miR-23b-2-3p	0.289905919515087	-1.40198028163972	-4.68923084772167	-0.127330194892005	-0.56977228319364	0.964458875777461	-0.681311509984218	-4.68923084772167	2.26851068655159	0.0716101433328644	0.743893622992145	-1.60708110107972	0.919660342051158	-0.0716101433328653	2.12874741892035	1.00387549650575
miR-23a-3p	0.725860729894439	-0.128089114029853	-0.0797350340087668	-0.634272307591079	-0.24232903211235	0.206560420896613	0.152664096306506	0.0106898001051547	-0.214423601771554	-0.178380142829333	-0.0106898001051547	0.569340963874348	1.13339945094685	0.610698957011666	-0.361390157713341	0.105630018953971
miR-23a-3-5p	-2.55351295663786e-15	-2.55351295663786e-15	1.79484132024626	4.2015979109895	-2.55351295663786e-15	0	-2.55351295663786e-15	-2.55351295663786e-15	0	5.92494325013461	-2.55351295663786e-15	-2.55351295663786e-15	4.63815413879977	4.47824264742157	0	3.74088501943148
miR-22b-5p	0.486172297924783	-0.720781508631646	-0.00143551705883027	-0.0291273818755347	-0.440020079230802	0.198771803415626	0.280280365513715	-1.16403758512748	-0.616734808249154	0.213154548086555	0.347583956502252	0.00143551705882849	-0.390628299328064	1.38081364588662	0.288032076100309	-0.583819963497085
miR-22b-3p	-1.65484958650586	2.03652583377082	1.60063056570228	0.619662129712207	0.521253180106735	-1.1769265464192	-3.43861863148854	-3.43861863148854	-1.11069618081889	1.73731698484658	0.0552934455884553	-3.43861863148854	-0.0552934455884557	1.89676224121384	-0.937946574307722	0.23274752600079
miR-22a-5p	-0.323637605442169	-0.257351590843609	-0.259246981370374	-0.743893837839262	-0.798116741078674	1.14868036942678	-0.309874322556816	0.527086725891101	0.983445724078736	0.0712083798782484	0.608057100216186	0.445241180366811	0.991028551148645	1.38956281465964	-1.21378588121445	-0.0712083798782466
miR-22a-3p	-0.235379579809775	-0.0629902222659293	0.761082652695547	0.686542130277287	-0.394086684053949	1.41188761922942	-0.59977001017986	-0.0496153612178052	0.305044541143626	-0.252066510997725	-0.159488980149913	0.228857547751584	0.101758000354508	0.0496153612178052	-1.19537545024701	0.408716744138804
miR-223-5p	-0.975389484230825	0.243404377972963	-0.628345804418262	0.357254946864272	1.57266617296113	0.0258671994314721	-0.0258671994314703	0.293960420044645	-0.918675435802238	-1.36463794355897	0.736618484099218	1.17455515790605	1.08842120730741	-0.497026766707121	-0.187456978901906	-0.64515085071357
miR-223-3p	0.614586313570834	-0.35209304863484	-0.64419568562387	-0.744510973678794	0.777575519892595	-0.0145021428423053	0.531164355731995	-1.05036779053712	-0.100882772580993	0.0145021428423071	1.00168812587796	1.36120627656854	1.3612380202688	0.0540399268390921	-0.0995977963811487	-1.0611347047279
miR-222c-5p	-0.0864438471354951	2.23977816949556	0.481469041007675	1.56953654770686	-4.16378049119882	2.96072409432099	-4.16378049119882	-4.16378049119882	-4.16378049119881	-4.16378049119882	0.827092777565819	0.598602317765725	0.828090881443219	-0.337210632719692	-4.16378049119881	0.0864438471354951
miR-222a-5p	3.31172694648118	3.68542979991789	-1.92280052448722	-1.92280052448722	-1.92280052448722	-1.92280052448722	-1.92280052448722	-1.92280052448722	-1.92280052448722	-1.92280052448722	4.12199630421251	3.55512713181338	4.28591425865518	1.92280052448722	4.12667473351025	2.37433481318993
miR-222-3p	0.379809072990238	0.0841441610952671	-0.407971912145944	-0.356942357174411	-1.56432298525476	-0.0841441610952689	-0.22036772368905	-1.34648511710062	-0.632040065017762	0.380425147583349	0.658236652389574	1.2339868294724	1.14133805155091	0.119557080643766	-0.115728284736894	0.304325134681019
miR-221a-5p	-1.27675647831893e-15	4.0334852568533	1.36270765015207	2.16346920184346	-1.27675647831893e-15	5.21169724524097	5.56285541981728	-1.27675647831893e-15	1.27675647831893e-15	-1.27675647831893e-15	-1.27675647831893e-15	-1.27675647831893e-15	0.703972293687469	-1.27675647831893e-15	1.27675647831893e-15	-1.27675647831893e-15
miR-221-3p	0.526688096099717	0.52899375178043	-0.676761421130033	-0.801418170706272	-1.52383631651352	-0.320092471479866	-0.823253586694559	-1.35665897817899	-2.20027336293277	-0.257287777800901	0.819077957119058	0.574430925688446	1.09950177576322	0.429197140981673	0.661377248828959	0.257287777800903
miR-21a-3p	1.62229929419229	2.56877672405145	1.22968167687526	1.02082665194697	1.32396428086842	3.77502689732171	-3.82913590940617	-3.82913590940617	-0.88402202509784	-1.50226011367987	-1.35335150621766	1.72721125834997	-1.39540542915009	-1.26883857838526	-0.0822527651177198	0.0822527651177198
miR-218a-2-5p_gac-miR-218b-5p	-2.55351295663786e-15	-2.55351295663786e-15	5.61613160809986	3.89914016221219	-2.55351295663786e-15	0	-2.55351295663786e-15	-2.55351295663786e-15	0	-2.55351295663786e-15	3.33990600930255	3.5336549192942	2.05134398183175	3.18602855551912	0	3.4119819842211
miR-218a-2-5p	-1.76569067950752	0.933218348357633	1.21751200799308	0.461900904628275	0.104725741791606	0.0506694923313828	-1.15997646688141	-3.90775867415567	-5.48992919755377	1.45284036272763	-0.663320756338023	0.909260492174967	1.83319684668953	-0.0506694923313837	-3.45208079118095	-0.658826301663812
miR-2188-5p	-0.289287373926374	-1.26873349598797	-0.670581759296089	-0.951140760162385	-0.472433295128203	1.56796760373954	-0.271345025173369	-1.1734093676738	0.395240565316028	0.271345025173369	1.89548491420477	0.380212212021842	-0.34367900981295	1.54896383068759	2.52383933001226	0.738730977472841
miR-2188-3p	-0.938183721200039	-0.798210691949594	0.0243167143509275	1.09504422492734	0.042369425835183	0.0487335573756127	-0.461962633730732	-0.0243167143509275	-0.327903537657509	-0.549848846077007	1.10038671358409	-0.769021522630617	-1.60221120841396	0.131939610298547	1.02939513069959	0.827824336331219
miR-2184-5p	-0.759818386820901	4.68278863856141	3.18218828525031	-0.759818386820899	-0.759818386820901	-0.759818386820899	-0.759818386820901	-0.759818386820901	-0.759818386820899	1.70467318343596	4.00759832950626	0.759818386820899	4.41901953332653	3.45125728815904	-0.759818386820899	2.29986598087443
miR-217a-5p	-3.97358410736833	-0.10993554651437	1.51848909589278	-3.97358410736833	1.72585196559654	-1.23086555585122	-3.97358410736833	0.109935546514371	-1.30430993532645	2.43340430339674	-2.87551891086148	1.35593273967002	-0.350453625104038	0.933929711647839	1.16267264712424	0.292447323462768
miR-214a-5p	-2.55351295663786e-15	-2.55351295663786e-15	4.00388673463044	0	-2.55351295663786e-15	0	-2.55351295663786e-15	-2.55351295663786e-15	0	-2.55351295663786e-15	3.49391207707699	4.42888431460131	2.86588683729655	1.70520397368171	0	-2.55351295663786e-15
miR-214a-3p	0.309727664249511	-1.99343709966576	-0.104259957737506	-0.326274980609137	-2.21517891097693	1.68782607431772	-0.698201081859548	-0.0713450625698613	0.0181788051701446	2.23727232169087	1.4419119946555	0.930890381134049	2.10393182367841	1.99395346331535	-0.7061304781112	-0.0181788051701428
miR-212a-5p	-1.22427677909962	1.075260898357	0.525206859239983	-1.46331227757023	-1.20237798309965	-0.12239627685037	-0.807541428289144	0.657138340105222	-2.84862906847571	-1.77142814539198	0.957485855877302	-0.272901196059286	1.2042708867027	0.122396276850371	0.243539650511227	0.77009330905886
miR-212-3p	-1.27675647831893e-15	4.26200609449818	-1.27675647831893e-15	1.27675647831893e-15	2.21421003069442	1.27675647831893e-15	6.17825378842299	-1.27675647831893e-15	1.27675647831893e-15	-1.27675647831893e-15	-1.27675647831893e-15	-1.27675647831893e-15	-1.27675647831893e-15	2.25335917916218	1.27675647831893e-15	-1.27675647831893e-15
miR-210-5p	-0.413809175098422	-0.0700896767099071	0.833090071618164	-0.135485775750084	0.110348922662155	-0.00427133217356257	0.610414450198688	-3.31222690455949	0.189254045170877	-1.18217739369111	-0.466430704643592	-0.0337872754007229	0.425552522975558	0.534248849266909	0.532965598359715	0.00427133217356257
miR-210-3p	-3.47611835301589	-0.0919151959734377	-1.99659879358802	-1.59990948026529	-0.0689602865845504	-6.53438920873313	-3.71979204852833	-6.53438920873314	0.639629416902701	0.323488401902321	1.13023102252159	0.77364243655194	1.00415865091025	1.08854179912736	1.72757958599371	0.0689602865845504
miR-21-5p	-0.0642830143601163	0.437593261258982	0.238043664322657	-0.2860902291273	0.237852885933631	-0.270568091109308	-0.506286167144841	-1.04660654396144	-0.584581902678137	-0.359126149052322	0.0642830143601181	0.451900093926437	0.33962231774208	0.128440139217748	-0.0826141018203934	0.308673640135051
miR-20a-5p	-0.390918950400624	0.523691703943538	1.21336009891452	-0.0261450631229243	0.172800441283734	0.673489970539431	-0.358899443901993	-5.7594621020286	-2.81434821772027	-1.29412892919206	-0.018777075787761	0.165351188132997	0.644058734108429	-0.258882237704189	1.57123812320935	0.018777075787761
miR-206-1-3p	1.91557010268648	-1.79396616840346	-2.31685269511697	0.18664617790319	-1.44264136784504	1.21077990748664	-0.84316777363699	1.31569319272484	0.213941862784299	-0.8582002170102	0.340364220872079	0.339012554768926	-0.210580279218426	0.955202000432507	-2.33276233658107	-0.186646177903192
miR-205-1-5p	1.01019620793841	0.0212519438735352	-0.0546270044831942	-0.924112334377378	-0.329164353554026	0.291424869919544	-0.0212519438735335	-1.09093689686543	0.707861664093032	0.381268521717638	-2.23058583718861	2.82917678380173	1.93826062846696	-0.723470778988563	-1.34545488206553	1.03133347713279
miR-204-2b-3p	0.0883655119660585	-0.438185974019731	0.403408270944082	0.449280088654699	-0.0883655119660585	-0.696239767135803	-2.70623169525341	-4.71257063933421	2.44799569976179	0.200296295837505	0.516308537999109	1.25591695265606	-0.400085867800955	-3.0073666656525	-0.965687495045767	0.150063291020634
miR-204-1/2b-5p	1.06777496225097	-1.19683189283657	1.09796131203876	0.263072184436261	-0.539320843468314	1.62918573437239	-0.282823366421477	0.919704745314448	-0.162018847353263	0.162018847353263	0.719091785842338	1.09576316021612	-0.807673312686113	-0.556893260417691	-0.813570270513654	-0.173024905670925
miR-200b-5p	4.86281453312257	-2.55351295663786e-15	-2.55351295663786e-15	0	-2.55351295663786e-15	0	-2.55351295663786e-15	-2.55351295663786e-15	0	-2.55351295663786e-15	4.17872356346028	4.298063326786	5.6814129263366	3.32811856452094	0	3.95104212250279
miR-200b-3p	1.48782776564579	0.0588332473725224	-0.0588332473725206	-1.33648690332162	0.144822791372118	-0.248723714092176	-0.215445961208287	1.08090217523326	1.60697397867601	-0.502062237441892	-2.085197356294	1.41426967720468	2.67303985901218	-1.0356715444782	-0.734410324173076	0.344151652298333
miR-200a-3p	2.38046481871018	-0.457508952820299	1.2164346610471	-0.488471716709258	-1.43739046473786	-2.59873679204948	-1.29607022580053	0.425509949978561	-0.620105805535948	0.0295923792463331	-0.731949946679811	1.56076920425559	2.87310065101505	-0.029592379246334	1.66244109701272	1.46344656845987
miR-19b-3p	-4.19263399363704	1.17564418640043	0.0965446695640493	0.566447429763293	2.21397475242592	-0.288442393234901	-2.7522437920341	1.15940290773577	-0.855966597867239	-5.34424784775817	0.456713081470946	0.00742837065819923	-0.381179565991355	-0.113553075630503	1.94407688055707	-0.00742837065820012
miR-19b-2-5p	4.01008165919357	4.27575203824411	-0.587499105544674	3.13274422780785	-0.587499105544674	-0.587499105544671	-0.587499105544674	-0.587499105544674	-0.587499105544671	4.37268017840372	-0.587499105544674	0.932137668097126	2.39778677373018	1.97279822547623	-0.587499105544671	0.587499105544671
miR-19a-1-3p	-3.33814363965407	0.557908738236073	2.78967784193666	1.59633608881377	-0.00176236964848364	-3.33814363965407	-3.33814363965407	-3.33814363965407	-3.33814363965407	-3.33814363965407	0.00176236964848364	0.195511279640132	0.927933101575311	-2.52783756187896	1.59307152778529	0.813418653759433
miR-199-5p	-0.0889881846405487	-1.63775001161378	0.317179509454293	-0.850279583187675	-1.2399257992592	2.62204554964413	-0.401163351918218	-5.86320518212326	-0.50468846495628	1.40731328315735	1.04623747255329	0.0889881846405469	2.1233469186315	1.8836594947791	-0.731234811333387	0.113067874189353
miR-199-3p	-0.0839682504660981	-1.65929696449154	0.00658915738670807	-0.504211454750784	-0.837860477949688	1.72385080276511	-0.582333066411506	-0.99604991978495	-0.00658915738670984	1.02863335831946	0.854505536436861	0.536217650100575	1.79320060623492	1.3663091401051	-1.13242659872808	0.0212856317485475
miR-196d-5p	1.44135533629545	-1.98799040393906	-1.24505764657788	2.07029035726168	3.3710744128808	0.27370168113028	-0.983761348043569	-1.98799040393906	-1.98799040393906	-1.98799040393906	-0.273701681130279	0.984032750731714	1.90319977311286	2.11651768472199	-1.98799040393906	2.61320875942595
miR-196d-3p	0.332655788102859	-3.09668995213166	-3.09668995213166	1.83778977633619	-3.09668995213166	-3.09668995213165	-0.504685896407588	-3.09668995213166	0.454479226856131	0.230803114835101	0.988176917462252	2.0421159097463	-0.230803114835101	1.59642079381785	-3.09668995213165	0.343432224209756
miR-196a-5p	2.13981461512536	-2.32083090459249	0.452250310132626	-0.0363898111651446	-0.476083351501036	2.11491081407757	-0.269595149806876	-5.76970685007082	0.0363898111651446	0.549280488073292	0.627226874953636	-0.630900988192868	0.35046338925632	0.714851103188619	-2.91917676010255	-0.112111913972315
miR-194a-5p	-3.4298649685744	-1.56191963903035	0.187732479013014	-0.24952317314724	1.11795725026935	-2.31978673762619	-4.58147882269553	-4.58147882269553	0.470177986842666	-4.58147882269553	-0.153059392178952	1.68403934564318	0.828351086509107	0.153059392178952	1.68727375821559	0.863447595859452
miR-193a-2-5p	1.83696358026825	-5.90223825824479	-0.214883989910417	0.0185817635123477	-6.12297703704343	0.744472826474527	-3.30837987683862	-0.0185817635123486	-6.12297703704343	0.475598053231283	0.604154078358373	-1.29589825166662	0.0484534752190884	2.30199571111392	-1.82740386621503	0.129989319758926
miR-191-5p	0.884025762790611	0.285553035610429	0.921100879361381	0.083840458332201	0.465832586937339	0.356995813772617	-0.132524675411391	0.0860352438202678	-0.187079260873649	-0.441686917559851	-0.62806983527082	0.419248957584363	-0.155619669123471	-0.634554779802746	-0.81976646598828	-0.083840458332201
miR-18c-5p	1.22874024931324	-0.0330105899474074	2.37599975014114	2.49067371962616	-4.0518562796465	-4.0518562796465	-3.04762722375101	-4.0518562796465	-4.0518562796465	-4.0518562796465	0.0330105899474065	0.953535125432253	0.166269837577495	-0.0970568456311929	1.26389409816474	0.77924661624346
miR-18a/b-5p	-2.36873824412892	3.51869497746115	2.99548201427371	-2.36873824412892	-0.872972966672257	-0.107046159059581	-1.36450918823343	-2.36873824412892	-2.36873824412892	2.82709927723941	0.107046159059582	1.4458449646599	-0.554829693983542	1.25228812956627	2.40756458986444	0.455006167438259
miR-184-3p	1.39407455174054	1.20808657487337	-0.282784063841859	0.111350770248747	0.13818231265447	1.03084154996044	-0.111350770248747	-4.64663627057551	-1.91355653416966	-1.89312632756413	-2.02704390059354	0.945414569490972	1.88667670063629	-2.16092183862887	-2.45778105464472	0.19401201318168
miR-183-5p	-2.35234466249876	1.15522734411667	-0.159819841023541	1.03836235299459	-0.0133957773185109	1.83237739212116	0.307145271955861	-1.21972348893595	1.82286095264105	-1.51476880956767	-0.253189746906399	0.0226722290192098	-1.77935205034055	0.01339577731851	-0.915924104966646	0.865170666374394
miR-182b-5p	0.744314469977757	0.380386785025949	-3.77857048061294	0.553385168935352	-0.442189210607347	2.6543815919551	-3.77857048061294	-3.77857048061294	-0.0712164047353188	0.356541972401534	0.724320726469474	0.27105196358698	-1.04286319588411	-0.202416034661586	-3.77857048061293	0.0712164047353188
miR-182a-5p_gac-miR-182b-5p	-1.48689426259979	-0.171924239816547	3.32906556152368	-0.0327425110420052	0.727315768094629	-1.48689426259979	-1.48689426259979	-1.48689426259979	-1.48689426259979	-1.48689426259979	1.25799244814892	0.0327425110420052	0.0426526211880955	0.518266304970217	2.08261425332096	0.889698049058085
miR-182a-5p	-2.89429635044117	2.91447351042378	2.98657048625143	1.43765929910712	-2.89429635044117	3.97315351307679	2.28384046434096	-2.89429635044117	-1.01437679015402	-2.89429635044117	-2.89429635044117	-0.472932122208849	-0.842952368609418	1.27206780506086	0.472932122208849	1.80330322902051
miR-181b-3-3p	-2.55351295663786e-15	2.92850433402827	-2.55351295663786e-15	0	-2.55351295663786e-15	0	-2.55351295663786e-15	-2.55351295663786e-15	0	3.09291890230012	2.97159777533713	-2.55351295663786e-15	1.17502483834489	2.51346459188958	0	1.42074360760316
miR-181b-2/3-5p_gac-miR-181c-5p	0.407298552710085	-0.608550591646068	0.771549549829196	-0.0103555359006222	-0.211374764855478	0.373288074935573	0.0874436968510963	-2.75449049619976	-0.0613581464833324	-0.0941406664202269	-0.221443286231255	0.255022774277487	0.228292049067628	0.0103555359006222	-0.281758754411491	0.424959370400673
miR-181b-1-5p	0.401854673766559	0.069590776847642	1.01301759157407	-1.94794703247207	1.02709162618321	1.46700106807437	0.266345138288806	-6.61239335561189	-0.289093751606244	-2.02150592984881	-0.69794710982568	0.34452804239194	0.0548944181574882	-0.547627942600311	-0.0548944181574873	-0.411928239030298
miR-181a-5p	-0.220175958365383	-0.173863287655836	0.636468805939998	-0.990849564334054	-0.41910724363653	0.508640252802568	-0.312727122568255	-1.19864168216411	0.534540736536908	0.431751531419142	-0.0681046816958819	0.0359028549314804	0.507217491968674	0.568470076455201	-0.0359028549314804	0.216409679366313
miR-181a-2-3p_gac-miR-181a-3-3p	-0.165129557423578	0.711340156913568	0.93150851556191	0.446236162300341	-0.0836074196794208	0.785670602874713	0.130522473056878	0.145951935292999	-0.261173848367797	0.0799837795205214	-0.290471331090568	0.0930010038340452	-0.0878992873043227	-0.718500101959135	-0.756749007920043	-0.0799837795205196
miR-181a-1-3p	2.02342125013504	0.877784058527364	-0.189978236991475	-2.29835199226524	-4.93523466832592	-4.93523466832591	-1.02045983603707	0.189978236991475	-2.60731221765627	-4.93523466832592	-0.756511104865631	0.621112499430224	1.19792239721125	0.595054805849336	1.44531569685736	1.25283856015394
miR-17a-5p	-4.31218437263595	0.828514638309526	1.98190502520512	0.0118980422097374	1.08813284908183	0.439018426792439	-5.46379822675708	-5.46379822675708	-3.13587577608743	-2.37087932445696	1.02761530006799	-2.38164848011513	-0.0118980422097383	0.29950785724665	1.52268359654826	-1.67836125031638
miR-16c-5p	-0.922550494493292	0.534958050985795	0.610143170670916	-0.160563712356343	1.04520995983978	-1.72700436735999	0.506402245384331	-0.341718979213628	-0.311908772564291	-0.0723981860152119	0.0228205054003059	-0.0340673569353509	0.307263128951799	-0.0228205054003077	0.0575558623205907	0.0486593896599565
miR-16a-5p_gac-miR-16c-5p	-0.746091818093548	0.885093366941664	0.537158296688068	-0.0565464531730022	0.885163651130036	-0.324915770249429	-0.178550854470288	-1.43666704082963	0.377217444380037	-0.453480916263064	0.342236750996598	0.0216262615253502	0.505747909600045	-0.0216262615253502	0.161605960516898	-0.144428637081926
miR-16a-5p	-0.798202120178816	0.427112862262032	0.933353459336162	-0.418213888434808	0.860601731337479	1.0839780859596	-0.0515614362045635	-0.125336411373222	-0.0591863878332095	-0.621423072773124	0.129292879515651	0.715098512447822	0.472511614149051	0.0515614362045635	-0.176419836820548	-0.167150602863606
miR-15c-5p	-0.714001594552888	-0.0509143865966859	0.0509143865966859	-0.242173775550448	0.254376218531235	-0.397880785703208	0.175250899382981	-1.48271253667629	-0.108757604502898	0.273980672950376	0.156898217462166	-0.164496594197679	0.219726744936676	0.414732182623275	0.495936267005691	-0.595774382185482
miR-15b-1-5p	-1.3553940642446	-0.114698512157794	0.292188247390175	-1.38494797748157	0.384054982104005	0.114698512157795	-2.08757662261784	-6.68063395355295	0.7276903440751	-2.08974652778986	0.51910011251971	0.131978706372331	-0.255832453272199	0.41762779000052	1.83503980961273	-0.538930617056067
miR-15a-2-5p	-0.468735251566983	0.529141832437359	0.0831333239116105	-0.215296271951798	0.333254235444898	-1.11460129559532	-0.0288362358358825	-1.01509555297069	-0.257967753364669	-0.210581086737536	0.236309592138817	-0.341033849718814	0.0288362358358825	0.0905021223715217	1.24830246196119	0.355653874621535
miR-155-5p	-0.677305630692564	1.13721295633447	0.647885489745118	0.0694642131584722	0.00225663026967382	-1.58043887818947	0.24855398876845	-1.26434537351717	-0.199174777890065	0.223362311751526	0.751367793238012	-0.0022566302696756	0.685602963287751	-0.149063064385002	-0.478980517457565	-0.367124937083499
miR-152a-5p	0.0484845065047308	0.757015318648718	-0.747325051325262	-0.0484845065047299	-0.315619188969973	2.62539263697006	-5.13845413627021	-1.68283110056218	-0.208379209058495	-0.325137564325661	0.2946703344436	0.900008440431577	1.8479200301205	1.685345303251	-0.733065968603311	0.937515348559677
miR-152a-3p	0.00415536711740661	-0.14301092436726	-0.00415536711740749	-0.186344577425074	0.362015326329606	2.89190929790566	-1.67525545618135	-5.77066860598092	-1.46587885922826	0.864807681441209	-0.41580763622343	-0.0520635972397478	1.17947139876513	0.512243939359895	0.13670778199468	1.17942399080638
miR-150-5p	-0.026664858731154	0.122800918970148	-0.255802178992834	-1.62950930573683	-1.22786922935548	-2.05942552413265	0.026664858731154	-2.08623338411211	1.77555108556069	0.650841804021617	-1.09605427426208	-0.643070411345693	0.433038479012369	1.0699288237809	1.38077457812375	1.60461775145274
miR-150-3p	0.275791237473887	0.352077389656955	0.815080738571758	-0.559280992067587	-1.52646334769392	-5.7896007335151	-5.78960073351511	-5.78960073351511	-2.84448684920678	0.732213664452381	0.0113601957140137	0.0593489445107309	-1.08034574220918	-0.0113601957140137	0.882196717486432	1.30026861583908
miR-148a-3p	-1.23563047922934	-0.742234498087599	0.458530950988965	-1.62208123944411	-1.89359493819738	0.971863303686531	-2.9821530548971	-2.48533782611514	-0.571274512040945	0.0296835214786881	0.856181563218717	0.475710840933072	1.1631380548808	-0.0296835214786864	0.669989698784114	0.435581817906455
miR-146a-5p	-0.463261865720531	0.95212116738813	0.583287425684137	0.917435680527644	-0.121784194052484	0.912895140331868	-1.04472946919852	-0.362001454712921	0.0690830682192303	-0.069083068219232	-0.327560728006711	0.337669714519185	0.507211905641432	-0.266400159191106	-1.88101090991596	0.484202045002791
miR-145-5p	-0.0411519704163315	0.0411519704163306	0.356513202855804	-2.35235180422992	-1.20264396643326	0.359496276346965	-1.2837447956516	-0.907061444607125	1.49140988925958	1.09003055301511	0.434857480240582	1.18467661640043	-1.50546953363078	-0.404889743429125	-1.36855707596697	0.0639444735097587
miR-145-3p	0.745509362847485	0.240683865337656	1.02679815775555	-0.587424991460144	-6.61816502861751	2.23998819665625	-0.269973242266422	-1.49295212330012	1.24519845596465	0.942572989496838	-2.04445830681572	0.436553124774868	-0.723456446299582	-0.240683865337656	-2.32259185778911	1.46751321177971
miR-144-5p	-1.44003634248822	-0.161298384543517	0.453619449837241	1.60400169269093	0.161298384543516	0.428138472760047	-1.46395825284651	-0.164688319177397	0.684465865310168	-1.47459313261469	0.879218255698829	-0.756251957219169	-0.878265743566834	-0.394852884359931	0.92023017125439	0.48955647909577
miR-144-3p	-3.10271811236589	1.80687052229456	2.10244755515985	-0.0288684693005576	-1.98817317536635	2.01805613340626	-5.32455444537194	-1.24103479148923	-0.107813915310658	-0.996752841796291	1.88633079790013	-0.0175426475483933	0.673153099536271	0.0175426475483942	3.00165771389178	1.36043265468886
miR-143-3p	-0.474199319247917	0.555513532901962	0.751879853362947	0.00815650190431683	-1.60300019520572	1.1659866222999	-0.672343406544524	0.498734689834649	0.141044761875172	-0.0081565019043186	-0.625075132387893	0.974815969112871	-0.444465805770625	-0.965978671054811	-1.4316559096721	1.25810831877047
miR-142-5p	-2.12487143734249	1.8008354091311	0.816416847830244	-0.0360132356560499	0.0360132356560499	-1.80935097632469	0.896719869019519	-4.77927529547323	0.72392134844633	0.382069909902176	-0.565705340913599	-0.848845143651033	0.391668919378763	-1.1269387106191	0.851607114970692	-0.463246297294848
miR-142-3p	-2.8555840790249	1.6760929102558	-1.80765100362436	-0.409157752027238	-1.14627429061482	1.00053031960044	1.16841739586921	-6.43989778918461	-1.44775152358474	-0.167009385065728	0.836142918805684	0.167009385065727	0.894517453846221	-1.1947981283232	2.11205022269043	0.250956678733279
miR-140-5p	-1.84650804281568	-1.84650804281568	2.31048407194467	0.316961159027787	3.8529280301492	4.55440200088641	-1.84650804281568	-1.84650804281568	2.35697073779323	-1.84650804281568	3.19521136611221	-0.679926040983496	-0.316961159027787	5.33087203419285	-1.84650804281567	1.8715742163589
miR-140-3p	-3.42163828161646	0.221113390048965	0.300315841496106	-0.0447947675926397	-0.0984635750257468	0.727313063836167	-0.559669071584157	-0.786189967656078	0.0447947675926397	0.128353380395533	0.520057788578439	-0.360091858299731	-0.746233642986954	2.25447801824817	1.13486685857819	-0.197841884921653
miR-139-5p	1.42527485913435	0.291444800586016	0.521697712193015	-1.34611237556011	0.530617427887789	-0.0166831049596023	0.0166831049596023	-1.50586254248929	-4.42950659023037	0.285461236049301	-0.674552439496071	1.75904582867867	0.437249674902874	-0.763883104266518	-1.20119593559592	-0.118712193887871
miR-1388-5p	-5.43833139128048	1.33370292621966	-0.24064495522712	1.72834630196986	0.0433320960644696	0.636813572103907	1.02945028125328	-3.11975431814813	1.65302509349418	0.985630951967483	-1.35346452168657	-0.0433320960644696	0.471549242471674	-0.468778709468214	-1.03294322361358	-0.178363277673465
miR-1388-3p	0.58257551592709	0.577751347304906	1.23388204708218	0.731520437884432	-0.0395844030289147	-1.00009823361993	0.220664751258358	-0.870243383885558	-0.266630261505014	-0.191202205484222	-1.82912337703184	-0.200667326541842	0.0395844030289147	-0.328918737822995	1.11872092827784	0.222923726850841
miR-135a-1-5p	0	0	0	2.55351295663786e-15	0	2.55351295663786e-15	0	0	2.55351295663786e-15	0	1.09806519650685	0	0	4.65045841446027	2.55351295663786e-15	1.97642254840474
miR-133b-3p	-2.76340651772545	-2.76340651772545	1.77438389741967	-2.76340651772544	-2.76340651772545	2.58896813474917	-2.76340651772545	-2.76340651772545	-2.76340651772544	3.51882026786382	2.42090941253146	1.48827388831799	0.221879361549408	3.52647040165125	1.2837508540411	-0.221879361549408
miR-133a-5p	0.5470324390088	-0.469255752226292	-2.58094657222793	-0.0425750630958079	-5.86730557065635	1.25719901486346	0.695639443441986	1.22656714554411	1.62932087686732	-0.146995578510374	-0.82558616172846	-0.75421381060106	0.0425750630958088	2.08242420869935	-4.51501973249161	0.0822236929277089
miR-133a-3p_gac-miR-133b-3p	0.102989884262016	-3.15271616990311	-3.15271616990311	-3.15271616990311	-0.102989884262016	1.16760099013021	-3.15271616990311	-3.15271616990311	-3.15271616990311	-3.15271616990311	3.1220145134963	2.36495400049426	0.542241224149477	4.41110901961099	0.894441201863439	1.14441916777404
miR-133a-3p	-0.262738265570452	-3.57928384343539	-2.22122903296958	-0.49031190715997	-1.18179905023796	1.06301275134471	-0.818971807951831	1.07842653130389	-0.339105596679955	1.1210392270883	1.59446294363117	1.11326735279022	0.470278495420912	3.37846457908891	-1.06042942893606	0.262738265570452
miR-132-3p	0.0358167928912199	0.924277377611652	0.533605394279051	-0.705899767758393	-0.198413661013484	-6.43921680666407	1.94424301090531	-6.43921680666407	-0.140268660117209	-6.43921680666407	0.256508034592308	-2.28503084259509	0.906399981762965	-0.0358167928912199	0.849107921651179	0.591737552855349
miR-130c-3p	1.7510920386851	-2.69301752598049	3.72729407288077	-1.2388657744227	1.42644103854754	-2.69301752598049	3.12263276298532	-2.69301752598049	-2.69301752598049	-2.69301752598049	-0.217233122791982	1.12156568280834	1.0019398680721	-0.0873600608868448	1.90971548724062	0.0873600608868452
miR-130c-2-5p	2.25036254751683	2.06469551611302	1.35619433591664	1.36942877801403	1.83048424270371	-0.393988030748468	-2.08163025636512	-1.60655465944628	-4.41031890294688	0.595670289960349	-2.6960301801381	1.81975237282471	-0.0528725285875229	-1.31678671885835	-0.00493073527997545	0.00493073527997545
miR-130b-5p	0.878437840955399	0.8400778090432	0.329169958609841	-0.343488691575594	0.289924609601224	0.371874710338064	-0.354912935638671	1.59476291625833	0.238990145017457	-0.238990145017455	-1.29553635916753	0.927034154695875	-0.569444565709487	-0.786941408795613	-1.1448402486106	-0.890803517064665
miR-130b-3p	-3.13161826475922	2.23208665987456	1.64942294735561	0.146332385484367	-0.917408234064798	3.99288632076059	-1.12527932067841	1.25670896296872	3.37297464475144	-3.13161826475922	-3.13161826475922	2.48086710599611	-0.146332385484367	-1.51227359669479	1.04508721379372	-0.941280373427439
miR-129-1b/2-3p	0.642333214406921	-3.95524755033132	-3.95524755033132	-1.31836487427064	-0.618866280325733	1.64300450558628	-3.95524755033132	3.90476660836597	-1.28597337828944	1.46018021069591	0.129619319262587	1.56242262006605	-2.42570066654343	0.0846331035356043	0.975967617108037	-0.0846331035356034
miR-129-1a/2-5p	-0.288052368005889	0.288052368005888	3.64011904401508	0.920913777444003	-2.07182141298857	4.69864793091509	-2.07182141298857	-2.07182141298857	-2.07182141298857	2.91144464310896	1.09565196005629	0.900201741682209	-2.07182141298857	-1.61051108781996	-2.07182141298857	1.47567420403792
miR-129-1a-3p_gac-miR-129-1b/2-3p	-2.55351295663786e-15	-2.55351295663786e-15	4.46632260823739	0	-2.55351295663786e-15	0	1.59059849153263	-2.55351295663786e-15	0	4.05020218640086	-2.55351295663786e-15	-2.55351295663786e-15	3.19798958499968	-2.55351295663786e-15	0	2.48861664426667
miR-128-2-3p	0.0689677331157306	0.143978131020333	0.230693933566652	-0.13532476102378	0.162572890106755	-0.00193112189986877	0.0689060224610412	-0.3819725660132	0.00193112189986699	-0.197779107955514	0.0804841303156358	-0.125242444371954	-0.319793422104315	-0.030641676610216	0.163882842679854	-0.129744980559533
miR-126b-5p	-0.256280791439993	-0.811400844625799	0.624034167570708	-0.130177594694134	-0.638206369655363	1.28679226844675	0.437830378164119	-8.64741537535171	0.0027084386792211	0.148286308193189	-0.0027084386792211	1.91618391160973	0.580904579493097	-0.178055888155729	-0.720861520819771	1.21428829352946
miR-126b-3p	-0.568904910051021	-0.17888573673366	0.474563027272467	0.0853422239898993	-0.763264181828678	0.691149765675741	-0.37391925571881	-0.859783539993071	-0.0853422239898993	0.368206409674375	0.10149497348117	1.64809342273089	0.655790314878075	-0.395568955438593	-0.780561428787193	1.30315047800927
miR-125b-2/3-5p	0.310391980508646	-1.66459295522462	-0.204270231868962	-0.767651744012207	-1.65627099782919	1.74293550490907	-0.736591987086221	-0.501227751165468	0.589362095442185	1.26193219948614	0.204270231868962	0.623757697045841	0.875944308385309	1.77655554185612	-1.66271331546173	-0.507730072646012
miR-125b-2-3p	0.86130081342728	-1.86276950641538	0.0867652284869003	-1.19500554791752	-3.14582901384372	0.0575221546062314	1.16481234058713	2.07746845035145	-0.0575221546062314	0.648645311316739	-0.425939281871712	0.207986088500506	-0.294099557197857	-0.313433885527483	-1.23614908765857	0.190687561769133
miR-125a-5p	-0.0660478214132638	-0.0714301364527969	-0.315256565231836	-0.622693669133936	-0.633865612371142	0.830824236715426	0.0136957068061569	-0.0136957068061569	0.63017517945892	1.2305599533823	-0.234086238594243	0.0400296397465354	0.0366702873584455	0.713367075074622	0.349071798967191	-0.343096678698041
miR-125a-1-3p	-4.11000635933047	-0.296370432142957	2.55656736111125	0.0915915516590387	1.98475903172895	2.50155215617625	2.30773125303801	-4.11000635933047	-4.11000635933046	-4.11000635933047	-1.96530002605019	-0.00715504431001435	0.00715504431001523	-0.103558529018128	0.6662964746629	1.2041844808767
miR-124-3p	-2.55351295663786e-15	3.57431853833141	-2.55351295663786e-15	0	-2.55351295663786e-15	0	-2.55351295663786e-15	-2.55351295663786e-15	0	4.29126781717963	-2.55351295663786e-15	0.698126159097539	1.17502483834489	2.69231111853074	1.35228583816473	1.03440708153813
miR-122-5p	4.17576305003439	-0.774177156724553	0.16995499271599	-0.724555001472867	1.89488202878021	1.03717235878477	1.62898268395663	-0.115022624973751	2.52124694850674	-1.20209903210395	-3.9337431407976	-2.56793107704212	0.115022624973749	-0.498488182436057	-1.08246088461228	4.71929143614311
miR-122-3p	-1.27675647831893e-15	-1.27675647831893e-15	1.88530021430391	1.27675647831893e-15	5.15310019027458	1.27675647831893e-15	-1.27675647831893e-15	-1.27675647831893e-15	1.27675647831893e-15	-1.27675647831893e-15	-1.27675647831893e-15	-1.27675647831893e-15	-1.27675647831893e-15	2.64963478680508	1.27675647831893e-15	4.4844437959143
miR-10c-5p	1.69229456487813	-0.778940211641175	0.211196940159001	0.213542679390833	-0.284560685038524	2.49731838738826	1.76765496652467	2.16075083926119	1.02337685946063	0.397486588189907	-0.523214919260399	-0.217314882300662	-0.822254859981882	-0.211196940159001	-0.966594745225243	-0.624909175547356
miR-10b-5p	-0.532908875907678	-0.241826239801492	0.896464278089859	1.2302143923398	-0.0434037664305365	2.23555838479033	0.0738480622975235	0.920775570901817	0.831956503132909	-0.151930191778034	-0.108750849373155	0.536337122310785	0.0434037664305365	-0.400048194014238	-2.51079102679939	-0.551432899698142
miR-10545-5p	0	5.65631683677929	0	2.55351295663786e-15	0	2.55351295663786e-15	0	0	2.55351295663786e-15	0	0	0	1.52954688378789	0	2.55351295663786e-15	0
miR-103-3p	-1.08233601243293	1.22419609965659	-0.428352078501261	0.00257018808134646	0.319399398762721	-0.0380823735877911	0.650574970808343	-0.874953461205164	-0.49005413670656	-0.995562361085634	0.251250437732526	0.2676555789575	0.433029839127597	-0.358234276437381	1.06550363961678	-0.00257018808134646
miR-101b-5p	0.680718950259385	-0.0262810596987775	-1.44026540824753	-1.87028400750195	-0.767777551927826	-2.61635423915474	-3.80860998144862	-7.40131630608085	-2.08416030528551	1.09469647432559	0.626997028019906	0.0262810596987766	0.041383042988163	0.932249347397986	1.85830070132849	0.476329136506102
miR-101b-3p	-3.95599706843539	2.34843812048275	2.29176513474471	0.375958581112896	-3.95599706843539	-3.95599706843539	-0.247759519854691	-3.95599706843539	-3.95599706843539	1.77798896918867	-0.788523695390537	0.247759519854691	0.401449305923964	-1.59290761751669	2.8217045018258	1.71946283150159
miR-101a-3p	-1.70725979949388	0.830527942035387	-0.916936758938913	0.190864766649103	0.161610957015194	0.0514299619633043	0.644605808654832	-0.635095093191412	-0.0514299619633025	-0.622529404135197	0.30988463618565	-0.746700190040078	-0.648656715857454	-0.848119392518553	1.47326942798744	0.720794901559406
miR-100-2-5p	-0.333740008070166	-1.35305907240899	-0.191109022023479	0.357015823437536	-0.394832036509412	1.95176059920055	-0.407622401740484	0.491903518857393	0.61365599690213	0.102102739879658	-0.10210273987966	0.226616242009763	0.344097474505489	0.471965799343055	-2.55273269652544	-0.3566640878316
miR-1-3p	0.0649110565671052	-2.08071700880145	-0.412983446899553	0.658062578220488	-0.406222227224797	1.59484309484612	-0.889039557835165	1.37481460416801	0.868904198676573	-0.526028931046127	0.453224622864051	0.342886247478843	-0.0649110565671052	0.552618014176023	-3.42961838069233	-0.12619866107647
let-7j-5p	-0.0303959326582426	1.20295314231937	1.05073658301025	0.344995921738619	-0.0160819281594833	0.100512457391559	0.0516562769448292	-0.93740532031665	0.477772289544017	-0.695927332248695	-0.0553451240877951	-0.378250290252145	0.0160819281594815	-0.677658935943244	-0.292148679004971	0.26314795189589
let-7j-3p	-1.75945007853157	1.28740419383705	2.3805845808736	0.604916521185234	2.57059955469224	-2.9110639326527	-2.91106393265271	-2.91106393265271	-2.9110639326527	-1.32197717045907	0.0605338426844293	-0.489699704420386	1.48998506185302	0.665090513298644	-0.0605338426844293	0.253539701242207
let-7i-5p	-1.35708184517291	-0.00683444456451632	0.275569289190022	-0.878103643434182	-0.497016634612471	0.723066113511301	-1.10386637380042	0.0118745093951258	0.347719692766137	-0.11129153437107	-0.350532055895236	0.00683444456451632	0.0864861394642045	0.0432833398292729	-0.965165786555387	0.055937276605345
let-7h-1-5p	0.197386319468338	0.863264908140748	0.389050685881646	0.0737936414096403	0.776444811365939	-0.296540258597492	0.111698785811765	0.83121653972122	0.0247580049657063	-0.591527809436281	-0.324525667510963	-0.228466359442239	-0.23802612046131	-0.589495777759659	-0.139210214567905	-0.0247580049657063
let-7h-1-3p	0.0111299423943745	0.782334525754683	0.5025947128082	-0.764453062065757	-1.06230126704207	-0.0111299423943736	0.187403838686041	-0.341836075043537	-0.64256252638788	-0.0415463554194115	-0.097328478032364	0.508119342231328	0.994970231290084	0.498547303260882	0.518213911316701	-0.550661950732403
let-7g-5p	-0.180176821434673	0.57368279099177	0.393423101559268	0.419034015495068	0.255784269151478	-0.395459828671694	0.161130458896627	0.102906679145709	0.257518564061261	-0.214565380244112	-0.228328893982724	-0.291166688206982	-0.178661006473986	-0.102906679145708	-0.161389885594458	0.10998776431901
let-7f-5p	-0.0883812635508487	1.59895340706421	1.04569538058577	0.867736756372603	0.524364691434366	-0.272172064928521	-0.168337717329793	-0.0246971866765584	0.298229189059954	-0.461885130172478	-0.273843703493098	-0.227034175054078	0.201797951304064	-0.454968730317816	0.0246971866765566	0.539360123600376
let-7f-3p	-2.55351295663786e-15	-2.55351295663786e-15	-2.55351295663786e-15	0	4.72693575255246	0	5.09566089236179	-2.55351295663786e-15	0	-2.55351295663786e-15	3.87657485954612	4.25168040604344	3.19798958499968	3.64294959595748	0	2.82374441156718
let-7e-5p	-1.00419771777266	0.731252013148143	0.327944226027611	0.657718555216221	0.91107348703196	0.000486646450479356	-0.0541073751348193	0.324703268737121	0.242960324031642	-1.09188846053054	-0.000486646450479356	-0.213558677012443	0.0284983011943787	-1.17790499720618	-1.10638730603376	-0.520154321751834
let-7e-1-3p	-0.542959568755992	0.214392158124002	0.105116964657904	0.0241251104187992	0.63359155361819	-5.06584451934668	0.190307120898175	-2.74726744621434	-0.41479808561331	-0.0374845472709513	-0.0241251104188001	0.241167278476857	0.162245438916695	-0.728391903195076	0.358251550493161	-0.91428222593318
let-7d-5p	0.946926960687046	0.591826038120949	0.00957953665577271	0.221460310727867	-0.840161411716473	-0.0685088198484856	-0.319443687823597	1.0292658132646	-0.0397085260714629	0.109338084686199	-0.00957953665577094	0.0956036029309644	-0.370277153299011	-0.16906433057224	-0.189720140438734	0.114290999611068
let-7c-2/d-3p	0.0524081204290976	-0.0524081204290976	1.03258927433905	-0.717050541494482	1.22739746782208	2.95955123715498	-1.60879797151875	-4.61619070370667	-1.94691653166479	-4.61619070370667	-0.531323834112763	1.16905818745749	1.67594707261969	1.29445322322695	-0.869307559418226	1.03539974332049
let-7c-2-5p	0.557138896002451	-1.53449893612304	-0.584829245202638	-0.389476938325867	-1.18546948920744	0.282817250225294	-1.24492657921517	0.561528427090158	-0.134636559580819	0.555394281549308	-0.0758612081503589	0.586630622582323	0.324434128455655	0.0828759151737852	-1.95824776991465	0.0758612081503571
let-7b-5p	1.21091643884722	-0.522057593261987	-0.839643834438032	-0.267325486160622	-0.760911441718971	-0.297017316637881	-0.640160908287104	0.745485523046609	-0.102802846049526	0.846613227788025	0.209874790595453	0.534273308022547	-0.076446569601881	0.0764465696018792	0.164314567100886	0.473842408900763
let-7b-1-3p	-0.0126318165045767	-0.033314736429384	-0.255302500781665	-0.436915293015135	0.0126318165045749	0.832300095934725	-0.365144288346331	0.157546522995453	-0.62099753336364	1.55620017443267	0.5332766328725	1.63985080078301	1.29358348242176	0.894741580416875	-0.081928814184451	-0.25241396741041
let-7a-5p_gac-let-7c-2-5p	0.10624925087563	-0.172119918650402	-0.579090650878481	0.834981594937215	0.229986930314199	0.0383771091223561	-0.0383771091223579	-0.177521653251073	-0.100970474590948	-0.560083490663192	0.962721983622384	-0.149029532994611	-0.192309722470124	0.16590009145259	1.03004232829058	0.701780230063081
let-7a-5p	0.534617961879256	-0.0939890212879035	-0.33011479770466	0.37653957477994	0.0638508956945785	-0.39535531645452	-0.377635691599849	0.438336558156511	-0.187018215015343	-0.17356533492503	0.332111049761401	0.148480084844302	0.298075202274816	-0.063850895694582	-0.112452850125631	0.361171004359832
let-7a-5-3p	-4.99327263047648	-0.0339379609766741	0.893472040607549	-0.914566743150093	0.407044591241299	-1.08908103007434	-1.04922559223582	-6.14488648459761	-1.15274021899775	0.270613855474036	0.643077656392282	1.12292512830026	0.951675932262822	1.23698828183026	0.0339379609766741	-0.517567065011385
let-7a-3/7-3p	0.422648061235082	-0.10288705604971	1.20875895235094	-1.48793184534413	-1.09623798776466	-2.94719220073699	0.10288705604971	1.13902760532627	-1.85187785222169	-1.16247371408238	0.780674137349399	1.40549378706114	1.1437487261116	0.376556547439397	-0.828164665758761	-0.719274418859229
REV_let-7a-5p_gac-let-7g-5p	-3.74356189430847	-0.10622694193348	0.320258296775648	0.442345953477878	0.723945261191613	0.763436306110235	0.983546049863719	1.74470461286318	1.55406625471887	-0.622483415708814	-0.183265425569623	-0.763831500059122	-0.748967185819574	-0.641384500437776	0.106226941933481	-0.23851426395961
REV_miR-1306-5p	0.839550160552418	1.54378769705738	-1.98991660540286	-1.98991660540286	-1.98991660540286	-1.98991660540286	-1.98991660540286	-1.98991660540286	-1.98991660540286	3.98195095515781	1.77002913455665	-0.823334603570678	1.39340858049722	0.823334603570678	2.9412985620365	1.83873763024007
REV_miR-135b-5p	0	0	3.07198902121075	2.55351295663786e-15	0	2.55351295663786e-15	0	0	2.55351295663786e-15	0	0	0	2.25516926847533	0	2.55351295663786e-15	3.35399941206509
REV_miR-183a-3p	0	0	4.29539688342574	2.55351295663786e-15	0	2.55351295663786e-15	0	0	2.55351295663786e-15	0	0	0	0	0	2.55351295663786e-15	0
REV_miR-18a-3p	3.33401761584939	2.01907580499967	1.50009614378627	2.43068913762367	2.7212815075182	0.59904758330981	-0.913192099311545	-2.50379059084417	-2.50379059084417	-2.50379059084417	-1.40572539433733	2.68510806019374	0.0888149207719438	-0.0888149207719438	-2.50379059084417	-0.381293669721511
REV_miR-7132b-3p	-0.868938089580075	1.88053796675218	0.884256719375605	-0.433082941135943	-0.00991560195772401	-0.898218038805332	0.490382395178214	-2.39137952662425	0.00991560195772578	-0.0206215180651199	-0.881680142539546	0.122785620982306	0.130373235170602	-0.387388057696416	1.1942964641102	0.0410051690905213
