Gene	T9_Immature	T26_Immature	T31_Immature	T32_Immature	T13_Immature	T23_Immature	T1_Immature	T3_Immature	T12_Immature	T44_Mature	T47_Mature	T41_Mature	T43_Mature	T45_Mature	T63_Mature	T69_Mature
miR-99a-5p	10.9762610651388	9.49410588920494	11.1956632269088	10.1016748820945	9.43171735222214	12.978895593229	9.73553799663328	10.8596131181944	10.9834136539445	11.3954299953757	10.8438997454925	11.7994963798995	11.9713280725682	12.4238436495525	9.16817687329245	10.7526564479508
miR-92a-3p	16.9638449647676	17.159452876087	17.6766113932988	16.7618206484444	17.2459162906362	15.8192654722548	18.4196808916785	17.1395192665232	17.6984358363746	18.1135597824155	16.9390840077996	16.8922995821149	16.6892912431799	17.1140242495751	18.0309282219333	16.9107439749885
miR-92a-2-5p	8.19596819864226	9.4309774677094	8.29936523916163	7.63652253632217	8.88243189907418	6.5771297053715	9.84879152857644	5.73849490275597	7.99487074882209	8.81955479854606	7.67165006057318	7.52498232691775	7.2828634546057	7.95172589885855	9.19837632254791	8.66810996776129
miR-9-5p	1.53664440714234	6.83297919198805	5.22380858490577	6.56171475512207	0.385030553021202	6.19329389309261	7.20075603606143	0.385030553021202	0.385030553021204	3.39044123204861	2.86081495620971	5.59833810541327	5.05917308482697	5.14987690987669	6.68255521537755	5.65287066172788
miR-8159-5p	5.52275689538691	0.385030553021202	3.1585301790287	0.385030553021204	0.385030553021202	0.385030553021204	0.385030553021202	0.385030553021202	0.385030553021204	4.43523273942207	3.55250392606606	3.75462862164708	1.56005539136609	4.19231481291208	0.385030553021204	2.01568919606877
miR-737-5p	6.86006415257649	8.14165287329163	8.63666487253318	7.51633534699604	8.79249162221338	8.42335690779311	7.50193973734279	5.02486458164563	8.67017040104811	5.39101974592843	5.15244726934836	6.88686852881894	7.81725998609599	5.90942684882685	7.28033819029203	6.35882614416971
miR-730-5p	5.24784508614377	0.385030553021202	0.385030553021202	1.83918230457899	4.34490236461647	8.4745118943921	3.97773687765344	7.71178349874737	3.05430472506308	5.47849392826958	4.56375411648149	3.66502868483218	6.23324148789942	5.70688445254264	3.95453906894195	6.27969214419197
miR-725-3p	8.54923216046123	5.35106516280399	4.9366993012931	6.59600524338284	4.89862518031546	7.65853907009008	5.43761521676576	7.03909358577864	6.63400687945749	7.86691130698136	4.46989742261511	9.25476976496553	10.7298597349753	6.42108940086213	6.43450581101868	7.7907003570388
miR-724-5p	0.385030553021202	0.385030553021202	5.88428300671628	0.385030553021204	0.385030553021202	4.01573982739382	0.385030553021202	8.23260776439996	0.385030553021204	0.385030553021202	0.385030553021202	0.385030553021202	3.58302013802088	3.44636411592523	0.385030553021204	0.890218932532431
miR-722-3p	0.385030553021202	2.04005823106556	2.27033076732511	0.385030553021204	0.385030553021202	6.24134503172112	0.385030553021202	7.88070962791531	4.58850933363011	0.385030553021202	3.12991726376992	4.0659767988973	3.76835573892128	4.65364447680309	0.385030553021204	4.69746993552053
miR-7133-3p	2.60686688602725	2.43510500240385	0.385030553021202	1.83918230457899	4.77882478709279	0.385030553021204	0.385030553021202	0.385030553021202	0.385030553021204	4.63881533802911	0.385030553021202	6.29498690864905	5.25806968878517	3.47856273710973	0.385030553021204	2.57536844435298
miR-7132a-5p_gac-miR-7132b-5p	10.6931679431948	11.4765988629921	10.6105612960389	9.6169337482446	11.0098797564693	10.1658435645484	11.492162560847	11.1180903594166	11.3298896252781	10.3483083679082	9.01319627670391	9.90257772166046	10.8039792853864	10.2539559775398	11.4976380126965	10.2194958466368
miR-7-5p	2.60686688602725	7.70589699153516	7.63395629674866	6.37685506464061	5.2977854492253	6.37658288625316	6.97835108265141	0.385030553021202	7.7470906876175	5.74861407172367	6.37909151376334	4.81391486762251	5.70685037679427	5.49499543804944	6.29240694099681	5.94982354435276
miR-551a-3p	7.60241980587712	6.09701230402463	7.12010139116452	7.24098256220376	5.92429566592933	8.28118735259182	3.56246532671953	6.82383228413384	4.23330063518239	7.86691130698136	7.65041431729794	6.36778729722486	6.95060629007644	8.36090653809726	0.385030553021204	7.58391182052107
miR-499a-5p	8.59756441170752	0.385030553021202	4.80670892612688	0.385030553021204	2.59924058371563	0.385030553021204	4.64096053487845	4.77335778074914	4.23330063518239	6.61994897045607	5.89239045487728	7.26017272808543	6.88193553656329	8.92473160406592	3.51691906473141	5.61307399197905
miR-489-3p	7.3855800893659	0.605769331819842	0.385030553021202	3.02191322908188	0.385030553021202	6.28784720657072	0.385030553021202	0.385030553021202	0.385030553021204	6.89099025480182	4.73492374084236	6.45055967324817	5.05917308482697	5.6655254781114	3.51691906473141	4.82835733444141
miR-460-5p	4.74581366697202	3.40458973668638	1.74773820317327	0.385030553021204	0.385030553021202	3.12774910453831	5.56316736780333	0.385030553021202	0.385030553021204	6.74868930630669	5.85575016967211	5.54910021175539	4.98627554175696	6.38756685552612	2.42287895939403	3.93252617004769
miR-458-3p	0.385030553021202	0.385030553021202	0.385030553021202	0.385030553021204	2.59924058371563	0.385030553021204	0.385030553021202	0.385030553021202	0.385030553021204	0.385030553021202	4.01808288515255	4.19961376181003	1.08900284670867	3.79213700999611	1.73731639118594	3.98335761236285
miR-456-3p	7.32944716112661	7.72368907473252	6.88623728483592	5.47500018278669	6.59068663020451	7.80960940187082	6.48081530071235	7.84846981481147	7.26282048914696	5.69483710110342	5.99703836816783	5.00860802631672	6.08401827821026	6.33577568949865	6.36520518045527	6.44748606505194
miR-455-5p	5.05362937715697	0.385030553021202	5.42427975021202	5.04947687616102	2.59924058371563	7.38672536741735	2.39136949710201	0.385030553021202	1.6117071970166	0.385030553021202	5.56934648327811	6.66217341946314	7.0252821883041	6.57792723355617	5.9577656451964	6.00621787455081
miR-455-3p	6.34111363666203	4.4895649428648	5.35362139535	3.66298120326479	0.385030553021202	7.69350379185012	0.385030553021202	0.385030553021202	7.67478786743994	6.86687664981533	7.09654399072945	6.51608443774022	8.12377501050113	7.57363340252469	4.89246284208433	5.93698636744736
miR-454b-3p	2.60686688602725	6.68038356164986	0.385030553021202	0.385030553021204	0.385030553021202	0.385030553021204	0.385030553021202	0.385030553021202	0.385030553021204	0.385030553021202	0.385030553021202	4.19961376181003	1.56005539136609	0.385030553021202	1.73731639118594	2.36145310142595
miR-451-5p	14.5226301649076	15.2595565477937	14.2075134820771	15.1826327880439	14.8394950348223	16.2699935488753	14.50191860755	13.9878243649005	15.0876569814844	14.3679105126932	15.6573522739671	14.6333629748056	14.6893559393111	16.0993757577645	16.4016020355265	15.1395193356938
miR-429a-3p	7.08013786561528	5.55032621030244	6.24931157277931	4.28417071523339	3.4347568386623	7.05152733519605	5.09359209832416	4.08160301604751	7.53201798933352	5.09141497123694	4.56375411648149	5.39042195809996	7.08759598699549	4.52079816234227	5.9577656451964	5.42361856945002
miR-425-5p	12.1285494882026	11.6634385567501	12.5424671875496	11.3709056295148	12.6656373787516	11.487410071553	12.1429243238724	11.9577985964469	11.5796622519546	10.8994982831559	10.8274368440757	12.2098709985227	11.3153826971197	10.7766183920876	10.0853703665515	10.8338873064855
miR-375a-3p	12.8829228181358	11.2971199394076	10.0877461511419	10.0956957164945	10.2135612096498	11.1805108780102	10.6496781070791	11.8881411238078	10.8692605762625	11.2390495408492	10.2275411920796	11.5649695913971	11.313521509019	8.17200562530895	11.075039555022	10.1709833949118
miR-365-2b-5p	7.71623934471487	4.21553073179052	5.21244459322528	4.83653510724251	0.385030553021202	3.48786872717518	2.71371919960296	6.40327292496787	5.88420670860266	0.385030553021202	4.36950722970277	3.46718029966315	5.05917308482697	4.91124435099671	0.385030553021204	4.78603401526802
miR-365-2b-3p	8.25742806891146	8.1968337810134	8.66194908872765	8.09786358560643	7.46920265516211	10.2533930139189	7.47022952150625	5.23896623869118	9.73161576583415	7.87095823712178	9.7243511001855	9.25860362905959	9.34291106620687	11.1026557552964	7.93485064487327	7.6164810728076
miR-338-3p	5.12131490943777	3.87694406010339	4.76063893658199	0.385030553021204	0.385030553021202	4.22139667437351	4.0932681016019	0.385030553021202	0.385030553021204	0.385030553021202	5.61390973035452	7.35633538922964	6.36846657039322	6.46995647990954	4.98776356624231	5.62112163378363
miR-338-1b-5p	0.385030553021202	0.385030553021202	3.82851684728165	0.385030553021204	5.11196630557367	0.385030553021204	0.385030553021202	4.90458494123511	0.385030553021204	3.71252361998796	3.72493656232376	4.77161236773713	2.19893910316658	0.634046036833752	4.98776356624231	2.19890490251495
miR-31a-5p	0.385030553021202	5.86552728951268	6.35644367957445	5.74324905020355	5.86669404036615	3.12774910453831	0.385030553021202	0.385030553021202	0.385030553021204	0.385030553021202	2.52973688630148	4.85501223250724	6.32478485054307	4.73586534634007	3.51691906473141	5.30873154658415
miR-30e-5p	8.66715606776676	9.28632858417146	8.8885940404703	7.60319273572398	7.44971948867815	8.61791837540628	6.66015347605984	8.35240082955211	9.18583513309826	7.80480428054787	8.82699922283964	8.89472389395304	9.35200650344107	7.96314976262057	9.47821127812162	8.83048781568928
miR-30e-3p	9.69013231516898	12.2892974493711	11.4943399606118	11.8780674120483	11.6376863204225	11.7672556658179	11.5495556902251	11.5299543966149	11.7789182475262	10.1343567283645	10.752183140612	10.6313822812398	10.2731964289784	9.66700215809198	10.2017498245477	9.85808668772872
miR-30c-2-5p	9.73673516955903	12.0387545601394	10.834172460838	10.0029007810382	11.1657773148891	10.6301955126143	10.4282672389945	11.0699675046801	11.5403572158176	11.490557531102	11.3103689235253	11.6473326966365	12.0782308422773	11.3447359863575	10.9797260701876	10.8615363776589
miR-30c-1-5p_gac-miR-30c-2-5p	4.6573778795731	4.83337668205056	2.08335940370102	5.14521488601169	4.77882478709279	3.48786872717518	1.38925960891669	3.55123171603437	2.71295300369085	6.61994897045607	5.37590382178584	2.80639478125352	5.91756061581761	5.91532002719645	5.75597062648414	5.58865816085048
miR-30c-1-5p	7.67178317639977	9.14327961365677	9.57950960854779	7.68511650250394	7.50739697910448	9.91491348102531	7.86103427674613	5.99563603419215	8.64516055576121	9.39962917620761	8.744224343784	9.75568470641272	9.81098147775881	8.58355989791927	7.89852217373957	8.83654858712377
miR-30bb-5p	5.98919937223074	8.66807294209316	7.38847062006502	6.52658935357698	7.87185295839189	8.69758345973102	5.60270205513195	0.385030553021202	7.82710466398047	6.43551318272053	7.09654399072945	8.35057516499067	8.27680164895756	7.64983945341718	7.75689703660702	6.8616523568737
miR-30bb-3p	3.44330140873845	6.94592202872412	7.27287849709537	4.58662846401071	3.4347568386623	6.46017551640559	3.56246532671953	0.385030553021202	0.385030553021204	0.385030553021202	3.87894263009819	5.00860802631672	3.76835573892128	3.93821457872046	5.38788007184421	4.17046752946191
miR-30a-5p	12.8430712554179	13.3582206138797	13.4328838544083	13.2587480766965	13.7175869894267	13.7867198413394	13.4969270890431	12.7148352537109	13.5204593800753	12.8599627480777	13.371743047977	13.2518755965361	13.3839676418679	13.7017114846963	13.7311850960949	13.3683538314998
miR-301c-5p	3.21449731897648	2.49158108242705	5.04316668651332	4.44331131422195	3.72141182302679	0.385030553021204	0.385030553021202	0.385030553021202	0.385030553021204	5.52031928843317	0.385030553021202	4.13434207785924	0.385030553021202	1.03136611908625	0.385030553021204	1.08898439247031
miR-301a-5p	0.385030553021202	0.385030553021202	0.385030553021202	0.385030553021204	0.385030553021202	0.385030553021204	0.385030553021202	0.385030553021202	0.385030553021204	0.385030553021202	1.48309574952805	5.07967940219028	4.0081610352855	3.73996180915621	0.385030553021204	2.28246707676325
miR-29b-2b-3p	0.385030553021202	4.77768811205933	4.40896789305738	0.385030553021204	0.385030553021202	0.385030553021204	0.385030553021202	0.385030553021202	7.75879655708504	0.385030553021202	0.385030553021202	1.08315671211874	0.385030553021202	0.385030553021202	4.56173603157414	2.01568919606877
miR-29b-1a/2a-3p	5.71027044232955	5.31239475274323	5.9677578135867	4.10527388637373	6.18215021502388	6.93947563154046	2.97703460874527	0.385030553021202	0.385030553021204	3.71252361998796	4.65187600949894	4.77161236773713	3.37031643229606	3.96118499897255	1.73731639118594	3.29178348666599
miR-29b-1a-5p	3.81437629325572	6.55679735900401	2.58427798835457	5.54688128101011	5.20786550032144	6.28784720657072	1.97562904455383	1.96720107641931	0.385030553021204	7.65795901564784	5.02623880403073	5.24340092502676	5.16204627637015	6.10773868315196	5.24086780922811	4.97371382201301
miR-29a-3p	1.53664440714234	7.44138444660177	7.60165357965069	4.58662846401071	4.64816793884239	7.44943663512179	6.73322233937229	7.6382558260526	7.69929363914278	5.45711756916492	6.06281112461731	7.046178496646	6.55646106528372	6.66444826337029	7.6443972770573	6.63004311173728
miR-27e-3p	9.73403510351782	8.33056402425276	9.28624518529908	7.32515959677746	6.40083131910022	8.53359577599483	9.072935864304	3.84065358872923	6.91076343242105	7.89102433751931	7.3677293392984	9.04435834817726	9.37895374271177	10.2087832643813	7.44051781434651	8.85543263947711
miR-27c-1-5p	6.79936856268635	6.40334089058394	7.96714676955148	6.02074769260716	6.78976859298354	6.24134503172112	7.18781630294734	8.37521045022837	4.68982029977386	5.73091021229655	7.44376048119447	7.88881568608549	7.05231832679058	7.0518352668358	6.46794649202969	7.610430080952
miR-27c-1-3p	9.37016610040209	10.2977447220951	10.8829240779519	9.00792298406233	9.62215771533427	8.9497739043288	10.2467767556662	9.12568417677812	10.1243955126648	9.80905602856103	10.5318402913711	10.9331207320335	11.1337616487531	10.550589787687	10.0022178767615	10.2693132321616
miR-27b-5p	4.9079155036119	5.3434135590863	4.44825199244815	3.37776574345377	2.59924058371563	0.385030553021204	5.88514225328515	0.385030553021202	7.3582441403668	0.972056658241802	5.65713761316534	6.27997538341328	5.63713002295707	5.77328559268583	3.75225902567122	6.38269105142833
miR-27b-3p	10.4548916478266	9.09795647583183	10.9341953436442	9.59590741693801	9.93048969047091	11.3296571192871	10.1315587029991	7.72959445508257	10.7349589731475	10.3827283187324	9.69613131057252	10.6150267616299	10.340546091484	11.0555722683236	9.2900393354306	10.5609846610763
miR-27a-5p	4.10926907106746	0.966131601897198	5.81834616191856	4.44331131422195	3.07665653946073	0.385030553021204	6.25131210098104	0.385030553021202	3.7610303726877	0.385030553021202	4.14497629298071	5.59833810541327	5.34809883478802	5.83054089717706	5.86039348908424	6.27459913122765
miR-27a-3p_gac-miR-27b-3p_gac-miR-27e-3p	6.283187908769	2.69767374094388	5.81834616191856	3.37776574345377	0.385030553021202	6.24134503172112	3.56246532671953	3.55123171603437	3.56161441494538	0.385030553021202	4.958737274823	4.85501223250724	5.46001371655124	5.2182139101498	5.24086780922811	5.98142546903369
miR-27a-3p	5.12131490943777	4.87642981815985	7.19995055984705	4.94693120585087	3.96044240811095	4.56134631549898	0.385030553021202	4.288010865729	8.36019637183931	0.385030553021202	4.14497629298071	4.85501223250724	6.26440583024154	6.27748755403341	5.86039348908424	7.13328248030917
miR-26b-3p	7.19454365176363	2.59830439439581	2.58427798835457	4.44331131422195	7.38963973721272	0.385030553021204	0.385030553021202	7.83207564748999	6.77901138589717	0.385030553021202	6.06281112461731	6.38191669972213	4.94839727994903	5.65147140671929	6.36520518045527	4.57023548426546
miR-26a-1b-3p	5.41899050844322	4.29701593548445	5.39442031834348	0.385030553021204	5.38242819748174	3.48786872717518	0.385030553021202	0.385030553021202	7.47638703779586	0.385030553021202	5.47586492810167	4.19961376181003	3.8527979981092	3.44636411592523	4.28984891901777	4.39358127452102
miR-26-5p	13.5863105819413	13.5336554361712	13.7473839790916	12.7532589000229	13.9726424760539	13.5042532061681	13.6548358342941	13.2621462997826	13.7047873490772	13.7144778426852	14.3070716067458	14.0059005736946	14.2460799155853	14.5126813251439	14.0207056471132	14.1539980519102
miR-24-3p	8.00311970010269	8.86329545297048	9.37492485875179	7.9332752221907	8.51163679239188	8.08447609071585	8.23892974125661	9.09165700641509	9.50364177685156	6.66725733861047	8.18871905411652	8.76865690076662	9.45690099846151	8.61014467878067	8.28368629836312	8.71961404221545
miR-24-3-5p	0.385030553021202	0.385030553021202	0.385030553021202	0.385030553021204	0.385030553021202	0.385030553021204	7.16158336927153	0.385030553021202	0.385030553021204	0.385030553021202	0.385030553021202	1.55161255485338	0.385030553021202	0.385030553021202	0.385030553021204	0.385030553021202
miR-24-2-5p	6.79936856268635	5.64673512863905	7.28377804501118	4.58662846401071	5.92429566592933	4.40136142521961	7.31226994406952	4.288010865729	7.80469274057572	7.99109357648789	7.31472047026346	7.36347368810527	8.03620326569959	7.18219373222861	6.56385499859549	7.07588502093909
miR-23b-2-5p	7.52955232911939	6.53008302013353	8.21504211561249	5.68071652909258	4.34490236461647	8.18618182179042	4.71498328369357	5.13588346258218	3.05430472506308	7.4079731840882	7.06479209658848	7.94699544823014	7.29045301421103	5.45509711465422	6.56385499859549	7.77815930628489
miR-23b-2-3p	9.48059997155611	8.95087440984188	9.71099671941956	7.42391181510502	7.58087974326021	9.94424300541201	8.13490393919216	6.57072259658097	9.86756697194056	8.44375734848992	8.5798493393279	9.15545436163807	9.47032791761456	9.87142527508043	7.86125523376669	9.19973874610703
miR-23a-3p_gac-miR-23b-2-3p	5.36416732025796	3.67228111910315	0.385030553021202	4.94693120585087	4.50448911754923	6.03872027652033	4.39294989075865	0.385030553021202	7.34277208729446	5.14587154407574	5.81815502373502	3.46718029966315	5.99392174279403	5.00265125741001	7.20300881966322	6.07813689724863
miR-23a-3p	12.8679147686239	12.0139649246996	12.0623190047207	11.5077817311384	11.8997250066171	12.3486144596261	12.294718135036	12.1527438388346	11.9276304369579	11.9636738959002	12.1313642386243	12.7113950026038	13.2754534896763	12.7527529957412	11.7806638810161	12.2476840576835
miR-23a-3-5p	0.385030553021202	0.385030553021202	2.17987187326747	4.58662846401071	0.385030553021202	0.385030553021204	0.385030553021202	0.385030553021202	0.385030553021204	6.30997380315581	0.385030553021202	0.385030553021202	5.02318469182098	4.86327320044277	0.385030553021204	4.12591557245268
miR-22b-5p	9.77926280741231	8.57230900085588	9.2916549924287	9.26396312761199	8.85307043025673	9.49186231290315	9.57337087500124	8.12905292436005	8.67635570123837	9.50624505757408	9.64067446598978	9.29452602654636	8.90246221015946	10.6739041553741	9.58112258558784	8.70927054599044
miR-22b-3p	2.16879959800388	5.86017501828056	5.42427975021202	4.44331131422195	4.34490236461647	2.64672263809054	0.385030553021202	0.385030553021202	2.71295300369085	5.56096616935632	3.87894263009819	0.385030553021202	3.76835573892128	5.72041142572358	2.88570261020202	4.05639671051053
miR-22a-5p	8.07315929666362	8.13944531126218	8.13754992073542	7.65290306426653	7.59868016102712	9.54547727153258	8.08692257954898	8.92388362799689	9.38024262618453	8.46800528198404	9.00485400232198	8.8420380824726	9.38782545325444	9.78635971676543	7.18301102089135	8.32558852222754
miR-22a-3p	14.1677872020672	14.340176559611	15.1642494345725	15.0897089121542	14.009080097823	15.8150544011064	13.8033967716971	14.3535514206592	14.7082113230206	14.1511002708792	14.243677801727	14.6320243296285	14.5049247822315	14.4527821430948	13.20779133163	14.8118835260158
miR-223-5p	7.54195536813192	8.76074923033571	7.88899904794448	8.87459979922702	10.0900110253239	8.54321205179422	8.49147765293127	8.81130527240739	7.59866941656051	7.15270690880377	9.25396333646196	9.6919000102688	9.60576605967015	8.02031808565562	8.32988787346084	7.87219400164917
miR-223-3p	13.0021729313526	12.0354935691469	11.7433909321579	11.643075644103	13.1651621376744	12.3730844749395	12.9187509735138	11.3372188272447	12.2867038452008	12.4020887606241	13.3892747436597	13.7487928943503	13.7488246380506	12.4416265446209	12.2879888214006	11.3264519130539
miR-222c-5p	4.46236719708452	6.78858921371558	5.03028008522769	6.11834759192688	0.385030553021202	7.50953513854101	0.385030553021202	0.385030553021202	0.385030553021204	0.385030553021202	5.37590382178584	5.14741336198574	5.37690192566324	4.21160041150033	0.385030553021204	4.63525489135551
miR-222a-5p	5.6195580239896	5.99326087742631	0.385030553021202	0.385030553021204	0.385030553021202	0.385030553021204	0.385030553021202	0.385030553021202	0.385030553021204	0.385030553021202	6.42982738172093	5.8629582093218	6.5937453361636	4.23063160199564	6.43450581101868	4.68216589069836
miR-222-3p	9.5250118015052	9.22934688961023	8.73723081636902	8.78826037134055	7.58087974326021	9.06105856741969	8.92483500482591	7.79871761141435	8.5131626634972	9.52562787609831	9.80343938090454	10.3791895579874	10.2865407800659	9.26475980915873	9.02947444377807	9.44952786319598
miR-221a-5p	0.385030553021202	4.4185158098745	1.74773820317327	2.54849975486467	0.385030553021202	5.59672779826217	5.94788597283848	0.385030553021202	0.385030553021204	0.385030553021202	0.385030553021202	0.385030553021202	1.08900284670867	0.385030553021202	0.385030553021204	0.385030553021202
miR-221-3p	9.59513057302608	9.59743622870679	8.39168105579633	8.26702430622009	7.54460616041284	8.7483500054465	8.2451888902318	7.71178349874737	6.86816911399359	8.81115469912546	9.88752043404542	9.64287340261481	10.1679442526896	9.49763961790803	9.72981972575532	9.32573025472726
miR-21a-3p	5.83646575661966	6.78294318647882	5.44384813930263	5.23499311437434	5.53813074329578	7.98919335974908	0.385030553021202	0.385030553021202	3.33014443732953	2.7119063487475	2.86081495620971	5.94137772077734	2.81876103327727	2.94532788404211	4.13191369730965	4.29641922754509
miR-218a-2-5p_gac-miR-218b-5p	0.385030553021202	0.385030553021202	6.00116216112106	4.28417071523339	0.385030553021202	0.385030553021204	0.385030553021202	0.385030553021202	0.385030553021204	0.385030553021202	3.72493656232376	3.91868547231541	2.43637453485295	3.57105910854033	0.385030553021204	3.7970125372423
miR-218a-2-5p	4.10926907106746	6.80817809893261	7.09247175856806	6.33686065520325	5.97968549236658	5.92562924290636	4.71498328369357	1.96720107641931	0.385030553021204	7.3278001133026	5.21163899423695	6.78422024274994	7.70815659726451	5.82429025824359	2.42287895939403	5.21613344891117
miR-2188-5p	10.6551377616416	9.67569163958003	10.2738433762719	9.99328437540561	10.4719918404398	12.5123927393075	10.6730801103946	9.7710157678942	11.339665700884	11.2157701607414	12.8399100497728	11.3246373475898	10.600746125755	12.4933889662556	13.4682644655803	11.6831561130408
miR-2188-3p	11.6081236787696	11.74809670802	12.5706241143205	13.6413516248969	12.5886768258048	12.5950409573452	12.0843447662389	12.5219906856187	12.2184038623121	11.9964585538926	13.6466941135537	11.777285877339	10.9440961915556	12.6782470102681	13.5757025306692	13.3741317363008
miR-2184-5p	0.385030553021202	5.82763757840351	4.32703722509241	0.385030553021204	0.385030553021202	0.385030553021204	0.385030553021202	0.385030553021202	0.385030553021204	2.84952212327806	5.15244726934836	1.904667326663	5.56386847316863	4.59610622800114	0.385030553021204	3.44471492071654
miR-217a-5p	0.385030553021202	4.24867911387516	5.87710375628231	0.385030553021204	6.08446662598608	3.12774910453831	0.385030553021202	4.46855020690391	3.05430472506308	6.79201896378627	1.48309574952805	5.71454740005955	4.0081610352855	5.29254437203737	5.52128730751377	4.6510619838523
miR-214a-5p	0.385030553021202	0.385030553021202	4.38891728765165	0.385030553021204	0.385030553021202	0.385030553021204	0.385030553021202	0.385030553021202	0.385030553021204	0.385030553021202	3.87894263009819	4.81391486762251	3.25091739031776	2.09023452670291	0.385030553021204	0.385030553021202
miR-214a-3p	9.87305654311901	7.56989177920374	9.45906892113199	9.23705389826036	7.34814996789257	11.2511549531872	8.86512779700995	9.49198381629963	9.58150768403964	11.8006012005604	11.005240873525	10.4942192600035	11.6672607025479	11.5572823421848	8.85719840075829	9.54515007369935
miR-212a-5p	5.18596670432147	7.48550438177809	6.93545034266108	4.94693120585087	5.20786550032144	6.28784720657072	5.60270205513195	7.06738182352632	3.56161441494538	4.63881533802911	7.3677293392984	6.13734228736181	7.61451437012379	6.53263976027147	6.65378313393232	7.18033679247995
miR-212-3p	0.385030553021202	4.64703664751939	0.385030553021202	0.385030553021204	2.59924058371563	0.385030553021204	6.5632843414442	0.385030553021202	0.385030553021204	0.385030553021202	0.385030553021202	0.385030553021202	0.385030553021202	2.63838973218339	0.385030553021204	0.385030553021202
miR-210-5p	9.78709903797622	10.1308185363647	11.0339982846928	10.0654224373246	10.3112571357368	10.1966368809011	10.8113226632733	6.88868130851515	10.3901622582455	9.01873081938353	9.73447750843105	10.1671209376739	10.6264607360502	10.7351570623415	10.7338738114344	10.2051795452482
miR-210-3p	3.44330140873845	6.8275045657809	4.92282096816632	5.31951028148905	6.85045947516979	0.385030553021204	3.19962771322601	0.385030553021202	7.55904917865704	7.24290816365666	8.04965078427593	7.69306219830628	7.92357841266459	8.0079615608817	8.64699934774805	6.98838004833889
miR-21-5p	15.8723825693939	16.374258845013	16.1747092480767	15.6505753546267	16.1745184696877	15.6660974926447	15.4303794166092	14.8900590397926	15.3520836810759	15.5775394347017	16.0009485981142	16.3885656776805	16.2762879014961	16.0651057229718	15.8540514819337	16.2453392238891
miR-20a-5p	5.75357370464918	6.66818435899334	7.35785275396432	6.11834759192688	6.31729309633354	6.81798262558923	5.78559321114781	0.385030553021202	3.33014443732953	4.85036372585775	6.12571557926204	6.3098438431828	6.78855138915823	5.88561041734561	7.71573077825915	6.16326973083756
miR-206-1-3p	14.7334120140115	11.0238757429216	10.5009892162081	13.0044880892282	11.37520054348	14.0286218188117	11.9746741376881	14.1335351040499	13.0317837741093	11.9596416943148	13.1582061321971	13.156854466094	12.6072616321066	13.7730439117576	10.485079574744	12.6311957334219
miR-205-1-5p	9.81291660355122	8.82397233948634	8.74809339112961	7.87860806123543	8.47355604205878	9.09414526553235	8.78146845173927	7.71178349874737	9.51058205970584	9.18398891733044	6.5721345584242	11.6318971794145	10.7409810240798	8.07924961662424	7.45726551354728	9.8340538727456
miR-204-2b-3p	5.18596670432147	4.65941521833568	5.5010094632995	5.54688128101011	5.00923568038936	4.40136142521961	2.39136949710201	0.385030553021202	7.54559689211721	5.29789748819292	5.61390973035452	6.35351814501147	4.69751532455446	2.09023452670291	4.13191369730965	5.24766448337605
miR-204-1/2b-5p	13.1502765354183	10.8856696803307	13.180462885206	12.3455737576035	11.543180729699	13.7116873075397	11.7996782067458	13.0022063184817	11.920482725814	12.2445204205205	12.8015933590096	13.1782647333834	11.2748282604812	11.5256083127496	11.2689313026536	11.9094766674964
miR-200b-5p	5.24784508614377	0.385030553021202	0.385030553021202	0.385030553021204	0.385030553021202	0.385030553021204	0.385030553021202	0.385030553021202	0.385030553021204	0.385030553021202	4.56375411648149	4.6830938798072	6.06644347935781	3.71314911754215	0.385030553021204	4.33607267552399
miR-200b-3p	11.2234394392377	9.79444492096447	9.67677842621942	8.39912477027032	9.88043446496406	9.48688795949977	9.52016571238366	10.8165138488252	11.3425856522679	9.23354943615005	7.65041431729794	11.1498813507966	12.4086515326041	8.69994012911375	9.00120134941887	10.0797633258903
miR-200a-3p	9.68454932381419	6.84657555228371	8.52051916615111	6.81561278839475	5.86669404036615	4.70534771305453	6.00801427930348	7.72959445508257	6.68397869956806	7.33367688435034	6.5721345584242	8.8648537093596	10.1771851561191	7.27449212585768	8.96652560211673	8.76753107356388
miR-19b-3p	1.53664440714234	6.90492258717981	5.82582307034343	6.29572583054267	7.9432531532053	5.44083600754448	2.97703460874527	6.88868130851515	4.87331180291214	0.385030553021202	6.18599148225032	5.73670677143758	5.34809883478802	5.61572532514887	7.67335528133645	5.72185003012118
miR-19b-2-5p	4.98261131775945	5.24828169680998	0.385030553021202	4.10527388637373	0.385030553021202	0.385030553021204	0.385030553021202	0.385030553021202	0.385030553021204	5.34520983696959	0.385030553021202	1.904667326663	3.37031643229606	2.94532788404211	0.385030553021204	1.56002876411055
miR-19a-1-3p	0.385030553021202	4.28108293091135	6.51285203461193	5.31951028148905	3.72141182302679	0.385030553021204	0.385030553021202	0.385030553021202	0.385030553021204	0.385030553021202	3.72493656232376	3.91868547231541	4.65110729425059	1.19533663079631	5.31624572046056	4.53659284643471
miR-199-5p	8.96301179400452	7.41424996703128	9.36917948809936	8.20172039545739	7.81207417938587	11.6740455282892	8.65083662672685	3.1887947965218	8.54731151368878	10.4593132618024	10.0982374511984	9.14098816328561	11.1753468972766	10.9356594734242	8.32076516731168	9.16506785283442
miR-199-3p	11.7737153650178	10.1983866509924	11.8642727728706	11.3534721607331	11.0198231375342	13.581534418249	11.2753505490724	10.861633695699	11.8510944580972	12.8863169738034	12.7121891519208	12.3939012655845	13.6508842217189	13.223992755589	10.7252570167559	11.8789692472325
miR-196d-5p	3.81437629325572	0.385030553021202	1.12796331038238	4.44331131422195	5.74409536984106	2.64672263809054	1.38925960891669	0.385030553021202	0.385030553021204	0.385030553021202	2.09931927582999	3.35705370769198	4.27622073007313	4.48953864168226	0.385030553021204	4.98622971638622
miR-196d-3p	3.81437629325572	0.385030553021202	0.385030553021202	5.31951028148905	0.385030553021202	0.385030553021204	2.97703460874527	0.385030553021202	3.93619973200899	3.71252361998796	4.46989742261511	5.52383641489916	3.25091739031776	5.07814129897071	0.385030553021204	3.82515272936262
miR-196a-5p	8.29455201821739	3.83390649849953	6.60698771322465	6.11834759192688	5.67865405159099	8.26964821716959	5.88514225328515	0.385030553021202	6.19112721425717	6.70401789116532	6.78196427804566	5.52383641489916	6.50520079234834	6.86958850628064	3.23556064298948	6.04262548911971
miR-194a-5p	1.53664440714234	3.40458973668638	5.15424185472974	4.71698620256949	6.08446662598608	2.64672263809054	0.385030553021202	0.385030553021202	5.4366873625594	0.385030553021202	4.81344998353778	6.65054872135991	5.79486046222584	5.11956876789568	6.65378313393232	5.82995697157618
miR-193a-2-5p	8.34497117033289	0.605769331819842	6.29312360015422	6.52658935357698	0.385030553021202	7.25248041653916	3.19962771322601	6.48942582655228	0.385030553021204	6.98360564329592	7.11216166842301	5.21210933839801	6.55646106528372	8.81000330117855	4.6806037238496	6.63799690982356
miR-191-5p	13.0534293870651	12.4549566598849	13.0905045036359	12.2532440826067	12.6352362112118	12.5263994380471	12.0368789488631	12.2554388680947	11.9823243634008	11.7277167067146	11.5413337890037	12.5886525818588	12.013783955151	11.5348488444717	11.3496371582862	12.0855631659423
miR-18c-5p	5.66562708198095	4.4038762427203	6.81288658280885	6.92756055229387	0.385030553021202	0.385030553021204	1.38925960891669	0.385030553021202	0.385030553021204	0.385030553021202	4.46989742261511	5.39042195809996	4.6031566702452	4.33982998703651	5.70078093083245	5.21613344891117
miR-18a/b-5p	0.385030553021202	6.27246377461127	5.74925081142384	0.385030553021204	1.88079583047787	2.64672263809054	1.38925960891669	0.385030553021202	0.385030553021204	5.58086807438954	2.86081495620971	4.19961376181003	2.19893910316658	4.0060569267164	5.16133338701457	3.20877496458838
miR-184-3p	8.7443184484696	8.55833047160243	7.0674598328872	7.4615946669778	7.48842620938353	8.38108544668949	7.23889312648031	2.70360762615355	5.4366873625594	5.45711756916492	5.32319999613551	8.29565846622003	9.23692059736535	5.18932205810019	4.89246284208433	7.54425590991073
miR-183-5p	3.64073660718633	7.14830861380177	5.83326142866155	7.03144362267969	5.97968549236658	7.82545866180625	6.30022654164095	4.77335778074914	7.81594222232614	4.47831246011743	5.7398915227787	6.0157534987043	4.21372921934455	6.0064770470036	5.07715716471845	6.85825193605949
miR-182b-5p	4.9079155036119	4.54398781866009	0.385030553021202	4.71698620256949	3.72141182302679	6.81798262558923	0.385030553021202	0.385030553021202	4.09238462889882	4.52014300603567	4.88792176010361	4.43465299722112	3.12073783775003	3.96118499897255	0.385030553021204	4.23481743836946
miR-182a-5p_gac-miR-182b-5p	0.385030553021202	1.70000057580445	5.20099037714467	1.83918230457899	2.59924058371563	0.385030553021204	0.385030553021202	0.385030553021202	0.385030553021204	0.385030553021202	3.12991726376992	1.904667326663	1.91457743680909	2.39019112059121	3.95453906894195	2.76162286467908
miR-182a-5p	0.385030553021202	6.19380041388615	6.2658973897138	4.71698620256949	0.385030553021202	7.25248041653916	5.56316736780333	0.385030553021202	2.26495011330835	0.385030553021202	0.385030553021202	2.80639478125352	2.43637453485295	4.55139470852323	3.75225902567122	5.08263013248288
miR-181b-3-3p	0.385030553021202	3.31353488704947	0.385030553021202	0.385030553021204	0.385030553021202	0.385030553021204	0.385030553021202	0.385030553021202	0.385030553021204	3.47794945532132	3.35662832835834	0.385030553021202	1.56005539136609	2.89849514491079	0.385030553021204	1.80577416062436
miR-181b-2/3-5p_gac-miR-181c-5p	9.56506197387772	8.54921282952157	9.92931297099683	9.14740788526701	8.94638865631216	9.53105149610321	9.24520711801873	6.40327292496787	9.0964052746843	9.06362275474741	8.93632013493638	9.41278619544512	9.38605547023526	9.16811895706826	8.87600466675615	9.58272279156831
miR-181b-1-5p	7.39927858239965	7.06701468548074	8.01044150020717	5.04947687616102	8.0245155348163	8.46442497670747	7.2637690469219	0.385030553021202	6.70833015702685	4.97591797878428	6.29947679880742	7.34195195102504	7.05231832679058	6.44979596603278	6.94252949047561	6.5854956696028
miR-181a-5p	10.9647911865799	11.0111038572895	11.8214359508853	10.1941175806113	10.7658599013088	11.6936073977479	10.8722400223771	9.9863254627812	11.7195078814822	11.6167186763645	11.1168624632494	11.2208699998768	11.692184636914	11.7534372214005	11.1490642900138	11.4013768243116
miR-181a-2-3p_gac-miR-181a-3-3p	10.9774030534981	11.8538727678353	12.0740411264836	11.588768773222	11.0589251912423	11.9282032137964	11.2730550839786	11.2884845462147	10.8813587625539	11.2225163904422	10.8520612798311	11.2355336147557	11.0546333236174	10.4240325089625	10.3857836030016	11.0625488314012
miR-181a-1-3p	7.34368647148216	6.19804927987448	5.13028698435564	3.02191322908188	0.385030553021202	0.385030553021204	4.29980538531005	5.51024345833859	2.71295300369085	0.385030553021202	4.56375411648149	5.94137772077734	6.51818761855837	5.91532002719645	6.76558091820448	6.57310378150106
miR-17a-5p	1.53664440714234	6.67734341808781	7.8307338049834	5.86072682198802	6.93696162886012	6.28784720657072	0.385030553021202	0.385030553021202	2.71295300369085	3.47794945532132	6.87644407984628	3.46718029966315	5.83693073756855	6.14833663702494	7.37151237632654	4.17046752946191
miR-16c-5p	13.5424240568327	14.9999326023118	15.075117721997	14.3044108389697	15.5101845111658	12.737970183966	14.9713767967104	14.1232555721124	14.1530657787617	14.3925763653108	14.4877950567263	14.4309071943907	14.7722376802778	14.4421540459257	14.5225304136466	14.513633940986
miR-16a-5p_gac-miR-16c-5p	9.94486884032784	11.5760540253631	11.2281189551095	10.6344142052484	11.5761243095514	10.366044888172	10.5124098039511	9.25429361759176	11.0681781028014	10.2374797421583	11.033197409418	10.7125869199467	11.1967085680214	10.669334396896	10.8525666189383	10.5465320213395
miR-16a-5p	7.82173216371338	9.04704714615423	9.55328774322836	8.20172039545739	9.48053601522968	9.7039123698518	8.56837284768763	8.49459787251898	8.56074789605899	7.99851121111907	8.74922716340785	9.33503279634002	9.09244589804125	8.67149572009676	8.44351444707165	8.45278368102859
miR-15c-5p	13.1548261776114	13.8179133855676	13.919742158761	13.6266539966138	14.1232039906955	13.4709469864611	14.0440786715473	12.386115235488	13.7600701676614	14.1428084451147	14.0257259896264	13.7043311779666	14.088554517101	14.2835599547876	14.36476403917	13.2730533899788
miR-15b-1-5p	5.71027044232955	6.95096599441635	7.35785275396432	5.68071652909258	7.44971948867815	7.18036301873194	4.97808788395631	0.385030553021202	7.79335485064925	4.97591797878428	7.58476461909386	7.19764321294648	6.80983205330195	7.48329229657467	8.90070431618687	6.52673388951808
miR-15a-2-5p	12.534070042335	13.5319471263393	13.0859386178136	12.7875090219502	13.3360595293469	11.8882039983066	12.9739690580661	11.9877097409313	12.7448375405373	12.7922242071644	13.2391148860408	12.6617714441831	13.0316415297378	13.0933074162735	14.2511077558632	13.3584591685235
miR-155-5p	9.03935826235393	10.853876849381	10.3645493827916	9.78612810620496	9.71892052331616	8.13622501485702	9.96521788181494	8.45231851952932	9.51748911515643	9.94002620479802	10.4680316862845	9.71440726277681	10.4022668563342	9.56760082866149	9.23768337558893	9.34953895596299
miR-152a-5p	5.57196919579615	6.28050000794013	4.77615963796615	5.47500018278669	5.20786550032144	8.14887732626148	0.385030553021202	3.84065358872923	5.31510548023292	5.19834712496576	5.81815502373502	6.42349312972299	7.37140471941191	7.20882999254242	4.79041872068811	6.46100003785109
miR-152a-3p	6.15985452611953	6.01268823463487	6.15154379188472	5.96935458157705	6.51771448533173	9.04760845690779	4.48044370282078	0.385030553021202	4.68982029977386	7.02050684044333	5.7398915227787	6.10363556176238	7.33517055776725	6.66794309836202	6.29240694099681	7.3351231498085
miR-150-5p	11.7913546909984	11.9408204686997	11.5622173707367	10.1885102439927	10.590150320374	9.75859402559686	11.8446844084607	9.7317861656174	13.5935706352902	12.4688613537511	10.7219652754674	11.1749491383838	12.2510580287419	12.8879483735104	13.1987941278533	13.4226373011822
miR-150-3p	6.4504225240102	6.52670867619326	6.98971202510807	5.61535029446872	4.64816793884239	0.385030553021204	0.385030553021202	0.385030553021202	3.33014443732953	6.90684495098869	6.18599148225032	6.23398023104704	5.09428554432713	6.1632710908223	7.05682800402274	7.47489990237539
miR-148a-3p	6.84011467399192	7.33351065513366	8.53427610421022	6.45366391377715	6.18215021502388	9.04760845690779	5.09359209832416	5.59040732710612	7.50447064118031	8.10542867469995	8.93192671643998	8.55145599415433	9.23888320810206	8.04606163174257	8.74573485200537	8.51132697112771
miR-146a-5p	12.0703370816688	13.4857201147775	13.1168863730735	13.451034627917	12.4118147533368	13.4464940877212	11.4888694781908	12.1715974926764	12.6026820156086	12.4645158791701	12.2060382193826	12.8712686619085	13.0408108530308	12.2671987881982	10.6525880374734	13.0178009923921
miR-145-5p	7.02818603638308	7.11048997721574	7.42585120965522	4.71698620256949	5.86669404036615	7.42883428314638	5.78559321114781	6.16227656219229	8.56074789605899	8.15936855981452	7.50419548704	8.25401462319984	5.56386847316863	6.66444826337029	5.70078093083245	7.13328248030917
miR-145-3p	7.7487049444862	7.24387944697637	8.02999373939427	6.41577059017857	0.385030553021202	9.24318377829496	6.73322233937229	5.51024345833859	8.24839403760337	7.94576857113555	4.958737274823	7.43974870641358	6.27973913533913	6.76251171630106	4.6806037238496	8.47070879341842
miR-144-5p	8.43417398802323	9.71291194596792	10.3278297803487	11.4782120232024	10.035508715055	10.3023488032715	8.41025207766493	9.70952201133404	10.5586761958216	8.39961719789675	10.7534285862103	9.11795837329227	8.99594458694461	9.47935744615151	10.7944405017658	10.3637668096072
miR-144-3p	2.60686688602725	7.5164555206877	7.81203255355298	5.68071652909258	3.72141182302679	7.7276411317994	0.385030553021202	4.46855020690391	5.60177108308248	4.71283215659685	7.59591579629326	5.69204235084475	6.38273809792941	5.72712764594153	8.71124271228492	7.07001765308199
miR-143-3p	10.9191664821542	11.9488793343041	12.1452456547651	11.4015223033064	9.7903656061964	12.559352423702	10.7210223948576	11.8921004912368	11.5344105632773	11.3852092994978	10.7682906690142	12.368181770515	10.9488999956315	10.4273871303473	9.96170989173002	12.6514741201726
miR-142-5p	6.73600687417825	10.6617137206518	9.67729515935098	8.82486507586469	8.89689154717679	7.05152733519605	9.75759818054026	4.08160301604751	9.58479965996707	9.24294822142291	8.29517297060714	8.0120331678697	9.2525472308995	7.73393960090163	9.71248542649143	8.39763201422589
miR-142-3p	3.96934426318091	8.50102125246161	5.01727733858145	6.41577059017857	5.67865405159099	7.82545866180625	7.99334573807502	0.385030553021202	5.37717681862107	6.65791895714008	7.66107126101149	6.99193772727154	7.71944579605203	5.63013021388261	8.93697856489624	7.07588502093909
miR-140-5p	0.385030553021202	0.385030553021202	4.54202266778154	2.54849975486467	6.08446662598608	6.78594059672328	0.385030553021202	0.385030553021202	4.58850933363011	0.385030553021202	5.42674996194909	1.55161255485338	1.91457743680909	7.56241063002973	0.385030553021204	4.10311281219578
miR-140-3p	6.60026969031775	10.2430213619832	10.3222238134303	9.97711320434158	9.92344439690847	10.7492210357704	9.46223890035006	9.23571800427814	10.0667027395269	10.1502613523297	10.5419657605127	9.66181611363448	9.27567432894726	12.2763859901824	11.1567748305124	9.82406608701256
miR-139-5p	9.61581182205242	8.48198176350409	8.71223467511109	6.84442458735797	8.72115439080586	8.17385385795847	8.20722006787768	6.68467442042878	3.7610303726877	8.47599819896738	7.515984523422	9.94958279159675	8.62778663782095	7.42665385865156	6.98934102732216	8.0718247690302
miR-1388-5p	0.385030553021202	7.15706487052134	5.58271698907456	7.55170824627154	5.86669404036615	6.46017551640559	6.85281222555496	2.70360762615355	7.47638703779586	6.80899289626917	4.46989742261511	5.78002984823721	6.29491118677336	5.35458323483347	4.79041872068811	5.64499866662822
miR-1388-3p	9.80521972936475	9.80039556074257	10.4565262605198	9.9541646513221	9.18305981040875	8.22254597981774	9.44330896469602	8.35240082955211	8.95601395193265	9.03144200795344	7.39352083640583	9.02197688689582	9.26222861646658	8.89372547561467	10.3413651417155	9.44556794028851
miR-135a-1-5p	0.385030553021202	0.385030553021202	0.385030553021202	0.385030553021204	0.385030553021202	0.385030553021204	0.385030553021202	0.385030553021202	0.385030553021204	0.385030553021202	1.48309574952805	0.385030553021202	0.385030553021202	5.03548896748147	0.385030553021204	2.36145310142595
miR-133b-3p	0.385030553021202	0.385030553021202	4.92282096816632	0.385030553021204	0.385030553021202	5.73740520549581	0.385030553021202	0.385030553021202	0.385030553021204	6.66725733861047	5.56934648327811	4.63671095906464	3.37031643229606	6.6749074723979	4.43218792478775	2.92655770919724
miR-133a-5p	6.79936856268635	5.78308037145126	3.67138955144962	6.20976106058174	0.385030553021202	7.50953513854101	6.94797556711953	7.47890326922166	7.88165700054487	6.10534054516717	5.42674996194909	5.49812231307649	6.29491118677336	8.3347603323769	1.73731639118594	6.33455981660526
miR-133a-3p_gac-miR-133b-3p	3.64073660718633	0.385030553021202	0.385030553021202	0.385030553021204	3.4347568386623	4.70534771305453	0.385030553021202	0.385030553021202	0.385030553021204	0.385030553021202	6.65976123642061	5.90270072341858	4.07998794707379	7.94885574253531	4.43218792478775	4.68216589069836
miR-133a-3p	11.1724977024644	7.85595212459948	9.21400693506529	10.9449240608749	10.2534369177969	12.4982487193796	10.616264160083	12.5136624993388	11.0961303713549	12.5562751951232	13.029698911666	12.5485033208251	11.9055144634558	14.8137005471238	10.3748065390988	11.6979742336053
miR-132-3p	6.86006415257649	7.74852473729692	7.35785275396432	6.11834759192688	6.62583369867179	0.385030553021204	8.76849037059059	0.385030553021202	6.68397869956806	0.385030553021202	7.08075539427758	4.53921651709018	7.73064734144824	6.78843056679405	7.67335528133645	7.41598491254062
miR-130c-3p	4.82914011768679	0.385030553021202	6.80534215188246	1.83918230457899	4.50448911754923	0.385030553021204	6.20068084198701	0.385030553021202	0.385030553021204	0.385030553021202	2.86081495620971	4.19961376181003	4.07998794707379	2.99068801811484	4.98776356624231	3.16540813988853
miR-130c-2-5p	7.04571200348491	6.8600449720811	6.15154379188472	6.16477823398211	6.62583369867179	4.40136142521961	2.71371919960296	3.1887947965218	0.385030553021204	5.39101974592843	2.09931927582999	6.61510182879279	4.74247692738056	3.47856273710973	4.79041872068811	4.80028019124806
miR-130b-5p	10.6848030040302	10.646442972118	10.1355351216847	9.46287647149924	10.0962897726761	10.1782398734129	9.45145222743616	11.4011280793332	10.0453553080923	9.56737501805738	8.51082880390731	10.7333993177707	9.23692059736535	9.01942375427922	8.66152491446423	8.91556164601017
miR-130b-3p	0.385030553021202	5.74873547765498	5.16607176513603	3.66298120326479	2.59924058371563	7.50953513854101	2.39136949710201	4.77335778074914	6.88962346253186	0.385030553021202	0.385030553021202	5.99751592377654	3.37031643229606	2.00437522108563	4.56173603157414	2.57536844435298
miR-129-1b/2-3p	4.98261131775945	0.385030553021202	0.385030553021202	3.02191322908188	3.72141182302679	5.98328260893881	0.385030553021202	8.2450447117185	3.05430472506308	5.80045831404843	4.46989742261511	5.90270072341858	1.91457743680909	4.42491120688813	5.31624572046056	4.25564499981692
miR-129-1a/2-5p	2.16879959800388	2.74490433401566	6.09697101002485	3.37776574345377	0.385030553021202	7.15549989692486	0.385030553021202	0.385030553021202	0.385030553021204	5.36829660911873	3.55250392606606	3.35705370769198	0.385030553021202	0.846340878189813	0.385030553021204	3.93252617004769
miR-129-1a-3p_gac-miR-129-1b/2-3p	0.385030553021202	0.385030553021202	4.8513531612586	0.385030553021204	0.385030553021202	0.385030553021204	1.97562904455383	0.385030553021202	0.385030553021204	4.43523273942207	0.385030553021202	0.385030553021202	3.58302013802088	0.385030553021202	0.385030553021204	2.87364719728787
miR-128-2-3p	12.8496342010983	12.9246445990029	13.0113604015492	12.6453417069588	12.9432393580893	12.7787353460827	12.8495724904436	12.3986939019694	12.7825975898824	12.5828873600271	12.8611505982982	12.6554240236106	12.4608730458783	12.7500247913724	12.9445493106624	12.650921487423
miR-126b-5p	8.77616513693292	8.22104508374711	9.65648009594362	8.90226833367878	8.39423955871755	10.3192381968197	9.47027630653703	0.385030553021202	9.03515436705213	9.1807322365661	9.02973748969369	10.9486298399826	9.61335050786601	8.85439004021718	8.31158440755314	10.2467342219024
miR-126b-3p	12.4641039860997	12.8541231594171	13.5075719234232	13.1183511201407	12.2697447143221	13.7241586618265	12.659089640432	12.1732253561577	12.9476666721609	13.4012153058251	13.1345038696319	14.6811023188817	13.6887992110288	12.6374399407122	12.2524474673636	14.33615937416
miR-125b-2/3-5p	13.5292465772563	11.554261641523	13.0145843648787	12.4512028527354	11.5625835989185	14.9617901016567	12.4822626096614	12.7176268455822	13.8082166921898	14.4807867962338	13.4231248286166	13.8426122937935	14.094798905133	14.9954101386038	11.5561412812859	12.7111245241016
miR-125b-2-3p	8.35203219188747	5.62796187204482	7.57749660694709	6.29572583054267	4.34490236461647	7.54825353306642	8.65554371904733	9.56819982881164	7.43320922385396	8.13937668977693	7.06479209658848	7.6987174669607	7.19663182126234	7.17729749293271	6.25458229080162	7.68141894022933
miR-125a-5p	13.4401136647379	13.4347313496983	13.1909049209193	12.8834678170172	12.87229587378	14.3369857228666	13.5198571929573	13.492465779345	14.1363366656101	14.7367214395334	13.2720752475569	13.5461911258977	13.5428317735096	14.2195285612258	13.8552332851183	13.1630648074531
miR-125a-1-3p	0.385030553021202	4.19866648020871	7.05160427346292	4.58662846401071	6.47979594408062	6.99658906852792	6.80276816538968	0.385030553021202	0.385030553021204	0.385030553021202	2.52973688630148	4.48788186804165	4.50219195666168	4.39147838333354	5.16133338701457	5.69922139322837
miR-124-3p	0.385030553021202	3.95934909135261	0.385030553021202	0.385030553021204	0.385030553021202	0.385030553021204	0.385030553021202	0.385030553021202	0.385030553021204	4.67629837020084	0.385030553021202	1.08315671211874	1.56005539136609	3.07734167155195	1.73731639118594	1.41943763455934
miR-122-5p	13.068243465655	8.11830325889604	9.06243540833659	8.16792541414773	10.7873624444008	9.92965277440536	10.5214630995772	8.77745779064685	11.4137273641273	7.69038138351664	4.958737274823	6.32454933857847	9.00750304059435	8.39399223318454	7.81001953100831	13.6117718517637
miR-122-3p	0.385030553021202	0.385030553021202	2.27033076732511	0.385030553021204	5.53813074329578	0.385030553021204	0.385030553021202	0.385030553021202	0.385030553021204	0.385030553021202	0.385030553021202	0.385030553021202	0.385030553021202	3.03466533982628	0.385030553021204	4.8694743489355
miR-10c-5p	9.50297677614237	7.03174199962306	8.02187915142324	8.02422489065507	7.52612152622571	10.3080005986525	9.57833717778891	9.97143305052542	8.83405907072486	8.20816879945414	7.28746729200384	7.59336732896357	6.98842735128235	7.59948527110523	6.84408746603899	7.18577303571688
miR-10b-5p	12.4131115383106	12.7041941744168	13.8424846923082	14.1762348065581	12.9026166477878	15.1815787990086	13.0198684765158	13.8667959851201	13.7779769173512	12.7940902224403	12.8372695648452	13.4823575365291	12.9894241806489	12.5459722202041	10.4352293874189	12.3945875145202
miR-10545-5p	0.385030553021202	6.04134738980049	0.385030553021202	0.385030553021204	0.385030553021202	0.385030553021204	0.385030553021202	0.385030553021202	0.385030553021204	0.385030553021202	0.385030553021202	0.385030553021202	1.91457743680909	0.385030553021202	0.385030553021204	0.385030553021202
miR-103-3p	7.94826422667982	10.2547963387693	8.60224816061149	9.0331704271941	9.34999963787547	8.99251786552496	9.68117520992109	8.15564677790759	8.54054610240619	8.03503787802712	9.28185067684528	9.29825581807025	9.46363007824035	8.67236596267537	10.0961038787295	9.0280300510314
miR-101b-5p	8.46706580936144	7.76006579940328	6.34608145085453	5.91606285160011	7.01856930717423	5.16999261994732	3.97773687765344	0.385030553021202	5.70218655381654	8.88104333342765	8.41334388712196	7.81262791880083	7.82772990209022	8.71859620650004	9.64464756043055	8.26267599560816
miR-101b-3p	0.385030553021202	6.68946574193934	6.63279275620131	4.71698620256949	0.385030553021202	0.385030553021204	4.0932681016019	0.385030553021202	0.385030553021204	6.11901659064527	3.55250392606606	4.58878714131129	4.74247692738056	2.7481200039399	7.1627321232824	6.06049045295818
miR-101a-3p	9.24678945549278	11.7845771970221	10.0371124960478	11.1449140216358	11.1156602120019	11.00547921695	11.5986550636415	10.3189541617953	10.9026192930234	10.3315198508515	11.2639338911723	10.2073490649466	10.3053925391292	10.1059298624681	12.4273186829741	11.6748441565461
miR-100-2-5p	13.6375958366188	12.61827677228	13.7802268226655	14.3283516681265	13.5765038081796	15.9230964438895	13.5637134429485	14.4632393635464	14.5849918415911	14.0734385845686	13.8692331048093	14.1979520866987	14.3154333191945	14.443301644032	11.4186031481635	13.6146717568574
miR-1-3p	13.435550676647	11.2899226112784	12.9576561731803	14.0287021983004	12.9644173928551	14.965482714926	12.4816000622447	14.7454542242479	14.2395438187565	12.8446106890338	13.8238642429439	13.7135258675587	13.3057285635128	13.9232576342559	9.94102123938755	13.2444409590034
let-7j-5p	11.0935985063932	12.3269475813708	12.1747310220617	11.46899036079	11.1079125108919	11.224506896443	11.1756507159962	10.1865891187348	11.6017667285954	10.4280671068027	11.0686493149636	10.7457441487993	11.1400763672109	10.4463355031082	10.8318457600464	11.3871423909473
let-7j-3p	1.53664440714234	4.58349867951096	5.67667906654751	3.90101100685914	5.86669404036615	0.385030553021204	0.385030553021202	0.385030553021202	0.385030553021204	1.97411731521484	3.35662832835834	2.80639478125352	4.78607954752693	3.96118499897255	3.23556064298948	3.54963418691611
let-7i-5p	9.07393426661794	10.4241816672263	10.7065854009809	9.55291246835666	9.93399947717838	11.1540822253021	9.32714973799042	10.442890621186	10.778735804557	10.3197245774198	10.0804840558956	10.4378505563554	10.5175022512551	10.4742994516201	9.46585032523546	10.4869533883962
let-7h-1-5p	13.4639372589926	14.129815847665	13.6556016254059	13.3403445809339	14.0429957508902	12.9700106809268	13.3782497253361	14.0977674792455	13.29130894449	12.675023130088	12.9420252720133	13.0380845800821	13.028524819063	12.6770551617646	13.1273407249564	13.2417929345586
let-7h-1-3p	7.83186928665957	8.60307387001988	8.3233340570734	7.05628628219944	6.75843807722313	7.80960940187082	8.00814318295124	7.47890326922166	7.17817681787732	7.77919298884579	7.72341086623283	8.32885868649653	8.81570957555528	8.31928664752608	8.3389532555819	7.27007739353279
let-7g-5p	14.7277398770945	15.4815994895209	15.3013398000884	15.3269507140242	15.1637009676806	14.5124568698574	15.0690471574258	15.0108233776748	15.1654352625904	14.693351318285	14.6795878045464	14.6167500103222	14.7292556920552	14.8050100193834	14.7465268129347	15.0179044628481
let-7f-5p	12.2912135470023	13.9785482176174	13.4252901911389	13.2473315669258	12.9039595019875	12.1074227456247	12.2112570932234	12.3548976238766	12.6778239996131	11.9177096803807	12.1057511070601	12.1525606354991	12.5813927618572	11.9246260802354	12.4042919972297	12.9189549341535
let-7f-3p	0.385030553021202	0.385030553021202	0.385030553021202	0.385030553021204	5.11196630557367	0.385030553021204	5.48069144538299	0.385030553021202	0.385030553021204	0.385030553021202	4.26160541256733	4.63671095906464	3.58302013802088	4.02798014897868	0.385030553021204	3.20877496458838
let-7e-5p	15.2625919478291	16.9980416787499	16.5947338916294	16.924508220818	17.1778631526337	16.2672763120522	16.2126822904669	16.5914929343389	16.5097499896334	15.1749012050712	16.2663030191513	16.0532309885893	16.2952879667961	15.0888846683956	15.160402359568	15.7466353438499
let-7e-1-3p	4.9079155036119	5.66526723049189	5.55599203702579	5.47500018278669	6.08446662598608	0.385030553021204	5.64118219326606	2.70360762615355	5.03607698675458	5.41339052509694	5.42674996194909	5.69204235084475	5.61312051128458	4.72248316917281	5.80912662286105	4.53659284643471
let-7d-5p	14.633543272098	14.2784423495319	13.6961958480667	13.9080766221388	12.8464548996945	13.6181074915625	13.3671726235874	14.7158821246756	13.6469077853395	13.7959543960972	13.6770367747552	13.7822199143419	13.3163391581119	13.5175519808387	13.4968961709722	13.800907311022
let-7c-2/d-3p	5.05362937715697	4.94881313629878	6.03381053106692	4.28417071523339	6.22861872454996	7.96077249388285	3.39242328520913	0.385030553021202	3.05430472506308	0.385030553021202	4.46989742261511	6.17027944418536	6.67716832934757	6.29567447995482	4.13191369730965	6.03662100004836
let-7c-2-5p	12.7171364904648	10.6254986583393	11.5751683492597	11.7705206561365	10.9745281052549	12.4428148446877	10.9150710152472	12.7215260215525	12.0253610348816	12.7153918760117	12.084136386312	12.7466282170447	12.484431722918	12.2428735096362	10.2017498245477	12.2358588026127
let-7b-5p	16.2248712482093	14.4918972161001	14.174310974924	14.7466293232014	14.2530433676431	14.7169374927242	14.3737939010749	15.7594403324086	14.9111519633125	15.8605680371501	15.2238295999575	15.5482281173846	14.9375082397602	15.0904013789639	15.1782693764629	15.4877972182628
let-7b-1-3p	9.97719594486722	9.95651302494242	9.73452526059013	9.55291246835666	10.0024595778764	10.8221278573065	9.62468347302547	10.1473742843673	9.36883022800816	11.5460279358045	10.5231043942443	11.6296785621548	11.2834112437936	10.8845693417887	9.90789894718735	9.73741379396139
let-7a-5p_gac-let-7c-2-5p	10.5879432691728	10.3095740996468	9.9026033674187	11.3166756132344	10.7116809486114	10.5200711274195	10.4433169091748	10.3041723650461	10.3807235437062	9.92161052763399	11.4444160019196	10.3326644853026	10.2893842958271	10.6475941097498	11.5117363465878	11.1834742483603
let-7a-5p	18.2862934673428	17.6576864841757	17.4215607077589	18.1282150802435	17.8155264011582	17.3563201890091	17.3740398138637	18.1900120636201	17.5646572904482	17.5781101705386	18.083786555225	17.9001555903079	18.0497507077384	17.687824609769	17.639222655338	18.1128465098234
let-7a-5-3p	1.53664440714234	6.49597907664214	7.42338907822637	5.61535029446872	6.93696162886012	5.44083600754448	5.48069144538299	0.385030553021202	5.37717681862107	6.80053089309285	7.1729946940111	7.65284216591907	7.48159296988164	7.76690531944907	6.56385499859549	6.01234997260743
let-7a-3/7-3p	7.3855800893659	6.8600449720811	8.17169098048176	5.47500018278669	5.86669404036615	4.01573982739382	7.06581908418052	8.10195963345708	5.11105417590913	5.80045831404843	7.74360616548021	8.36842581519195	8.10668075424241	7.33948857557021	6.13476736237205	6.24365760927159
REV_let-7a-5p_gac-let-7g-5p	2.94243843470308	6.57977338707807	7.0062586257872	7.12834628248943	7.40994559020316	7.44943663512179	7.66954637887527	8.43070494187473	8.24006658373042	6.06351691330274	6.50273490344193	5.92216882895243	5.93703314319198	6.04461582857377	6.79222727094503	6.44748606505194
REV_miR-1306-5p	3.21449731897648	3.91873485548144	0.385030553021202	0.385030553021204	0.385030553021202	0.385030553021204	0.385030553021202	0.385030553021202	0.385030553021204	6.35689811358187	4.14497629298071	1.55161255485338	3.76835573892128	3.19828176199474	5.31624572046056	4.21368478866414
REV_miR-135b-5p	0.385030553021202	0.385030553021202	3.45701957423195	0.385030553021204	0.385030553021202	0.385030553021204	0.385030553021202	0.385030553021202	0.385030553021204	0.385030553021202	0.385030553021202	0.385030553021202	2.64019982149654	0.385030553021202	0.385030553021204	3.73902996508629
REV_miR-183a-3p	0.385030553021202	0.385030553021202	4.68042743644694	0.385030553021204	0.385030553021202	0.385030553021204	0.385030553021202	0.385030553021202	0.385030553021204	0.385030553021202	0.385030553021202	0.385030553021202	0.385030553021202	0.385030553021202	0.385030553021204	0.385030553021202
REV_miR-18a-3p	6.22283875971476	4.90789694886504	4.38891728765165	5.31951028148905	5.61010265138357	3.48786872717518	1.97562904455383	0.385030553021202	0.385030553021204	0.385030553021202	1.48309574952805	5.57392920405911	2.97763606463732	2.80000622309343	0.385030553021204	2.50752747414386
REV_miR-7132b-3p	10.2826729631442	13.0321490194764	12.0358677720999	10.7185281115883	11.1416954507665	10.2533930139189	11.6419934479025	8.76023152610001	11.161526654682	11.1309895346591	10.2699309101847	11.2743966737066	11.2819842878949	10.7642229950278	12.3459075168345	11.1926162218148
