Gene	T9_F	T26_F	T31_F	T32_F	T44_F	T47_F	T13_F	T23_F	T1_M	T3_M	T12_M	T41_M	T43_M	T45_M	T63_M	T69_M
miR-99a-5p	1262	3334	7995	483	4106	1233	290	3257	648	713	1156	4384	4887	22329	283	6297
miR-92a-3p	80127	678029	714525	48906	432500	84353	65392	23330	266948	55441	121523	149662	128655	576572	132046	450015
miR-92a-2-5p	183	3191	1070	87	687	136	198	38	701	20	145	225	188	1001	289	1481
miR-9-5p	1	522	123	41	14	4	0	29	111	0	0	58	39	139	50	179
miR-8159-5p	28	0	26	0	31	7	0	0	0	0	0	15	2	69	0	10
miR-737-5p	72	1302	1353	80	62	23	186	138	137	12	232	144	273	239	76	295
miR-730-5p	23	0	0	1	66	15	8	143	11	80	4	14	90	207	7	279
miR-725-3p	234	183	100	42	354	14	12	81	32	50	56	750	2066	343	42	804
miR-724-5p	0	0	197	0	0	0	0	6	0	115	0	0	13	39	0	2
miR-722-3p	0	13	12	0	0	5	0	30	0	90	13	19	15	97	0	90
miR-7133-3p	3	19	0	1	36	0	11	0	0	0	0	95	45	40	0	17
miR-7132a-5p_gac-miR-7132b-5p	1037	13193	5328	345	1986	346	867	463	2192	853	1470	1176	2175	4958	1425	4350
miR-7-5p	3	961	673	36	80	55	16	33	95	0	122	33	62	178	38	221
miR-551a-3p	121	311	470	66	354	134	25	125	8	43	10	100	149	1331	0	696
miR-499a-5p	242	0	91	0	148	39	2	0	18	10	10	187	142	1970	5	174
miR-489-3p	104	1	0	3	179	17	0	31	0	0	0	106	39	201	5	99
miR-460-5p	16	43	7	0	162	38	0	3	35	0	0	56	37	335	2	51
miR-458-3p	0	0	0	0	0	10	2	0	0	0	0	21	1	51	1	53
miR-456-3p	100	973	399	19	77	42	40	90	67	88	87	38	81	323	40	314
miR-455-5p	20	0	142	14	0	31	2	67	3	0	1	123	157	383	30	230
miR-455-3p	50	98	135	5	176	91	0	83	0	0	116	111	338	769	14	219
miR-454b-3p	3	469	0	0	0	0	0	0	0	0	0	21	2	0	1	14
miR-451-5p	14753	181682	64519	16367	32241	34694	12334	31886	17662	6238	19894	31267	32164	285371	42682	131833
miR-429a-3p	84	211	255	8	50	15	4	53	25	6	105	50	164	88	30	152
miR-425-5p	2806	15018	20342	1165	2911	1219	2733	1158	3442	1527	1748	5827	3101	7125	535	6662
miR-375a-3p	4734	11649	3707	481	3684	804	499	936	1222	1455	1068	3726	3097	1167	1063	4206
miR-365-2b-5p	131	80	122	12	0	13	0	4	4	32	33	12	39	117	0	96
miR-365-2b-3p	191	1353	1377	120	355	567	74	492	134	14	485	752	789	8933	120	712
miR-338-3p	21	62	88	0	0	32	0	7	12	0	0	200	99	355	15	175
miR-338-1b-5p	0	0	44	0	18	8	14	0	0	11	0	32	4	1	15	12
miR-338-1a-5p	0	0	0	0	0	0	0	0	0	0	0	7	5	31	0	0
miR-31a-5p	0	264	275	23	0	3	24	3	0	0	0	34	96	103	5	140
miR-30e-5p	254	2886	1612	85	339	304	73	158	76	125	332	584	794	1009	351	1658
miR-30e-3p	517	23178	9835	1656	1712	1157	1340	1406	2281	1135	2007	1950	1505	3299	580	3385
miR-30c-2-5p	534	19482	6222	451	4386	1704	966	639	1048	825	1701	3945	5263	10566	995	6791
miR-30c-1-5p_gac-miR-30c-2-5p	15	126	10	15	148	27	11	4	1	4	3	7	72	240	26	171
miR-30c-1-5p	127	2613	2605	90	1028	287	76	389	176	24	228	1062	1092	1554	117	1665
miR-30bb-5p	39	1878	567	40	130	91	98	167	36	0	129	400	376	811	106	420
miR-30bb-3p	6	565	523	10	0	9	4	35	8	0	0	38	15	57	20	61
miR-30a-5p	4605	48631	37712	4313	11335	7115	5667	5702	8800	2581	6713	12000	13013	54151	6704	38620
miR-301c-5p	5	20	108	9	68	0	5	0	0	0	0	20	0	3	0	3
miR-301a-5p	0	0	0	0	0	1	0	0	0	0	0	40	18	49	0	13
miR-29b-2b-3p	0	121	68	0	0	0	0	0	0	0	123	1	0	0	11	10
miR-29b-1a/2a-3p	32	178	209	7	18	16	30	49	5	0	0	32	11	58	1	31
miR-29b-1a-5p	8	430	16	20	306	21	15	31	2	1	0	45	42	275	18	110
miR-29a-3p	1	799	658	10	65	44	10	70	80	76	118	161	113	407	98	357
miR-27e-3p	533	1485	2125	70	360	110	35	149	409	5	68	648	809	4805	85	1687
miR-27c-1-5p	69	386	849	28	79	116	46	30	110	127	14	290	160	534	43	709
miR-27c-1-3p	414	5824	6436	226	1366	993	331	199	924	214	637	2404	2734	6091	505	4503
miR-27b-5p	18	182	70	4	1	33	2	0	44	0	93	94	59	217	6	300
miR-27b-3p	879	2532	6669	340	2034	556	410	1038	853	81	973	1928	1577	8646	308	5513
miR-27a-5p	10	3	188	9	0	11	3	0	57	0	7	58	48	226	28	278
miR-27a-3p_gac-miR-27b-3p_gac-miR-27e-3p	48	24	188	4	0	20	0	30	8	4	6	34	52	146	18	226
miR-27a-3p	21	130	497	13	0	11	6	9	0	7	187	34	92	310	28	508
miR-26b-3p	91	22	16	9	0	44	70	0	0	87	62	101	36	199	40	82
miR-26a-1b-3p	26	85	139	0	0	29	17	4	0	0	101	21	16	39	9	72
miR-26-5p	7709	54920	46899	3038	20497	13607	6763	4688	9818	3772	7628	20239	23655	95006	8194	66579
miR-24-3p	160	2151	2260	107	153	195	153	109	229	209	414	535	854	1583	153	1535
miR-24-3-5p	0	0	0	0	0	0	0	0	108	0	0	2	0	0	0	0
miR-24-2-5p	69	226	527	10	386	106	25	8	120	7	127	201	318	585	46	488
miR-23b-2-5p	115	422	1009	22	257	89	8	117	19	13	4	302	189	173	46	797
miR-23b-2-3p	447	2286	2854	75	529	256	80	397	213	36	533	700	862	3802	114	2143
miR-23a-3p_gac-miR-23b-2-3p	25	53	0	13	52	37	9	26	15	0	92	12	76	125	72	242
miR-23a-3p	4685	19150	14582	1281	6089	3011	1607	2104	3824	1748	2225	8250	12070	28048	1734	17758
miR-23a-3-5p	0	0	11	10	119	0	0	0	0	0	0	0	38	113	0	59
miR-22b-5p	550	1757	2133	270	1107	535	194	290	579	107	233	771	581	6635	377	1524
miR-22b-3p	2	263	142	9	70	9	8	2	0	0	3	0	15	209	3	56
miR-22a-5p	168	1300	956	88	538	344	81	301	206	186	380	563	814	3584	71	1167
miR-22a-3p	11536	96059	125230	15346	27742	13022	6936	23262	10883	8038	15293	31238	28304	91142	4664	105049
miR-223-5p	116	2003	804	206	215	409	458	150	273	172	110	1016	947	1050	158	851
miR-223-3p	5142	19438	11689	1407	8252	7202	3864	2140	5894	993	2854	16935	16758	22606	2465	9375
miR-222c-5p	13	506	107	30	0	27	0	73	0	0	0	42	49	70	0	86
miR-222a-5p	30	289	0	0	0	57	0	0	0	0	0	70	116	71	42	89
miR-222-3p	461	2774	1451	194	1122	599	80	215	369	85	208	1637	1519	2495	257	2549
miR-221a-5p	0	93	7	2	0	0	0	19	46	0	0	0	1	0	0	0
miR-221-3p	484	3582	1141	135	683	635	78	173	230	80	66	982	1399	2933	418	2339
miR-21a-3p	35	504	144	16	8	4	19	102	0	0	5	74	7	26	8	67
miR-218a-2-5p_gac-miR-218b-5p	0	0	214	8	0	8	0	0	0	0	0	17	5	43	0	46
miR-218a-2-5p	10	513	461	35	243	24	26	24	19	1	0	134	253	225	2	131
miR-2188-5p	1010	3782	4218	448	3625	4921	597	2357	1242	335	1480	3154	1889	23432	5587	12006
miR-2188-3p	1956	15926	20743	5623	6229	8609	2591	2496	3305	2258	2722	4317	2397	26636	6019	38775
miR-2184-5p	0	257	64	0	9	23	0	0	0	0	0	3	56	93	0	35
miR-217a-5p_gac-miR-217b-5p	0	0	43	0	0	2	0	0	0	0	0	0	2	0	0	0
miR-217a-5p	0	82	196	0	167	1	28	3	0	8	4	63	18	154	22	87
miR-214a-5p	0	0	67	0	0	9	0	0	0	0	0	33	10	12	0	0
miR-214a-3p	587	874	2396	265	5438	1379	68	983	354	276	437	1773	3958	12244	228	2724
miR-212a-5p	22	824	413	13	36	110	15	31	36	51	6	85	237	371	49	525
miR-212-3p	0	110	0	0	0	0	2	0	71	0	0	0	0	20	0	0
miR-210-5p	553	5187	7147	471	789	571	534	473	1367	45	766	1413	1923	6923	839	4307
miR-210-3p	6	520	99	17	229	177	48	0	6	0	107	253	294	1041	197	459
miR-21-5p	37602	393440	252287	22638	74569	44024	31117	20980	33616	11659	23896	105553	96627	278672	29202	283738
miR-20a-5p	33	465	555	30	42	46	33	45	41	0	5	96	133	235	103	257
miR-206-1-3p	17074	9638	4938	3616	6072	6136	1117	6743	3063	6901	4784	11235	7595	56896	706	23167
miR-205-1-5p	563	2093	1462	103	885	63	149	220	334	80	416	3903	2082	1094	86	3329
miR-204-2b-3p	22	111	150	20	58	32	13	8	3	0	106	99	30	12	8	134
miR-204-1/2b-5p	5698	8757	31658	2290	7398	4792	1255	5413	2713	3150	2214	11403	3015	11978	1216	14046
miR-200b-5p	23	0	0	0	0	15	0	0	0	0	0	30	80	48	0	69
miR-200b-3p	1498	4107	2787	148	916	134	396	289	558	692	1483	2794	6618	1685	252	3948
miR-200a-3p	515	527	1248	49	244	63	24	10	48	81	58	572	1408	624	246	1587
miR-19b-3p	1	549	189	34	0	48	103	17	5	45	16	64	48	194	100	188
miR-19b-2-5p	19	170	0	7	60	0	0	0	0	0	0	3	11	26	0	6
miR-19a-1-3p	0	84	307	17	0	8	5	0	0	0	0	17	29	4	19	80
miR-199-5p	312	784	2251	129	2145	735	94	1318	305	3	213	693	2814	7956	157	2092
miR-199-3p	2194	5436	12711	1151	11544	4504	873	4946	1886	714	2110	6620	15658	38885	834	13752
miR-196d-5p	8	0	3	9	0	2	22	2	1	0	0	11	22	86	0	111
miR-196d-3p	8	0	0	17	18	14	0	0	5	0	8	55	10	132	0	47
miR-196a-5p	196	60	328	30	157	73	21	124	44	0	41	55	109	470	4	236
miR-194a-5p	1	43	117	11	0	18	28	2	0	0	24	122	66	136	49	203
miR-193a-2-5p	203	1	263	40	191	92	0	61	6	34	0	44	113	1819	12	359
miR-191-5p	5328	25999	29744	2148	5170	2000	2676	2380	3198	1877	2311	7577	5033	12055	1286	15870
miR-18c-5p	31	92	379	53	0	14	0	0	1	0	0	50	28	77	25	131
miR-18a/b-5p	0	352	179	0	71	4	1	2	1	0	0	21	4	60	17	29
miR-184-3p	268	1740	453	77	65	26	75	134	114	2	24	385	733	143	14	677
miR-183-5p	7	651	190	57	32	35	26	91	59	10	128	78	21	256	16	419
miR-182b-5p	18	102	0	11	33	19	5	45	0	0	9	25	9	58	0	64
miR-182a-5p_gac-miR-182b-5p	0	9	121	1	0	5	2	0	0	0	0	3	3	16	7	20
miR-182a-5p	0	333	258	11	0	0	0	61	35	0	2	7	5	90	6	119
miR-181b-3-3p	0	40	0	0	15	6	0	0	0	0	0	0	2	25	0	8
miR-181b-2/3-5p_gac-miR-181c-5p	474	1729	3321	249	814	328	207	298	461	32	312	837	813	2333	231	2796
miR-181b-1-5p	105	615	875	14	46	52	109	142	116	0	59	198	160	350	60	346
miR-181a-5p	1252	9553	12339	515	4787	1490	732	1336	1426	389	1926	2935	4027	14028	1119	9875
miR-181a-2-3p_gac-miR-181a-3-3p	1263	17138	14701	1355	3642	1240	897	1572	1883	960	1077	2965	2588	5579	659	7807
miR-181a-1-3p	101	334	115	3	0	15	0	0	14	17	3	74	110	240	53	343
miR-17a-5p	1	468	772	25	15	78	51	31	0	0	3	12	68	283	81	61
miR-16c-5p	7478	151759	117727	8904	32797	15423	19634	2756	24455	6852	10408	27173	34066	90473	11603	85429
miR-16a-5p_gac-miR-16c-5p	617	14135	8177	699	1839	1406	1284	532	1111	234	1226	2063	2856	6614	911	5458
miR-16a-5p	141	2444	2558	129	388	288	300	336	288	138	215	793	663	1652	171	1275
miR-15c-5p	5716	66882	52851	5566	27583	11196	7507	4581	12859	2055	7926	16421	21208	81054	10401	36151
miR-15b-1-5p	32	567	555	22	46	128	73	58	23	0	126	179	135	722	235	332
miR-15a-2-5p	3717	54855	29650	3111	10815	6490	4350	1529	6124	1559	3921	7971	10193	35517	9613	38356
miR-155-5p	329	8566	4492	388	1496	950	354	113	760	134	418	1032	1646	3079	297	2378
miR-152a-5p	29	354	89	19	54	37	15	114	0	5	22	104	200	596	13	317
miR-152a-3p	44	293	238	27	196	35	38	213	16	0	14	83	195	408	38	585
miR-150-5p	2221	18203	10309	513	8643	1133	648	349	2799	326	7062	2843	5933	30804	4635	40101
miR-150-3p	54	421	429	21	181	48	10	0	0	0	5	91	40	286	65	645
miR-148a-3p	71	741	1260	38	418	327	30	213	25	18	103	460	734	1069	211	1328
miR-146a-5p	2695	53125	30293	4928	8617	3171	2292	4504	2187	1771	3553	9217	10258	20031	793	30288
miR-146a-3p	0	0	0	0	0	0	0	0	0	0	35	0	9	3	2	23
miR-145-5p	81	634	582	11	434	121	24	69	41	27	215	374	56	407	25	508
miR-145-3p	134	696	887	37	374	20	0	244	80	17	173	212	93	436	12	1291
miR-144-5p	216	3881	4379	1255	513	1158	441	509	258	321	861	682	620	2896	875	4808
miR-144-3p	3	842	762	22	38	129	5	85	0	8	27	62	100	210	206	486
miR-143-3p	1213	18305	15445	1190	4077	1170	372	2435	1284	1459	1694	6503	2405	5592	491	23495
miR-142-5p	66	7497	2788	199	922	210	200	53	658	6	438	316	741	860	413	1227
miR-142-3p	9	1672	106	37	152	135	21	91	193	0	23	155	255	196	241	488
miR-140-5p	0	0	75	2	0	28	28	44	0	0	13	2	3	763	0	58
miR-140-3p	60	5607	4362	443	1731	1000	408	694	536	231	612	995	753	20159	1125	3306
miR-139-5p	491	1650	1426	50	541	122	177	116	224	39	7	1215	480	694	62	978
miR-138bb-3p	0	0	0	0	0	0	0	46	0	0	0	0	0	0	0	0
miR-1388-5p	0	655	159	82	169	14	24	35	87	2	101	66	94	161	13	178
miR-1388-3p	560	4124	4788	436	796	112	244	120	529	125	283	638	746	1928	639	2542
miR-135c-5p	0	0	37	0	0	0	0	0	0	0	6	0	0	0	0	0
miR-135a-1-5p	0	0	0	0	0	1	0	0	0	0	0	0	0	128	0	14
miR-133b-3p	0	0	99	0	153	31	0	21	0	0	0	29	11	410	10	23
miR-133a-5p	69	249	39	32	103	28	0	73	93	68	134	54	94	1307	1	290
miR-133a-3p_gac-miR-133b-3p	7	0	0	0	0	67	4	10	0	0	0	72	19	999	10	89
miR-133a-3p	1446	1067	2021	867	9183	5613	513	2334	1194	2245	1250	7369	4669	117050	654	12130
miR-132a-5p	0	0	55	0	0	0	0	0	0	0	0	0	0	0	0	0
miR-132-3p	72	990	555	30	0	90	41	0	331	0	58	27	257	444	100	619
miR-130c-3p	17	0	377	1	0	4	9	0	55	0	0	21	19	27	15	28
miR-130c-2-5p	82	532	238	31	62	2	41	8	4	3	0	119	31	40	13	97
miR-130b-5p	1031	7418	3832	310	1155	244	460	467	532	1038	603	2093	733	2104	199	1759
miR-130b-3p	0	243	118	5	0	0	2	73	3	10	67	77	11	11	11	17
miR-129-1b/2-3p	19	0	0	3	83	14	5	25	0	116	4	72	3	82	19	65
miR-129-1a/2-5p	2	25	229	4	61	7	0	57	0	0	0	11	0	2	0	51
miR-129-1a-3p_gac-miR-129-1b/2-3p	0	0	94	0	31	0	0	0	2	0	0	0	13	0	0	22
miR-128-2-3p	4626	36006	28156	2819	9354	4994	3313	2835	5618	2073	4025	7936	6862	27995	3886	23486
miR-126b-5p	274	1376	2748	210	883	350	141	515	539	0	299	2430	952	1876	156	4433
miR-126b-3p	3541	34288	39716	3913	16496	6036	2077	5460	4923	1773	4513	32319	16075	25893	2405	75540
miR-125b-2/3-5p	7410	13923	28219	2464	34865	7373	1272	12876	4355	2586	8195	18073	21300	132762	1484	24487
miR-125b-2-3p	204	223	647	34	428	89	8	75	306	291	98	254	177	583	37	745
miR-125a-5p	6966	51280	31888	3325	41633	6640	3154	8350	8941	4425	10288	14716	14528	77535	7306	33497
miR-125a-1-3p	0	79	448	10	0	3	37	51	84	0	0	26	26	80	17	185
miR-124-3p	0	66	0	0	37	0	0	0	0	0	0	1	2	29	1	5
miR-122-5p	5383	1281	1819	126	313	20	743	393	1118	168	1558	97	625	1362	110	45719
miR-122-3p	0	0	12	0	0	0	19	0	0	0	0	0	0	28	0	102
miR-10c-5p	454	600	882	114	449	104	77	511	581	385	260	236	153	783	56	527
miR-10b-5p	3418	30903	50095	8147	10829	4912	3221	14995	6322	5736	8025	14079	9899	24302	682	19662
miR-10545-5p	0	299	0	0	0	0	0	0	0	0	0	0	3	0	0	0
miR-103a-5p	0	45	0	0	0	0	0	0	0	0	0	0	0	0	0	0
miR-103-3p	154	5653	1321	230	398	417	274	205	624	109	212	773	858	1653	539	1902
miR-101b-5p	221	998	273	26	717	228	54	14	11	0	29	275	275	1707	394	1117
miR-101b-3p	0	472	334	11	104	7	0	0	12	0	0	28	31	22	70	239
miR-101a-3p	380	16334	3579	996	1963	1650	933	829	2360	490	1093	1453	1539	4474	2715	11937
miR-100-2-5p	7988	29116	47979	9053	26288	10045	5139	25071	9217	8673	14041	23121	24820	90545	1349	45811
miR-1-3p	6944	11591	27127	7355	11215	9734	3362	12909	4353	10547	11051	16526	12326	63140	484	35441
let-7j-5p	1369	23791	15764	1247	2099	1441	928	965	1760	447	1775	2111	2746	5666	898	9778
let-7j-3p	1	105	170	6	4	6	24	0	0	0	0	7	32	58	4	38
let-7i-5p	337	6358	5695	330	1947	726	411	919	488	534	1003	1705	1783	5777	348	5237
let-7h-1-5p	7082	83025	44008	4564	9971	5282	7101	3237	8105	6732	5727	10347	10171	26614	4411	35376
let-7h-1-3p	142	1795	1088	58	333	141	45	90	195	68	82	394	547	1293	159	559
let-7g-5p	17007	211912	137714	18089	40400	17616	15442	9430	26168	12677	20996	30909	33066	116347	13552	121175
let-7g-1-3p	0	0	15	0	0	4	0	0	0	0	0	0	16	9	0	4
let-7f-5p	3141	74760	37514	4279	5898	2958	3224	1780	3609	2011	3743	5600	7460	15796	2672	28282
let-7f-3p	0	0	0	0	0	12	14	0	33	0	0	29	13	61	0	29
let-7e-5p	24640	606259	337549	54744	56409	52914	62379	31826	57816	37919	53312	83661	97908	141649	18055	200812
let-7e-1-3p	18	229	156	19	63	28	28	0	37	2	18	62	58	102	27	80
let-7d-5p	15932	92035	45264	6765	21688	8792	3098	5073	8043	10333	7328	17332	12417	47661	5699	52124
let-7c-2/d-3p	20	137	219	8	0	14	31	100	7	0	4	87	123	314	8	235
let-7c-2-5p	4220	7311	10402	1537	10254	2914	846	2246	1469	2593	2381	8454	6975	19696	580	17613
let-7b-5p	48009	106712	63051	12098	90732	25689	8214	10866	16161	21300	17603	58952	38201	141798	18280	167830
let-7b-1-3p	631	4596	2901	330	4558	987	431	730	600	435	377	3897	3033	7679	473	3113
let-7a-5p_gac-let-7c-2-5p	964	5872	3260	1122	1477	1870	705	592	1059	485	761	1585	1522	6515	1439	8490
let-7a-5p	200391	957707	598741	126093	298400	186506	97050	67705	129317	114832	110761	300960	330346	858195	100649	1035377
let-7a-5-3p	1	412	581	21	168	96	51	17	33	0	23	246	216	880	46	231
let-7a-4-3p	0	0	1	0	62	0	0	0	0	0	0	0	0	11	0	0
let-7a-3/7-3p	104	532	979	19	83	143	24	6	101	105	19	405	334	653	34	272
REV_let-7a-5p_gac-let-7g-5p	4	437	434	61	100	60	71	70	154	132	172	73	73	263	54	314
REV_miR-1306-5p	5	64	0	0	123	11	0	0	0	0	0	2	15	32	19	63
REV_miR-135b-5p	0	0	33	0	0	0	0	0	0	0	0	0	6	0	0	44
REV_miR-181a-2-3p	0	0	66	0	0	0	0	0	0	0	0	0	0	0	0	0
REV_miR-183a-3p	0	0	83	0	0	0	0	0	0	0	0	0	0	0	0	0
REV_miR-18a-3p	46	133	67	17	0	1	20	4	2	0	0	57	8	23	0	16
REV_miR-7132b-3p	780	38792	14317	741	3418	828	950	492	2432	166	1308	3046	3030	7064	2566	8544
REV_miR-723-3p	0	60	0	0	0	0	0	0	0	0	0	0	0	0	0	0
