Gene	C17_F	C19_F	C31_F	C13_M	C15_M	C20_M
miR-ENSGACG00000022167-5p	0	0	0	0	43.3043718133748	0
miR-99a-5p	2164.53216786535	2390.03153837512	3314.96458926801	2204.3503975787	1724.47631754595	1809.47521023009
miR-92a-3p	218815.061657476	100645.711377621	229817.454161435	242401.07167228	208852.173659039	190568.736919348
miR-92a-2-5p	556.492713463199	122.883989768443	36.4804715565379	30.6284893819681	102.968172978469	63.8387961272866
miR-92a-1-5p	588.393569648988	654.140026343127	737.539968425657	644.099114944329	403.211817551201	719.250436367429
miR-9-7-3p	349.727904851607	424.508328290986	252.191085977805	867.506919848096	982.528080476793	204.993467564287
miR-9-5p	623.838965410975	522.567269621359	610.651371707264	1615.20239593732	3429.70624761929	270.960223562483
miR-737-5p	283.563166095898	114.195222815119	50.755438687357	538.701077953439	969.055609245965	458.220692202524
miR-733-1-5p	24.811777033391	168.810329378871	0	0	192.46387472611	41.1405575042514
miR-730-5p	0	0	0	0	0	58.8735564284976
miR-727b-5p	133.510990703485	29.1694319147315	33.3082566385781	358.533493353627	353.171210122412	42.5591974181911
miR-727b-3p	193.768163498863	52.1326017199456	250.604978518825	290.069811205698	210.747942825091	85.1183948363821
miR-725-3p	7364.37172614887	1761.33718668102	52.3415461463369	33.3310031509653	8674.34683390579	14438.9170440783
miR-724-5p	304.83040355309	4794.95810581309	775.606547441175	392.765334427591	194.388513473371	383.03277676372
miR-722-3p	90.9765157891005	139.020271253188	0	81.0754130699156	151.084141659997	206.412107478227
miR-7147-5p	0	0	0	0	94.3072986157941	0
miR-7133-3p	0	11.7918980080829	38.0665790155178	185.572612137807	80.8348273849663	229.110346101262
miR-7132b-5p	105.154674093895	796.263428651074	399.699079662937	877.416137001086	1270.26157319233	349.694738786137
miR-7132a-5p_gac-miR-7132b-5p	430.070801912111	117.918980080829	1.58610745897991	336.01254527865	204.011707209677	288.693222486729
miR-7132a-5p	72.0723047160406	66.4070045718355	250.604978518825	91.8854681459043	509.066948650562	80.1531551375932
miR-7-5p	0	392.856391532447	493.279419742751	82.8770889159137	48.1159686815276	84.4090748794123
miR-551a-3p	207.946321803658	0	69.7887281951159	83.7779268389127	65.4377174068775	61.0015162994072
miR-499a-5p	68.5277651398419	6083.37811974889	1751.06263471382	699.050228247272	317.565393298082	95.04887423396
miR-489-3p	0	55.856358985656	0	88.282116453908	20.2087068462416	314.938060894614
miR-460-5p	76.7983574843056	0	195.091217454529	79.2737372239174	22.1333455935027	0
miR-458-3p	98.0655949414979	20.4806649614072	69.7887281951159	126.117309219869	6.73623561541386	124.840312426694
miR-456-3p	20.0857242651261	78.8195287908701	272.810482944544	54.9511133029428	205.936345956938	53.9083167297087
miR-455-5p	27.1748034175235	21.1012911723589	182.402357782689	291.871487051696	33.6811780770693	28.372798278794
miR-455-3p	165.411846889274	0	71.3748356540958	481.047450881499	91.4203404949024	102.142073803659
miR-454b-3p	0	125.36649461225	0	124.315633373871	29.8319005825471	86.5370347503218
miR-451-5p	10901.8222231952	20501.7662525796	32753.1190279351	17080.7878579852	16681.8063418856	5200.02460454598
miR-429a-3p	814.062589333639	1305.17692163149	0	27.0251376899718	739.061278948264	2096.04047284591
miR-425-5p	122423.670909136	76497.1455094887	33684.1641063563	58213.0474221224	76785.387460729	129989.975314295
miR-375a-3p	220782.281122266	276144.529431919	8534.84423677088	28385.4029537004	171772.083554306	295616.894586712
miR-365-2b-5p	251.662309910109	157.63905758174	304.532632124142	29.727651458969	0	0
miR-365-2b-3p	1565.50497948777	885.633603028123	1175.30562710411	3612.36007122624	2004.51125527244	1333.52151910332
miR-338-3p	0	47.1675920323317	85.649802784915	122.513957527872	0	0
miR-31a-5p	359.180010388137	277.419916295425	306.118739583122	12.6117309219869	277.147979605599	385.160736634629
miR-30e-5p	672.281006285691	1264.21559170868	945.320045552025	1159.37840689979	1151.89629023577	1088.80613394872
miR-30e-3p	44049.1748266136	55465.3644727564	8626.83846939171	12057.7155993424	37346.6525712281	89009.7241203187
miR-30c-2-5p	24978.3703934724	12585.6789318902	2772.51583829688	13085.5716694844	20990.1101776296	43407.544086727
miR-30c-1-5p_gac-miR-30c-2-5p	398.169945726323	183.084732230761	3.17221491795981	133.324012603861	164.556612890824	1034.18849726204
miR-30c-1-5p	26581.6837951063	19062.5340693825	988.144946944482	3386.24975255347	15265.2722239014	54672.2543233652
miR-30bb-5p	526.954883661543	146.467785784609	41.2387939334776	317.09494889567	411.872691913876	756.135074129861
miR-30bb-3p	0	37.8581988680557	65.0304058181762	44.141058226954	0	3.54659978484925
miR-30a-5p	14251.412122703	14153.3807407543	14947.4766934266	11169.4894072654	12433.1663073067	14310.5301318667
miR-29b-1a/2a-3p	50.8050672588483	87.5082957441944	0	0	100.081214857577	36.1753178054624
miR-29a-3p_gac-miR-29b-1a/2a-3p	0	0	0	0	0	40.4312375472815
miR-29a-3p	0	96.1970626975186	0	33.3310031509653	94.3072986157941	5.67455965575881
miR-27e-3p	770.346601227189	940.869335802828	1191.16670169391	541.403591722436	912.278766201763	966.803101349907
miR-27c-1-3p	824.696208062236	1114.02404865836	1705.0655184034	1282.79320235066	675.548200288647	726.343635937127
miR-27b-5p	66.1647387557095	203.565397192168	30.1360417206182	81.9762509929146	235.768246539485	341.892219259468
miR-27b-3p	1180.33167887417	2278.93944661476	1330.74415808414	802.646589392164	813.159870717816	2333.66265843081
miR-27a-5p	119.33283239869	22.3425435942624	49.1693312283771	0	183.803000363435	160.306310275186
miR-27a-3p_gac-miR-27b-3p_gac-miR-27e-3p	17.7226978809936	42.8232085556696	1.58610745897991	74.7695476089221	0	62.4201562133469
miR-27a-3p	66.1647387557095	361.204454773909	534.518213676229	10.8100550759887	121.252241077449	318.484660679463
miR-26b-3p	105.154674093895	121.64273734654	77.7192654900154	0	257.901592132988	175.911349328523
miR-26a-1b-3p	76.7983574843056	21.1012911723589	0	144.13406767985	100.081214857577	64.5481160842564
miR-26-5p	37611.1094430446	27231.8368841401	23547.3513360157	36910.0322190406	39645.6335548315	44541.0373779648
miR-24-3p	710.08942843181	1212.70361619969	2537.77193436785	799.944075623167	493.669838672473	599.375363639524
miR-24-2-5p	77.9798706763718	75.7163977361114	0	81.0754130699156	197.275471594263	152.503790748518
miR-23b-2-5p	99.2471081335642	39.7200775009109	65.0304058181762	100.893847375895	21.1710262198721	256.773824423086
miR-23b-2-3p	1422.54188324775	618.143706107926	1516.31873078479	1030.55858391093	723.664168970175	2272.6611421314
miR-23a-3p	20106.9915025833	12933.2296100232	19471.0551664373	23318.1896368307	17855.8359777149	29898.5455062362
miR-23a-3-5p	0	0	161.782960815951	118.910605835876	96.2319373630552	122.003032598814
miR-23a-2-5p	0	211.633537934541	111.027522128593	195.481829290796	50.0406074287887	63.1294761703167
miR-23a-1-5p	0	0	0	67.5628442249296	58.7014817914636	87.2463547072917
miR-22b-5p	262.295928638705	222.804809731672	258.535515813725	205.391046443786	683.246755277692	771.030793226228
miR-22b-3p	0	26.6869270709245	0	0	0	0
miR-22a-5p	1241.77036486162	119.780858713685	149.094101144111	879.217812847084	1093.19480844431	838.416189138364
miR-22a-3p	83964.2349941874	136138.083129528	196862.899486209	87715.4894003416	97108.6103124326	92770.5385321729
miR-223-5p	1268.94516827914	450.574629150958	360.046393188439	488.254154265491	955.583138015138	319.903300593403
miR-223-3p	9593.88711957787	1424.95778034518	4793.21674103728	11589.2798793829	12061.7110290853	4680.09307608708
miR-222c-5p	0	21.1012911723589	0	0	0	68.8040358260755
miR-222a-5p	64.9832255636432	68.8895094156424	125.302489259413	236.019535825754	195.350832847002	22.6982386230352
miR-222-3p	3780.84221461197	1864.98176390996	2196.75883068717	3121.40340319175	3798.27456771979	3462.19070996984
miR-221a-5p	0	32.8931891804419	0	0	76.0232305168136	58.8735564284976
miR-221-3p	3121.55785343901	469.814041690462	339.4269962217	1906.17304506601	2635.79276437408	2682.64807725998
miR-21a-3p	0	0	0	83.7779268389127	64.475398033247	24.8261984939448
miR-218a-2-5p	138.23704347175	149.570916839368	66.6165132771561	156.745798601837	64.475398033247	206.412107478227
miR-2188-5p	2008.57242651261	1544.73863905886	1890.64009110405	2465.59339524843	2268.18676364721	1097.31797343236
miR-2188-3p	4767.40572998728	20185.2468849942	27829.8414752614	7767.02457209791	3261.30035723394	1763.36941302705
miR-2184-5p	0	0	0	34.2318410739643	0	0
miR-216b-5p	0	0	0	0	35.6058168243304	0
miR-214a-5p	0	0	0	9.00837922999062	39.4550943188526	0
miR-214a-3p	4838.29652151125	2663.10707119389	13559.6326668192	6517.56237289821	1757.19517624939	1495.95578924942
miR-212a-5p	0	0	57.0998685232767	0	0	0
miR-210-5p	459.608631713767	741.648322087321	1438.59946529478	275.656404437713	827.594661322274	861.823747718369
miR-21-5p	61553.2927670749	64462.5826529237	57946.8499063719	71691.3844260343	57825.7711614598	71463.2763447555
miR-20a-5p	291.833758440361	0	38.0665790155178	89.1829543769071	69.2869949013997	53.9083167297087
miR-206-1-3p	4815.84777086199	3857.81252727597	20544.8499161667	1977.33924098294	604.336566639986	844.800068751092
miR-205-1b-3p	77.9798706763718	39.7200775009109	0	0	0	90.0836345351711
miR-205-1a-3p	90.9765157891005	0	0	0	175.14212600076	280.890702960061
miR-205-1-5p	61309.9010495093	4702.48480038128	471.073915317032	2533.15623947336	82028.1034082682	88112.4343747519
miR-204-2b-3p	106.336187285962	0	39.6526864744977	61.2569787639362	6.73623561541386	0
miR-204-1/2b-5p	7704.64752546395	837.224758573888	15136.2234810453	51005.4432002069	5737.34810558535	1850.61576773434
miR-200b-5p	68.5277651398419	1.8618786328552	0	51.3477616109465	73.1362723959219	151.794470791548
miR-200b-3p	95292.5834797185	23516.1477591721	187.160680159629	1816.08925276611	64869.9489764355	155941.155259994
miR-200a-5p	385.173300613594	50.2707230870904	0	0	249.240717770313	368.137057667353
miR-200a-3p	5664.17424276555	9141.82408731903	398.112972203957	213.498587750778	6007.75984957553	9216.19420090927
miR-19a-1-3p	0	0	0	0	84.6841048794885	0
miR-199-5p	610.842320298246	86.8876695332426	1857.33183446547	1050.37701821691	310.829157682668	139.026711566091
miR-199-3p	7887.78207023422	2706.55090596051	10958.4164340922	14950.3061700924	2641.56668061586	2728.75387446302
miR-196d-5p	0	29.7900581256832	295.015987370263	0	0	0
miR-196d-3p	81.5244102525706	0	22.2055044257187	54.9511133029428	12.5101518571972	0
miR-196a-5p	0	65.7863783608837	0	164.853339908828	219.408817187766	164.562230017005
miR-194b-5p	0	0	0	0	0	27.6634783218242
miR-194a-5p	153.596714968611	0	14.2749671308192	73.8687096859231	207.860984704199	82.9904349654726
miR-193a-2-5p	217.398427340188	22.9631698052141	212.538399503308	123.414795450871	0	12.7677592254573
miR-18c-5p	131.147964319353	75.7163977361114	0	57.6536270719399	215.559539693244	21.9889186660654
miR-18a-3p	327.279154202348	37.237572657104	96.7525549977743	62.1578166869353	72.1739530222914	0
miR-184-3p	28784.0243851177	35789.0310807427	2152.34782183573	784.629830932183	30723.008322529	34742.4914923833
miR-183-5p	5959.55254078212	26884.2862060072	672.509562607481	472.939909574507	7159.6561398113	7877.70744210716
miR-182b-5p	2.36302638413248	87.5082957441944	55.5137610642967	99.0921715298968	132.800073561016	0.709319956969851
miR-182a-5p_gac-miR-182b-5p	496.235540667821	5581.91214129989	82.4775878669552	27.0251376899718	1107.62959904876	1061.85197558387
miR-182a-5p	8886.16071753019	11730.4560131987	50.755438687357	275.656404437713	7040.32853748112	8956.58309665831
miR-181b-3-3p	87.4319762129018	0	0	0	0	0
miR-181b-2/3-5p_gac-miR-181c-5p	1660.02603485307	3787.06113922748	1957.25660438121	1726.9062983892	1706.19224944697	2249.96290350837
miR-181b-1-5p	171.319412849605	49.0294706651869	207.780077126368	308.987407588678	147.234864165474	61.0015162994072
miR-181a-5p	3406.30253272697	3945.32082302017	5506.96509757824	7805.76060278687	4354.49516567825	6024.25439454494
miR-181a-3-3p	146.507635816214	220.942931098817	626.512446297063	744.092124397225	334.887142023432	271.669543519453
miR-181a-2-3p_gac-miR-181a-3-3p	327.279154202348	201.703518559313	237.916118846986	143.233229756851	316.603073924451	460.348652073433
miR-181a-2-3p	6109.60471617453	4196.05381224467	2943.81544386671	4063.67987064877	4352.57052693098	7330.11243532644
miR-181a-1-3p	584.849030072789	206.047902035975	188.746787618609	334.210869432652	552.371320463937	739.820715119555
miR-17a-5p	87.4319762129018	0	0	0	154.933419154519	25.5355184509146
miR-16c-5p	36463.8601335483	13776.6606307066	21899.3856861356	47298.4951470657	45361.8106341969	31854.1406276021
miR-16a-5p_gac-miR-16c-5p	1137.79720395979	677.103196148341	1371.98295201762	2003.46354074991	1390.55149489615	1617.24950189126
miR-16a-5p	772.709627611321	1177.32792217544	934.217293339165	1141.36164843981	1492.55734850099	552.560246479514
miR-15c-5p	29261.3557147125	14893.1671842087	14582.6719778613	30088.8874660917	33507.9605898158	26312.2238037966
miR-15b-1-5p	218.579940532254	12.4125242190347	103.096984833694	40.5377065349578	61.5884399123553	0
miR-15a-2-5p	1953.04130648549	3189.39809808096	7043.90322532977	2473.70093655542	3037.07994317802	2000.28227865498
miR-155-5p	1786.44794640415	2371.41275204657	1335.50248046108	4958.21192818684	2762.81892169331	6960.55673774515
miR-152a-5p	892.042460010011	563.528599544174	1240.33603292229	602.660570486372	787.177247629791	827.067069826846
miR-152a-3p	66.1647387557095	74.475145314208	245.846656141886	372.046062198612	55.814523670572	79.4438351806233
miR-150-5p	33595.1461032115	4562.22327670619	7979.70662612791	17066.3744512172	25680.4548047049	51583.1659107615
miR-150-3p	0	168.18970316792	4.75832237693972	178.365908753814	133.762392934647	129.096232168513
miR-148a-3p	179.590005194068	22.3425435942624	172.88571302881	527.89102287745	297.35668645184	193.644348252769
miR-146a-5p	12557.12220528	11263.745102563	6593.44870697947	8814.69907654582	12075.1835003162	12358.4816102857
miR-146a-3p	425.344749143846	589.594900404147	180.816250323709	104.497199067891	543.710446101262	422.045374397061
miR-145-5p	361.543036772269	189.91162055123	418.732369170695	724.273690091246	116.440644209297	328.415140077041
miR-145-3p	137.055530279684	181.843479808858	161.782960815951	450.418961499531	125.101518571972	478.790970954649
miR-144-5p	404.077511686654	617.523079896975	1690.79055127258	864.804406079099	538.898849233109	107.107313502447
miR-144-3p	0	45.3057133994765	96.7525549977743	108.100550759887	46.1913299342665	0
miR-143-5p	0	0	34.894364097558	0	0	27.6634783218242
miR-143-3p	5629.91036019563	21582.8971120575	43438.7249790827	9584.91550071002	2920.63929896872	3769.32625133779
miR-142-5p	291.833758440361	1174.22479112068	1760.5792794677	599.958056717375	1010.43534231208	227.691706187322
miR-142-3p	0	0	183.988465241669	354.93014166163	786.214928256161	214.923946961865
miR-140-5p	90.9765157891005	0	0	0	0	46.8151171600102
miR-140-3p	1524.15201776545	489.674080440918	1628.93236037236	1326.03342265462	967.130970498704	580.933044758308
miR-139-5p	69.7092783319082	152.674047894126	115.785844505533	139.629878064855	93.3449792421635	63.8387961272866
miR-1388-3p	762.076008882725	809.29657908106	2813.75463223036	1109.83232113484	1391.51381426978	1052.63081614326
miR-135c-5p	0	0	0	37.8351927659606	0	0
miR-133a-3p	295.37829801656	340.723789812502	149.094101144111	188.275125906804	147.234864165474	234.784905757021
miR-130c-3p	82.7059234446368	21.7219173833107	0	0	0	31.2100781066734
miR-130c-2-5p	87.4319762129018	105.506455861795	95.1664475387944	81.0754130699156	27.907261835286	0
miR-130b-5p	7054.81526982752	9023.9051072382	7567.31868679314	5450.97027206732	7659.09989472556	7740.80869041198
miR-130b-3p	0	36.6169464461523	0	0	0	0
miR-129-1b/2-3p	0	19.8600387504555	0	0	54.8522042969414	43.2685173751609
miR-129-1a/2-5p	282.381652903831	643.589380756947	0	0	216.521859066874	283.72798278794
miR-128-2-3p	12882.0383330982	12424.3161170427	20863.6575154217	16529.4750491098	16418.1308335108	18465.7264397961
miR-126b-5p	206.764808611592	296.038702623977	220.468936798207	563.023701874414	141.460947923691	88.6649946212314
miR-126b-3p	7291.11790824077	11771.4173431215	6618.82642632315	18822.1075631424	7843.86521446263	5894.44884241946
miR-125b-2/3-5p	25592.7572533468	33623.6662307321	36423.3716880146	24123.5387399919	14066.2222843578	13384.1582680641
miR-125b-2-3p	0	104.265203439891	307.704847042102	131.522336757863	6.73623561541386	82.2811150085027
miR-125a-5p	12409.4330562717	12211.4413266863	12211.4413266863	16282.645458208	6900.79222830469	11405.1555881182
miR-122-5p	74.4353311001731	489.053454229966	1519.49094570275	999.930094528958	411.872691913876	966.803101349907
miR-10c-5p	2175.16578659395	1099.12901959552	2567.90797608847	2694.40622769019	2226.8070305811	1626.47066133187
miR-10b-5p	19712.3660964332	11456.139227958	30678.4904715894	38754.0474474196	17508.4386838343	7434.38246900101
miR-10545-5p	0	0	0	0	0	30.5007581497036
miR-10545-3p	0	17.9981601176003	55.5137610642967	0	121.252241077449	88.6649946212314
miR-103-3p	1020.82739794523	321.484377272998	661.406810394621	796.34072393117	995.03823233399	1060.43333566993
miR-101b-5p	0	157.018431370789	336.25478130374	291.871487051696	139.53630917643	157.469030447307
miR-101a-3p	1322.11326192212	763.370239470632	1533.76591283357	953.987360456006	2005.47357464607	1276.77592254573
miR-100-2-5p	47844.1951995303	51796.2223136098	73236.9258109382	51871.148444209	23823.1784135979	31532.8186870947
miR-1-3p	1967.21946479029	38401.8674288494	20635.2580413286	3172.7511648027	701.530823376672	984.536100274153
let-7j-5p	1950.67828010136	6242.25842975253	6545.86548321008	2506.13110178339	3036.11762380439	3901.25976333418
let-7j-3p	0	60.8213686732699	30.1360417206182	85.5796026849109	52.9275655496803	0
let-7i-5p	0	829.156617831516	994.489376780402	559.420350182417	649.565577200622	975.314940833545
let-7h-1-5p	22966.2534273836	27082.2659673008	23720.2370490445	24521.7091019575	27176.8614307004	35029.0567549991
let-7h-1-3p	118.151319206624	285.488057037797	217.296721880247	317.995786818669	396.475581935787	299.333021841277
let-7g-5p	29771.7694136851	59632.2488530863	66645.0632114177	35285.8214438732	35639.4980024075	46093.0294438149
let-7f-5p	10963.2609091826	28706.4447613615	26343.6587861973	14321.5212998391	14864.9473644711	14176.4686599994
let-7e-5p	171371.399430056	320743.970203332	280959.903068783	186125.726622528	185622.746298971	208327.980682002
let-7e-1-3p	5.9075659603312	13.6537766409381	136.405241472272	54.9511133029428	95.2696179894246	28.372798278794
let-7d-5p	30143.946069186	62433.1349431115	73585.8694519138	48791.1835854752	17835.6272708686	31127.087671708
let-7c-2/d-3p	0	0	0	74.7695476089221	0	37.5939577194021
let-7c-2-5p	9683.6821221749	27879.7706483738	36610.5323681742	12103.6583334154	6432.14269334661	10822.803903446
let-7b-5p	154621.086906133	204722.244449383	254465.564073982	158476.308251918	93613.4663474064	161822.836343188
let-7a-5p_gac-let-7c-2-5p	753.805416538261	2162.88234516679	1895.39841348099	1248.5613612767	794.875802618836	787.345152236535
let-7a-5p	462085.083364338	802534.856512741	835956.350147901	496674.286331764	410928.656608345	559937.883351957
let-7a-5-3p	2.36302638413248	126.607747034154	118.958059423493	417.087958348566	348.35961325426	134.061471867302
let-7a-3/7-3p	267.02198140697	58.9594900404147	49.1693312283771	93.6871439919024	112.591366714775	210.668027220046
REV_let-7f-5p_REV_gac-let-7g-5p	0	36.6169464461523	0	60.3561408409371	13.4724712308277	0
REV_miR-1306-5p	243.391717565645	63.3038735170768	6.34442983591963	299.078190435688	129.913115440124	86.5370347503218
REV_miR-137-1-3p	54.349606835047	0	0	0	0	0
REV_miR-18a/b-5p	0	0	49.1693312283771	0	0	38.303277676372
REV_miR-190b-5p	0	0	0	0	0	31.2100781066734
REV_miR-191-5p	97994.704149974	116182.467942586	57520.1869999063	46095.876519862	68952.1077593763	172791.76015777
REV_miR-19b-3p	0	0	0	208.994398135782	0	48.2337570739499
REV_miR-210-3p	387.536326997727	6.20626210951733	0	118.009767912877	51.0029268024192	0
REV_miR-733-3p	0	522.567269621359	0	0	0	0
REV_miR-8159-5p	0	0	22.2055044257187	33.3310031509653	0	34.0473579345528
REV_miR-9-1/3/5/6-3p	0	42.8232085556696	0	0	0.962319373630552	22.6982386230352
