Gene	D25_M_I	D45_M_I	D53_M_I	D56_M_I	D27_G_F	D28_G_F	D29_G_F	D31_G_F	D35_G_F	D36_G_F	D38_G_F	D41_G_F	D44_G_F
a103_gac-miR-ENSGACG00000022167-5p	0	503.792858835447	64.7164263079234	100.586926514348	20.5250733961035	166.642812222836	150.240118453109	202.321612822295	184.058978942002	158.754513981316	27.748059630358	46.1667885665143	165.954506712078
a109_gac-miR-ENSGACG00000022167-3p	0	17.3406962280317	28.6887250643372	14.9810316085199	12.0735725859432	14.2836696191002	9.53905513987997	60.0833880502573	24.541197192267	27.4602402562275	1.26127543774355	4.39683700633469	9.05206400247701
a10_gac-miR-99a-5p	20642.2032792626	15493.455745635	16504.0230678258	39546.7132254336	13229.013482418	23312.1391241732	22753.0312723987	45004.9100328284	28471.2946283429	23950.4782984785	44378.6069147255	9928.05796030373	15539.3765375855
a57_gac-miR-99a-3p	0	1.82533644505597	0	13.9109579221971	12.0735725859432	13.0933638175085	25.0400197421849	46.595280528771	15.7764839093145	0.858132508007111	41.622089445537	0	4.5260320012385
a244_gac-miR-96-5p	0	0	0	11.7708105495514	2.41471451718865	0	0	1.22619159286239	0	0	0	24.9154097025632	0
a165_gac-miR-92a-3p	1358762.01210439	1041488.60413314	569666.676165322	379828.540365571	886958.448166631	583349.828467259	754428.370048504	513544.979581478	641161.564902511	676103.724143627	461622.395750106	936491.840459406	797228.854794154
a44_gac-miR-92a-2-5p	519.89033857763	123.210210041278	322.247772234299	270.19360579652	208.872805736818	433.271311779373	662.964332221658	214.583528750919	399.670925702634	256.581619894126	196.758968287993	571.58881082351	313.804885419203
a181_gac-miR-9-5p	0	105.869513813246	119.425157825962	19.2613263538113	92.9665089117629	61.8959016827676	38.1562205595199	383.797968565929	126.211871274516	164.761441537365	160.812618312302	63.754136591853	162.937152044586
a46_gac-miR-9-1/3/5/6-3p	0	28.2927148983675	0	36.382505334977	0	2.38061160318337	29.8095473121249	33.1071730072846	10.517655939543	33.4671678122773	37.2076254134346	29.3122467088979	30.1735466749234
a167_gac-miR-8159-5p	0	20.0787008956156	23.3512878430652	50.293463257174	24.1471451718865	308.289202612246	14.30858270982	181.476355743634	261.188455831984	114.989756072953	51.0816552286136	216.177819478122	96.5553493597548
a125_gac-miR-737-5p	5074.71412457041	1702.12623501469	484.372427830437	1118.76203905054	1481.42735629524	2074.70301217431	2759.17169921028	1396.63222427027	1647.76609719507	1179.93219850978	839.37880381833	3364.31311601376	976.114234933771
a127_gac-miR-734-3p	0	0	27.3543657590192	0	0	4.76122320636674	0	0	0	0	7.56765262646128	0	0
a177_gac-miR-730-5p	0	50.1967522390391	705.876072513227	89.3511528079581	90.5517943945743	235.680548715154	246.823051744394	91.9643694646795	147.247183153602	179.349694173486	146.938588497123	70.3493921013551	271.56192007431
a168_gac-miR-727b-5p	0	6.38867755769588	0	21.401473726457	0	0	56.0419489467948	31.8809814144222	14.023541252724	0.858132508007111	8.82892806420482	3.66403083861224	0
a124_gac-miR-727b-3p	0	11.8646868928638	60.0461687393104	84.5358212195053	1.20735725859432	51.1831494684425	47.6952756993998	33.1071730072846	19.2823692224955	46.339155432384	83.8748166099458	0.732806167722448	24.1388373399387
a232_gac-miR-725-3p	65.7472559325341	1164.56465194571	34.0261622856092	307.64618481782	2610.30639308093	39.2800914525256	127.584862495895	1253.16780790537	401.423868359224	429.924386511563	1238.57247986416	4729.53100648068	162.937152044586
a223_gac-miR-724-5p	0	61.1487709093749	534.410901779863	113.962847593384	610.922772848728	117.840274357577	417.333662369749	541.976684045178	147.247183153602	413.619868859427	488.113594406752	1072.82822954566	1623.33681111088
a248_gac-miR-722-3p	527.195589236801	16.4280280055037	52.7071925600614	130.548989731388	33.8060032406411	261.867276350171	129.969626280865	133.654883622001	61.3529929806675	250.574692338076	75.6765262646128	62.2885242564081	279.105306743041
a217_gac-miR-7147-5p	0	0	128.765672963188	10.7007368632285	9.65885806875459	33.3285624445672	0	2.45238318572479	0	10.2975900960853	2.52255087548709	0	3.01735466749234
a156_gac-miR-7133-3p	647.732225113113	402.486686134841	471.028834777257	50.293463257174	1227.88233199043	214.255044286503	863.284490159137	122.619159286239	643.329954968713	630.727393385226	250.993812110966	356.14379751311	698.517605524476
a99_gac-miR-7132b-5p	1571.84643349818	593.234344643189	148.781062542958	259.492868933292	1651.66472975704	254.725441540621	937.212167493207	711.191123860188	1842.34273207662	826.381605210848	548.654815418443	468.995947342367	736.23453886813
a98_gac-miR-7132a-5p_gac-miR-7132b-5p	51.1367546141932	229.079723854524	31.3574436749732	181.912526674885	596.434485745596	104.746910540068	284.979272303914	191.285888486533	811.612450001401	335.52981063078	194.867055131378	279.931956069975	259.492501404341
a100_gac-miR-7132a-5p	546.676257661255	81.2274718049905	0	72.7650106699539	268.03331140794	41.660703055709	237.283996604514	224.393061493818	455.76509071353	165.619574045372	73.7846131079975	105.524088152033	178.023925382048
a202_gac-miR-7-5p	81.5752990274034	344.07591989305	250.859549399786	275.543974228134	383.939608232995	134.50455557986	245.630669851909	557.917174752389	173.541323002459	171.626501601422	99.0101218628684	187.598378936947	270.053242740564
a105_gac-miR-551a-3p	2439.95372016293	3342.19103089748	20122.8055038482	750.656690955481	3433.72404344226	6654.99973669911	9695.2571677955	772.500703503308	1705.61320486256	4351.58994810406	1403.1689244897	2038.66675860385	5914.01514828498
a224_gac-miR-499a-5p	153.410263842579	294.791835876539	1286.32237032656	1196.87741815211	1399.32706271082	1992.57191186448	1415.35730637969	3444.37218435046	404.929753672405	12624.8454578006	2352.27869139171	1368.88192130553	4038.72922243849
a182_gac-miR-489-3p	0	36.5067289011193	31.3574436749732	117.708105495514	109.869510532083	82.1311003098263	159.779173592989	38.0119393787342	127.964813931106	82.3807207686826	175.947923565225	194.193634446449	85.9946080235316
a75_gac-miR-460-5p	249.596064188324	65.7121120220148	100.076947898851	107.542405475447	82.100293584414	228.538713905604	69.1581497641298	165.535865036423	131.470699244287	146.740658869216	63.0637718871773	33.7090837152326	286.648693411772
a47_gac-miR-458-3p	159.497972725222	130.511555821502	776.597115695081	139.109579221971	332.023246113439	245.202995127887	71.5429135490998	109.131051764753	133.223641900878	207.668066937721	64.9556850437926	145.828427376767	331.909013424157
a60_gac-miR-456-3p	681.823394855909	386.971326351865	697.869916681319	684.312122403464	618.166916400294	579.678925375151	943.174076955632	614.321988024059	746.753571707553	794.630702414585	561.267569795878	826.605357190922	681.922154853268
a164_gac-miR-455-5p	0	478.238148604663	637.823747942008	565.533943221627	367.036606612674	821.311003098263	487.684194026363	833.810283146428	737.9888584246	733.70329434608	747.305696863051	288.725630082645	745.286602870607
a102_gac-miR-455-3p	466.318500410381	936.397596313711	2278.4185138305	2353.62707306711	530.029836522908	1140.31295792483	785.779667147612	694.024441560115	958.859633155003	945.662023823836	851.360920476894	226.437105826237	868.998144237793
a155_gac-miR-454b-3p	0	178.882971615485	208.160051629609	135.899358163002	270.448025925129	136.885167183044	128.77724438838	145.916799550625	82.3883048597535	106.408430992882	270.543581395991	503.437837225322	267.035888073072
a1_gac-miR-451-5p	153154.580069509	277006.670224136	57779.7594592278	269815.334748405	291078.13940273	214834.723211878	295965.879061271	337126.664158401	162769.490377711	101245.905824711	256327.745937183	237964.146844511	77705.9347519301
a134_gac-miR-429a-3p	310.473153014744	94.9174951429103	36.0277012435862	47.0832421982055	162.993229910234	27.3770334366088	17.8857283872749	187.607313707946	117.447157991563	37.7578303523129	47.9284666342548	209.58256396862	134.272282703409
a17_gac-miR-425-5p	34566.0110356415	28753.6123507441	12522.2949007569	16610.2187959465	36665.0252289924	15683.469241772	31754.3221787679	18652.8265106227	37553.2905321383	21352.9111967409	30968.7264606362	45146.7223810446	31404.6273792602
a247_gac-miR-375a-3p	7089.74576472492	7899.1434659797	3146.41924193987	2621.68053149099	6896.42466109078	2623.43398670807	2983.33949499746	5967.87448246127	7669.12412258344	2613.87161938966	4387.9772479098	20177.8178282376	4940.9182680187
a116_gac-miR-365-2b-5p	269.076732612778	59.3234344643189	142.776445669027	171.746826654818	76.0635072914424	528.495775906708	125.200098710925	174.11920618646	306.764964903337	235.128307193948	68.1088736381515	137.76755953182	63.3644480173391
a136_gac-miR-365-2b-3p	580.767427404051	1806.17041238288	1393.071114752	6520.4940076083	2271.03900341592	1645.00261779971	3130.00246777311	5358.45726080866	2219.22540324357	5393.36281282469	11294.0909072746	1973.44700967655	1407.59595238517
a205_gac-miR-34a-5p	0	15.5153597829757	18.6810302744521	27.2868790012327	18.1103588789149	36.8994798493422	14.30858270982	19.6190654857983	10.517655939543	13.7301201281138	46.0365534776394	27.846634373453	12.0694186699693
a174_gac-miR-338-3p	136.364678971182	290.228494763899	882.011500815204	408.233111332168	152.127014582885	284.483086580413	141.893445205715	424.262291130388	106.92950205202	289.190655198396	399.824313764704	109.188118990645	185.567312050779
a4_gac-miR-338-1a-5p	0	20.0787008956156	1.33435930531801	58.8540527477569	13.2809298445376	28.5673392382004	29.8095473121249	35.5595561930094	21.035311879086	17.1626501601422	30.9012482247169	17.5873480253388	45.260320012385
a43_gac-miR-31a-5p	1073.87184689806	862.471470288944	420.323181175173	1094.68538110828	1739.80180963442	985.573203717915	1786.18807494252	1115.83434950478	818.624220627763	1397.03972303558	1188.12146235442	1228.91594327055	915.767141583924
a214_gac-miR-30e-5p	2775.99525048477	3399.68912891674	7301.61411870014	2490.06146807328	3477.18890475165	1865.20919109417	1447.55161747679	1248.26304153392	1945.76634881545	2035.49030899287	1694.52355060845	1547.68662622981	2320.34573930161
a95_gac-miR-30e-3p	3824.29872007573	6835.8849867346	45663.7769669402	4635.02417230743	5884.65927838873	7063.27462664506	7073.209386221	3831.84872769498	5518.26348294689	9282.41933911292	4764.46796607625	6378.34488385619	8521.00958099836
a212_gac-miR-30c-2-5p	20335.3827515775	22089.3089898448	21903.5079967951	20269.3357663275	32375.2848892068	14887.1546605072	19975.9738448011	19153.1126805106	15229.5658004583	29153.3356945256	15507.3815070569	29274.8735943441	25980.9323644428
a211_gac-miR-30c-1-5p_gac-miR-30c-2-5p	284.904775707648	397.923345022201	479.034990609165	309.786332190466	561.421125246361	578.488619573559	325.520256648404	556.690983159527	243.659029266079	447.945169179712	315.949497154758	377.395176377061	425.447008116419
a213_gac-miR-30c-1-5p	3669.67091445662	9677.02116346421	40956.1573377783	3904.69888139209	4478.08807212635	7284.67150574111	6863.35017314364	4197.25382236797	3064.14376372019	7333.60041342877	2929.94284187826	2956.14008059236	10429.4864081873
a210_gac-miR-30bb-5p	674.518144196738	851.519451618609	1102.18078619268	644.719396009518	1040.74195690831	1099.84256067072	773.855848222762	684.214908817216	520.623969007378	1325.81472487099	997.038233536273	947.518374865126	562.736645487321
a89_gac-miR-30bb-3p	361.609907628937	72.1007895797107	77.3928397084445	41.7328737665912	78.478221808631	54.7540668732175	59.6190946242498	99.3215190218539	50.8353370411245	78.0900582286471	80.0909902967152	36.6403083861224	39.2256106774004
a208_gac-miR-30a-5p	25329.739118897	41405.019251427	28265.0659848987	35381.9864382651	41488.4174770767	31132.4482406305	32497.1760977861	33123.1134979918	27156.5876359	60529.2345847896	39230.0805778564	33198.3178163301	38136.3456424356
a110_gac-miR-301c-5p	0	8.21401400275185	36.6948808962452	0	16.9030016203205	0	0	4.90476637144957	0	2.57439752402133	5.04510175097419	55.6932687469061	1.50867733374617
a111_gac-miR-301b-5p	0	38.3320653461753	0	8.56058949058282	2.41471451718865	0	15.5009646023049	7.35714955717436	57.8471076674865	5.14879504804266	31.5318859435887	15.3889295221714	31.6822240086695
a145_gac-miR-29b-1a/2a-3p	269.076732612778	60.2361026868469	57.3774501286744	57.2489422182726	99.0032952047346	30.9479508413838	41.7333662369749	89.5119862789547	54.3412223543055	80.6644557526684	56.1267569795878	12.4577048512816	49.7863520136235
a107_gac-miR-29b-1a-5p	0	21.9040373406716	56.0430908233564	21.9365105696185	65.1972919640935	58.3249842779926	62.0038584092198	20.8452570786607	33.3059104752195	26.6021077482204	13.2433920963072	16.1217356898939	33.1909013424157
a146_gac-miR-29a-3p	353.087115193239	304.831186324347	713.882228345135	631.343474930483	469.661973593192	353.52082307273	332.674548003314	324.940772108534	231.388430669946	226.546982113877	450.905968993318	112.119343661535	114.659477364709
a33_gac-miR-29a-3b-5p	0	52.0220886840951	0	14.4459947653585	57.9531484125275	63.0862074843593	81.0819686889797	57.6310048645325	24.541197192267	64.3599381005333	40.3608140077935	84.2727092880816	36.208256009908
a228_gac-miR-27e-3p	1546.27805619108	2524.4403035124	3245.1618305334	2848.00111614827	987.618237530157	1566.44243489466	1914.9653193309	2568.87138704671	1502.27185669806	1874.16139748753	3090.75546019056	1419.44554687838	2353.53664064402
a59_gac-miR-27c-1-5p	564.939384309182	606.924367981109	725.891462092997	1017.64007569303	565.043197022144	355.901434675914	348.175512605619	464.726613694847	711.694718575743	682.215343865653	797.756714372793	473.392784348702	571.788709489798
a231_gac-miR-27c-1-3p	4222.43488100052	5913.17741375881	7240.90077030818	8943.6758702864	8010.81541077334	3947.05403807803	4621.67221527184	5745.93380415318	8135.40686923651	4465.721571669	7828.73664207419	3464.70756099174	6365.10967107508
a36_gac-miR-27b-5p	70.6174230386477	174.319630502845	422.32472013315	319.416995367371	249.922952529025	298.766756199513	281.402126626459	408.321800423177	382.141499136729	346.685533234873	403.608140077935	327.564356971934	461.655264126327
a230_gac-miR-27b-3p	6351.91544814871	7864.46207352363	8908.18272230303	10711.9726369349	5096.25498852664	6089.60448094306	6223.04109687919	6628.7917510141	8093.33624547834	5854.17996962451	6785.66185506028	4695.82192276545	6135.79071634567
a42_gac-miR-27a-5p	0	185.271649173181	173.466709691341	823.421701625434	89.34443713598	127.36272077031	116.85342546353	76.0238787574684	404.929753672405	160.47077899733	108.469687645945	192.728022111004	104.098736028486
a227_gac-miR-27a-3p_gac-miR-27b-3p_gac-miR-27e-3p	53.57183816725	24.6420420082556	26.0200064537012	49.7584264140126	47.0869330851786	30.9479508413838	58.4267127317648	49.0476637144957	92.9059607992965	116.706021088967	80.721628015587	18.3201541930612	107.116090695978
a229_gac-miR-27a-3p	160.71551450175	484.626826162359	768.590959863173	701.433301384629	284.93631302826	261.867276350171	84.6591143664347	160.631098664974	380.388556480138	186.214754237543	187.299402504917	181.003123427445	251.94911473561
a74_gac-miR-26b-3p	228.897853987341	493.753508387639	51.3728332547433	341.35350593699	277.692169476694	311.860120017022	443.566064004418	228.071636272405	243.659029266079	149.315056393237	196.128330569121	596.504220526073	104.098736028486
a73_gac-miR-26a-1b-3p	351.86957341671	326.735223665018	84.0646362350346	202.243926715019	309.083458200147	167.833118024428	251.592579314334	133.654883622001	171.788380345869	273.744270054268	249.732536673222	227.902718161681	167.463184045825
a226_gac-miR-26-5p	112531.298695638	171248.501934038	150453.681932174	166837.863618812	187508.619045991	146454.035522039	180092.591513364	118018.48842982	95580.9512932536	164037.177700607	168132.430315247	156572.831407914	106966.731639937
a197_gac-miR-24-6-5p	110.796301664085	143.288910936893	230.844159820016	91.4913001806038	39.8427895336127	116.649968555985	51.2724213768548	72.3453039788812	119.200100648154	68.6506006405689	55.496119260716	32.9762775475102	48.2776746798774
a206_gac-miR-24-3p	2321.85216783968	3221.71882552378	2297.76672375761	5638.75329007827	2995.45335857252	1884.25408391964	1984.12346909503	3017.65751003435	3136.0144126404	1671.64212559785	3926.35043769566	2243.85248556614	2732.21465141431
a198_gac-miR-24-3-5p	0	0	0	0	15.6956443617262	0	0	20.8452570786607	19.2823692224955	5.14879504804266	15.7659429717943	26.3810220380081	0
a199_gac-miR-24-2-5p	250.813605964852	600.535690423413	381.626761320951	547.8777273973	406.879396146287	310.66981421543	423.295571832174	722.22684819595	706.435890605971	486.561132040032	713.881897762847	388.387268892898	651.748608178345
a119_gac-miR-23b-2-5p	501.627211929704	166.105616500093	211.495949892904	267.518421580713	79.6855790672254	307.098896810655	295.710709336279	177.797780965047	299.753194276975	145.882526361209	125.496906055483	186.865572769224	135.780960037155
a50_gac-miR-23b-2-3p	2761.38474916643	4249.38324409029	4717.62732395182	5760.74169031907	2435.23959058475	5457.55210029788	3267.12638540889	5062.94508692882	5192.21614882106	3399.92099672417	3564.36438706326	2520.1204107975	3887.86148906388
a49_gac-miR-23a-3p_gac-miR-23b-2-3p	213.069810892472	62.9741073544309	59.3789890866514	57.783979061434	41.050146792207	36.8994798493422	39.3486024520049	17.1666823000735	92.9059607992965	58.3530105444835	54.2348438229725	31.5106652120653	27.156192007431
a51_gac-miR-23a-3p	37609.8654769625	76122.005768169	55153.7403463619	89470.4660239831	53284.2978935433	72175.3825853134	46490.96998799	71699.1010094427	89408.8401993984	50297.7206918208	70184.3023709585	50555.564705004	68595.032333437
a114_gac-miR-23a-3-5p	692.781270844665	288.403158318843	391.634456110836	671.47123816759	173.859445237583	464.219262620757	218.205886324754	236.654977422442	319.035563499471	290.048787706403	214.416824416403	266.008638883249	359.065205431588
a112_gac-miR-23a-2-5p	373.785325394221	505.618195280503	94.0723310249196	469.762348295732	206.458091219629	149.978531000552	215.821122539784	371.536052637305	313.776735529699	146.740658869216	303.336742777323	91.6007709653061	114.659477364709
a118_gac-miR-23a-1-5p	24.3508355305682	180.708308060541	82.0630972770576	65.8095317088554	44.67221856799	71.4183480955011	65.5810040866748	272.214533615451	98.164788769068	75.5156607046258	78.1990771400999	23.4497973671184	42.2429653448927
a79_gac-miR-22b-5p	2828.34954687549	1908.38925330601	1228.94492019789	2556.94107346845	1808.6211733743	4157.73816495976	4898.30481432836	2442.57365298189	2727.57877365482	2019.18579134073	2788.04935513211	4985.28035901582	1793.81734982419
a14_gac-miR-22b-3p	130.27697008854	51.1094204615671	209.494410934927	137.504468692486	88.1370798773856	128.553026571902	116.85342546353	137.333458400588	98.164788769068	87.5295158167253	148.830501653738	169.278224743886	78.4512213548007
a45_gac-miR-22a-5p	4580.39216329987	1850.89115528675	1781.36967259954	4073.23548698794	1365.52105947018	4283.91057992848	3820.39158352193	2590.94283571824	2403.28438218557	2927.08998481225	3696.79830802633	3239.73606750094	1537.34220308735
a13_gac-miR-22a-3p	71106.8748328121	85013.2195920366	113971.631345127	124260.166676869	42414.4604944186	81882.3263972936	87634.1071881848	128621.367133301	116374.35708573	133478.220957966	149959.973808238	94670.4960018954	160028.422145124
a219_gac-miR-223-5p	1030.04034294303	971.991656992302	403.643689858698	518.450701023422	1390.87556190066	416.60703055709	532.994705940793	971.143741547016	1404.10706792899	723.405704249994	1106.13855890109	1935.34108895499	1158.66419231706
a173_gac-miR-223-3p	51192.7615359135	29658.0665592694	10887.0375720896	25885.6175089929	86224.6259797722	20117.3583527011	40316.8165487027	39565.5241268909	68378.7871482822	31083.2757050336	66481.1976857435	78051.184924118	33248.2310810981
a201_gac-miR-222c-5p	0	100.393504478078	201.488255103019	56.1788685319497	65.1972919640935	54.7540668732175	54.8495670543098	25.7500234501103	31.552967818629	107.266563500889	77.5684394212281	84.2727092880816	70.9078346860699
a200_gac-miR-222a-5p	0	292.966499431483	887.348938036476	276.079011071296	169.030016203205	80.9407945082346	38.1562205595199	41.6905141573214	80.635362203163	137.301201281138	72.5233376702539	44.7011762310694	162.937152044586
a39_gac-miR-222-3p	5424.14861443406	6116.70242738255	12913.262177215	9517.23536615544	4845.12467873902	7138.26389214534	7569.24025349475	5768.0052528247	5935.46383521543	8446.59827631399	5356.63678409684	5863.91495411503	7478.51354337975
a25_gac-miR-221a-5p	112.013843440614	24.6420420082556	15.3451320111571	9.63066317690567	8.45150081016027	47.6122320636674	2.38476378496999	24.5238318572479	0	3.43253003202844	0.630637718871773	0	0
a40_gac-miR-221-3p	6070.66329777065	2637.61116310587	6556.37444668004	4822.82210425709	4345.27877368097	6613.3390336434	6665.41477899113	4323.5515564328	3299.03807970332	6691.71729743945	3887.88153684448	4876.09224002517	4628.62205993324
a77_gac-miR-21a-3p	0	13.6900233379198	146.779523584981	10.1657000200671	13.2809298445376	5.95152900795843	0	6.13095796431197	17.529426565905	12.0138551120996	0	23.4497973671184	6.03470933498467
a237_gac-miR-218a-2-5p_gac-miR-218b-5p	0	27.3800466758395	0	14.9810316085199	22.9397879132922	0	0	1.22619159286239	7.011770626362	3.43253003202844	7.56765262646128	0	13.5780960037155
a239_gac-miR-218a-2-5p	0	890.764185187312	1127.53361299372	527.546327357166	365.82924935408	290.434615588371	302.865000691189	974.822316325603	192.823692224955	349.259930758894	255.408276143068	106.256894319755	410.360234778958
a15_gac-miR-2188-5p	37378.5325394221	26252.9014210174	10211.1845839461	31297.5151775708	43085.751130197	36361.4616270228	45590.7216591638	39200.1190322179	18372.591983725	18409.5166942765	43560.03915563	34075.4867990939	12445.0793260721
a108_gac-miR-2188-3p	33221.8449143542	63338.2619752195	27208.2534150869	78864.9657188374	71910.1983218779	91021.4943419146	93889.3425961611	96934.1239905508	49438.2417438219	57201.396718738	112532.886468636	113148.203521017	41164.2610512642
a5_gac-miR-2184-5p	0	132.336892266558	278.881094811464	330.652769073761	82.100293584414	59.5152900795843	97.7753151837697	180.250164150772	156.011896436554	136.443068773131	185.407489348301	84.2727092880816	114.659477364709
a142_gac-miR-217a-5p	0	14.6026915604477	34.6933419382682	40.1277632371069	13.2809298445376	42.8510088573007	29.8095473121249	107.904860171891	57.8471076674865	50.6298179724195	24.5948710359992	29.3122467088979	54.3123840148621
a135_gac-miR-216b-5p	0	0	38.6964198542223	12.8408842358742	8.45150081016027	8.3321406111418	17.8857283872749	2.45238318572479	0	2.57439752402133	3.15318859435887	0	10.5607413362232
a58_gac-miR-214a-3p	3662.36566379745	4008.4388333429	16471.3312648455	16381.7580639165	3547.21562575012	10536.5869556896	9183.72533591944	9483.36577919775	12461.6693457019	4828.71162255601	9431.81772344624	5165.55067627554	5923.06721228746
a27_gac-miR-212b-5p	0	9.12668222527983	0	0	0	0	0	19.6190654857983	0	0	12.6127543774355	0	3.01735466749234
a26_gac-miR-212a-5p	2.43508355305682	73.0134578022387	16.0123116638161	94.166484396411	47.0869330851786	86.892323516193	52.4648032693398	131.202500436276	29.8000251620385	89.2457808327395	92.0731069552789	0	84.4859306897854
a38_gac-miR-210-5p	2084.43152141664	2186.75306117705	3137.07872680264	2675.18421580713	2459.38673575664	2825.78597297866	2655.43447456409	2604.43094323972	2087.75470399929	3093.56769136563	2767.23831040934	2352.30779838906	3418.66283826882
a94_gac-miR-210-3p	97.4033421222727	347.726592783162	716.550946955771	283.569526875556	824.625007619923	297.576450397921	451.912737251813	248.916893351066	250.670799892441	463.39155432384	355.049035724808	283.595986908588	319.839594754188
a52_gac-miR-21-5p	128171.840356922	181202.061568928	247496.963950384	268164.211050409	189679.447396944	140276.348411779	159528.773395568	193226.949778035	259843.94881438	195180.522681201	208019.004758449	268372.671580321	198585.688763674
a126_gac-miR-20a-5p	339.694155651426	256.459770530363	166.794913164751	116.638031809191	482.94290343773	234.490242913562	149.047736560624	112.80962654334	112.188330021792	241.135234749998	165.857720063276	157.553326060326	158.411120043348
a203_gac-miR-206-1-3p	4338.10134977072	673.549148225652	964.074598092261	94973.3199558984	3098.07872555303	39281.2817583272	17374.1965553989	112141.35212523	4445.46257711351	103090.890716926	58187.6810448608	22616.5967544179	30766.4568670856
a240_gac-miR-205-1a-3p	149.757638512994	83.9654764725745	25.3528268010422	35.3124316486541	76.0635072914424	9.52244641273348	60.8114765167348	107.904860171891	50.8353370411245	34.3253003202844	93.3343823930224	211.048176304065	73.9251893535622
a178_gac-miR-205-1-5p	13256.5948628413	18184.0016656475	2146.98412225668	4362.15538229511	24207.5130348162	3162.64251482911	5493.30337867838	10302.4617632298	6236.969972149	9651.41631755598	18886.3384047719	40397.4056080354	8075.94976754324
a101_gac-miR-204-2b-3p	0	10.9520186703358	0	15.5160684516814	0	19.044892825467	35.7714567745499	12.2619159286239	22.7882545356765	8.58132508007111	16.3965806906661	24.9154097025632	37.7169333436542
a233_gac-miR-204-1/2b-5p	7238.28586146139	6842.27366429229	1182.24234451176	8901.94299651981	3933.56994850031	1387.8965646559	4120.87182042815	6545.41072269946	4762.74519795639	10276.1367833852	8302.97620666577	7624.84817515208	14851.4196733973
a234_gac-miR-202-5p	0	216.302368739132	0	4.28029474529141	20.5250733961035	0	2.38476378496999	58.8571964573949	7.011770626362	18.8789151761564	19.549769285025	0	64.8731253510852
a67_gac-miR-200b-5p	0	40.1574017912313	0	25.6817684717484	24.1471451718865	0	0	26.9762150429727	1.7529426565905	10.2975900960853	1.26127543774355	32.2434713797877	15.0867733374617
a133_gac-miR-200b-3p	9943.66368890751	10215.4954147557	1938.15689097441	2065.2422146031	8062.73177289289	1499.78531000552	1200.72856573239	6529.47023199225	3553.21476490894	1925.64934796796	3011.92574533159	23320.0906754315	3646.47311566449
a128_gac-miR-200a-3p	631.904182018244	1587.13003897616	115.422079910008	295.340337425107	1394.49763367644	96.4147699289265	100.16007896874	1109.70339154047	369.870900540595	236.844572209963	382.797095355166	1497.12300065696	540.106485481128
a220_gac-miR-19b-3p	893.675663971852	269.237125645755	232.178519125334	120.918326554482	767.87921646599	505.879965676466	504.377540521153	49.0476637144957	119.200100648154	355.266858314944	250.363174392094	598.70263902924	171.989216047063
a157_gac-miR-19b-2-5p	226.462770434284	82.1401400275185	82.7302769297166	24.6116947854256	66.4046492226878	122.601497563944	164.548701162929	67.4405376074317	91.153018142706	57.4948780364764	63.0637718871773	225.704299658514	37.7169333436542
a106_gac-miR-19a-1-5p	0	0	32.0246233276322	0	3.62207177578297	0	0	0	0	0	0	0	0
a222_gac-miR-19a-1-3p	189.936517138432	80.3148035824625	59.3789890866514	62.5993106498868	118.321011342244	44.0413146588924	19.0781102797599	3.67857477858718	21.035311879086	42.9066254003555	23.3335955982556	286.527211579477	39.2256106774004
a72_gac-miR-199-5p	5142.896464056	7022.98197235283	23534.7622475464	24161.1937634837	8997.2262910449	10765.1256695952	11969.1294367644	10059.6758278431	13811.4351912765	8609.64345283534	14175.4746447997	3415.60954775433	7976.37706351599
a20_gac-miR-199-3p	16556.1330772333	22376.7994799411	47863.468281757	50412.2414363559	17899.0713586609	53388.7861187919	35437.5898446541	49832.4263339277	55697.9999705065	30858.4449879357	55310.0811336489	23895.3435170936	43916.0885080172
a153_gac-miR-196d-5p	0	24.6420420082556	0	160.511052948428	9.65885806875459	94.0341583257431	52.4648032693398	147.142991143487	61.3529929806675	75.5156607046258	192.344504255891	20.5185726962286	119.185509365947
a69_gac-miR-196d-3p	253.248689517909	96.7428315879663	0	445.150653510306	71.2340782570651	224.967796500829	160.971555485474	396.059884494553	238.400201296308	200.803006873664	500.095711065316	167.079806240718	205.180117389479
a154_gac-miR-196a-5p	105.926134557972	407.050027247481	30.6902640223142	703.573448757275	120.735725859432	834.404366915771	528.225178370853	1466.52514506342	510.106313067835	526.893359916366	567.573946984596	400.112167576457	175.006570714555
a216_gac-miR-194b-5p	0	0	51.3728332547433	0	13.2809298445376	2.38061160318337	2.38476378496999	3.67857477858718	29.8000251620385	0	3.78382631323064	10.9920925158367	3.01735466749234
a215_gac-miR-194a-5p	2096.60693918192	135.98756515667	816.627894854621	520.590848396067	334.437960630628	2066.37087156317	927.673112353327	1206.5725273766	773.04771155641	914.76925353558	141.893486746149	272.603894392751	1891.88137651769
a71_gac-miR-194a-3p	0	0	0	0	1.20735725859432	15.4739754206919	0	36.7857477858718	8.7647132829525	6.86506006405689	0	10.9920925158367	1.50867733374617
a207_gac-miR-193a-2-5p	322.648570780028	387.883994574393	749.242749936062	1028.34081255626	490.187046989295	1130.7905115121	1832.69096874944	2068.58521715886	1083.31856177293	973.122264080064	2708.58900255427	696.165859336326	511.441616139951
a131_gac-miR-18c-5p	104.708592781443	34.6813924560634	89.4020734563066	12.8408842358742	252.337667046214	39.2800914525256	32.1943110970949	83.3810283146428	77.129476889982	89.2457808327395	55.496119260716	38.1059207215673	76.9425440210546
a130_gac-miR-18a/b-5p	0	111.345523148414	48.0369349914483	13.9109579221971	152.127014582885	20.2351986270586	63.1962403017048	46.595280528771	56.094165010896	34.3253003202844	87.0280052043047	82.0742907849142	55.8210613486082
a32_gac-miR-18a-3p	424.922080008415	127.773551153918	51.3728332547433	98.4467791417024	200.421304926658	136.885167183044	156.202027915534	61.3095796431197	136.729527214059	110.699093532917	78.8297148589716	297.519304095314	110.13344536347
a204_gac-miR-184-3p	1518.27459533093	4850.83160273623	473.697553387893	1092.54523373563	3057.02857876083	304.718285207471	432.834626972054	3992.47982635995	2562.80216393531	598.976490588963	1856.5974443585	12851.2217633486	439.025104120135
a159_gac-miR-183-5p	0	418.002045917816	144.110804974345	164.791347693719	476.906117144758	79.7504887066429	108.506752216135	564.048132716701	159.517781749735	236.844572209963	377.751993604192	279.931956069975	368.117269434065
a243_gac-miR-182b-5p	0	19.1660326730877	0	11.2357737063899	26.5618596890751	0	0	11.0357243357615	0	12.0138551120996	7.56765262646128	7.32806167722448	9.05206400247701
a241_gac-miR-182a-5p_gac-miR-182b-5p	0	10.9520186703358	0	0	15.6956443617262	4.76122320636674	0	7.35714955717436	12.2705985961335	15.446385144128	1.26127543774355	0	6.03470933498467
a242_gac-miR-182a-5p	0	120.472205373694	0	44.4080579823984	94.1738661703573	23.8061160318337	9.53905513987997	118.940584507652	63.105935637258	36.0415653362987	129.911370087585	170.74383707933	110.13344536347
a8_gac-miR-181b-2/3-5p_gac-miR-181c-5p	608.770888264204	1298.72688065732	3344.57159877959	1459.04547130121	1235.12647554199	2153.26319507936	2269.10274139895	2115.18049768763	1470.71888887943	2032.05777896084	2076.05937052588	1319.78390806813	2806.13984076787
a7_gac-miR-181b-1-5p	165.585681607864	728.309241577331	1292.32698720049	961.996244004244	702.681924501896	642.76513285951	637.924312479473	717.3220818245	639.824069655532	557.786130204622	573.880324173314	721.081269038889	704.55231485946
a6_gac-miR-181a-5p	8740.73241369745	16185.2582583113	29657.4699199981	19016.2794796434	19425.1709335241	14514.588944609	15993.4183239013	16589.1460598353	12608.9165288555	15184.6547291858	17024.6958586624	10471.8001367538	20513.4857069466
a23_gac-miR-181a-3-3p	441.967664879812	491.015503720055	497.048841230958	504.004706258063	444.307471162711	368.994798493422	469.798465639088	578.76243183105	513.612198381016	513.163239788252	609.196036430133	540.810951779167	540.106485481128
a21_gac-miR-181a-2-3p_gac-miR-181a-3-3p	0	55.672761574207	30.0230843696552	32.1022105896856	48.294290343773	124.982109167127	89.4286419363747	74.797687164606	77.129476889982	161.328911505337	119.190528866765	113.58495599698	92.0293173585163
a22_gac-miR-181a-2-3p	323.866112556557	1730.41894991306	5839.82349972427	1096.29049163776	847.564795533215	1455.74399534663	1184.0352192376	1038.58427915445	1162.2009813195	2665.35956987009	1639.65806906661	1166.62741901414	2569.27749936972
a24_gac-miR-181a-1-3p	157.062889172165	177.057635170429	204.824153366314	101.657000200671	276.4848122181	84.5117119130096	139.508681420745	133.654883622001	94.658903455887	200.803006873664	217.570013010762	156.087713724882	153.885088042109
a2_gac-miR-17a-5p	0	126.86088293139	278.881094811464	65.8095317088554	126.772512152404	42.8510088573007	93.0057876138297	71.1191123860188	138.482469870649	140.733731313166	114.145427115791	124.577048512816	99.5727040272471
a31_gac-miR-17a-1-3p	0	0	0	0	4.82942903437729	14.2836696191002	15.5009646023049	7.35714955717436	0	2.57439752402133	7.56765262646128	0	0
a150_gac-miR-16c-5p	191024.999486648	190363.425186664	121718.921471803	169447.23830291	295651.608698285	188499.207351662	250738.833879315	157138.905008501	143897.309736858	163384.996994522	176031.798381835	276873.223125902	189431.034702503
a149_gac-miR-16a-5p_gac-miR-16c-5p	6230.16127049587	8874.78579586211	4710.95552742523	8981.66348615086	13749.3844608722	10630.6211140153	8505.26003909548	8547.78159384375	7988.15968608291	7404.82541159336	9328.39313755127	10125.1828194211	8184.57453557296
a151_gac-miR-16a-5p	10324.7542649609	8207.62532519416	6563.71342285929	7754.28896793855	10937.449405606	5550.39595282203	6042.99143111396	6178.7794364336	5493.72228575463	5494.62244876953	4442.84272945164	8589.22109187482	6523.52079111843
a152_gac-miR-15c-5p	115511.84096458	66023.3318858969	72052.0665889092	73317.1686920965	127845.852755294	88638.502127128	121171.040296218	59836.9235400919	82381.2930891271	81054.9060438117	70130.0675271355	131671.345022537	86279.7480396096
a147_gac-miR-15b-1-5p	271.511816165835	251.896429417723	286.220070990713	539.852174749879	840.320651981649	352.330517271139	201.512539829964	267.309767244002	154.258953779964	205.951801921707	431.986837427165	204.452920794563	159.919797377094
a148_gac-miR-15a-2-5p	37546.5533045831	33770.5495699804	20232.890146537	24063.2820211851	67988.7019459636	35358.033836281	46673.4044175402	37445.4388628318	36590.9250136701	32211.7199530629	39433.776561052	41861.5523311449	36513.0088313248
a225_gac-miR-155-5p	468.753583963437	674.46181644818	1218.27004575534	429.634585058625	849.979510050404	196.400457262628	391.101260735079	350.690795558645	562.69459276555	922.492446107644	419.374083049729	303.381753437094	638.170512174629
a16_gac-miR-152a-5p	368.915158288108	744.737269582835	569.77142337079	793.459638408395	662.839134968284	491.596296057366	494.838485381273	539.524300859453	699.424119979609	609.274080685049	739.73804423659	707.890758019885	567.262677488559
a169_gac-miR-152a-3p	722.002273481346	811.362049827377	695.868377723342	304.971000602013	956.226948806705	780.840605844145	630.770021124563	776.179278281895	1018.45968347908	500.291252168146	666.584068847464	722.546881374334	764.899408209307
a29_gac-miR-150-5p	18798.8450295986	3096.68327903745	1878.77790188776	2922.90627419087	5422.24144834711	9440.31531242366	3716.65435887573	3492.1936564721	4815.3334776541	4022.92519753734	2678.94902976729	5256.41864107312	8379.19391162622
a78_gac-miR-150-3p	0	14.6026915604477	34.0261622856092	23.5416210991027	13.2809298445376	26.1867276350171	10.731437032365	8.58334115003676	5.2588279697715	4.29066254003555	5.04510175097419	0	21.1214826724464
a170_gac-miR-148a-3p	1128.66122684183	477.325480382135	1022.78640752625	522.730995768713	572.287340573709	1033.18543578158	541.341379188188	723.453039788812	578.471076674865	725.121969266009	494.41997159547	704.959533348995	881.067562907762
a183_gac-miR-146a-5p	11528.9030819475	46320.6502979627	95877.7191650149	26589.1909577502	20894.5247172334	18467.594511695	15783.5591108239	18628.3026787655	17098.2026723837	35004.9412666261	15735.0417235696	16702.8509808978	59552.0203949625
a53_gac-miR-146a-3p	843.756451134187	532.998241956342	2508.59549399786	517.380627337099	499.84590505805	464.219262620757	674.888151146508	400.964650866003	273.459054428118	622.146068305155	362.61668835127	528.353246927885	713.604378861938
a121_gac-miR-145-5p	1506.09917756564	2508.0122755069	4808.36375671345	3320.97368550297	3226.05859496403	7934.57847341017	2678.0897305213	2232.89489060242	3313.06162095604	4827.85349004801	3200.48642327425	2276.82876311365	3046.01953683351
a113_gac-miR-145-3p	1232.15227784675	2529.91631284757	2442.54470838462	1594.94482946421	1708.41052091097	4783.83901659698	1787.38045683501	1860.13264637225	2852.03770227274	3045.51227091724	1721.64097251994	2271.69911993959	4041.74657710598
a48_gac-miR-144-5p	6404.26974453943	12288.1649481168	7064.7653420062	9708.24351916407	10558.3392264074	4055.37186602287	6221.84871498671	4100.38468653184	3113.22615810473	4423.67307877666	2730.66132271478	15434.3635045702	5013.33478003852
a80_gac-miR-144-3p	1484.18342558813	674.46181644818	1112.85566063522	828.237033213887	805.307291482414	247.583606731071	208.666831184874	257.500234501103	194.576634881545	117.564153596974	140.001573589534	252.085321696522	212.72350405821
a120_gac-miR-143-5p	0	6.38867755769588	0	23.0065842559413	55.5384338953389	45.231620460484	19.0781102797599	1.22619159286239	0	35.1834328282915	56.7573946984596	81.3414846171918	46.7689973461312
a55_gac-miR-143-3p	10508.6030732167	38106.6362952109	151370.386774928	43999.8248710662	28603.5008133581	57058.498905099	20808.2564057557	22512.8776449535	36932.7488317052	72346.5773525555	43201.206293592	26235.1936106314	66206.7961141168
a66_gac-miR-142-5p	546.676257661255	619.701723096501	1467.79523584981	427.494437685979	894.651728618394	161.881589016469	152.624882238079	196.190654857983	662.612324191209	389.592158635228	196.128330569121	225.704299658514	395.273461441496
a218_gac-miR-142-3p	691.563729068136	188.009653840765	315.575975707709	133.759210790356	591.605056711219	97.6050757305182	116.85342546353	64.9881544217069	273.459054428118	145.024393853202	140.001573589534	167.079806240718	191.602021385763
a65_gac-miR-140-5p	0	216.302368739132	274.210837242851	291.060042679816	223.36109283995	71.4183480955011	157.394409808019	47.8214721216334	119.200100648154	129.578008709074	156.3981542802	211.780982471788	76.9425440210546
a139_gac-miR-140-3p	2264.62770434284	14666.5783360247	10808.9775527285	10097.7503409856	11869.5292092408	5380.18222319442	6398.32123507449	7819.42378768348	5122.09844255744	6472.03537538963	9170.73370783333	7854.94931181693	4860.95836933015
a180_gac-miR-139-5p	1636.37614765418	1610.85941276189	894.020734563066	745.841359367028	1126.4643222685	1220.06344663148	1753.99376384543	1394.17984108454	2555.79039330895	902.755398423481	1089.74197821042	1469.27636628351	1217.50260833316
a54_gac-miR-1388-3p	1161.5348548081	669.89847533554	1619.91219665606	309.251295347304	1296.7016957303	343.998376659997	771.471084437792	219.488295122368	701.1770626362	1264.02918429447	640.09728465485	309.977008946596	958.010106928817
a160_gac-miR-135c-5p	164.368139831335	2.73800466758395	115.422079910008	12.3058473927128	59.1605056711219	17.8545870238753	23.8476378496999	19.6190654857983	1.7529426565905	17.1626501601422	13.874029815179	49.098013237404	36.208256009908
a162_gac-miR-135b-5p	0	18.2533644505597	0	9.63066317690567	6.03678629297162	17.8545870238753	0	7.35714955717436	0	1.71626501601422	8.82892806420482	0	0
a163_gac-miR-135a-2-5p	0	6.38867755769588	9.34051513722606	27.2868790012327	0	0	0	0	0	0	0	0	0
a161_gac-miR-135a-1-5p	0	3.65067289011193	0	4.81533158845283	4.82942903437729	16.6642812222836	0	0	0	7.723192572064	33.423799100204	0	0
a246_gac-miR-133b-3p	57.2244634968352	0	0	232.74102677522	4.82942903437729	8.3321406111418	22.6552559572149	291.83359910125	0	374.1457734911	322.886512062348	41.7699515601796	45.260320012385
a41_gac-miR-133a-5p	0	0	34.0261622856092	107.007368632285	48.294290343773	48.8025378652591	48.8876575918848	320.036005737085	7.011770626362	160.47077899733	267.390392801632	74.7462291076897	34.6995786761619
a245_gac-miR-133a-3p_gac-miR-133b-3p	2.43508355305682	0	0	327.442548014793	3.62207177578297	45.231620460484	17.8857283872749	245.238318572479	8.7647132829525	435.931314067612	553.699917169417	79.1430661140244	54.3123840148621
a236_gac-miR-133a-3p	1801.96182926204	250.983761195195	612.470921140966	53468.3718844939	3651.04834998924	8583.29513527764	7930.53196691771	57515.7428548034	741.494743737781	47175.8346276909	64544.5092510882	9244.34980581869	10224.3062907978
a64_gac-miR-130c-3p	86.445466133517	52.0220886840951	47.3697553387893	36.9175421781384	30.1839314648581	22.615810230242	17.8857283872749	12.2619159286239	15.7764839093145	3.43253003202844	24.5948710359992	14.656123354449	22.6301600061925
a104_gac-miR-130c-2-5p	66.9647977090625	42.8954064588152	63.3820670026054	181.377489831723	140.053441996942	84.5117119130096	107.31437032365	114.035818136203	110.435387365201	62.6436730845191	125.496906055483	293.122467088979	185.567312050779
a30_gac-miR-130b-5p	3555.22198746295	4654.60793489272	5070.56536020843	6049.66158562624	6394.16404151554	4254.15293488868	5542.19103627026	3645.4676055799	6969.70000260383	3355.2981063078	6502.50551928685	11187.7517626186	7216.00368730792
a62_gac-miR-130b-3p	164.368139831335	73.0134578022387	125.429774699893	95.2365580827338	65.1972919640935	13.0933638175085	19.0781102797599	42.9167057501838	35.05885313181	23.169577716192	49.8203797908701	69.6165859336326	57.3297386823544
a70_gac-miR-1306-5p	1568.19380816859	159.716938942397	119.425157825962	169.071642439011	183.518303306337	299.957062001105	470.990847531573	89.5119862789547	140.23541252724	67.7924681325618	102.163310457227	331.961193978269	99.5727040272471
a12_gac-miR-129-1b/2-3p	0	0	0	7.49051580425996	0	0	8.34667324739497	6.13095796431197	0	14.5882526361209	21.4416824416403	0	0
a96_gac-miR-129-1a/2-5p	0	54.760093351679	0	52.4336106298197	19.3177161375092	15.4739754206919	0	220.714486715231	0	46.339155432384	29.6399727869733	0	19.6128053387002
a166_gac-miR-128-2-3p	43874.1179172012	26309.4868508142	16139.0757978213	23165.4901983603	32020.3218551801	37220.862415772	52766.4758881385	26664.7623783856	31174.3322048054	27475.6866413717	26807.1481538013	56983.7404082653	25896.446433753
a68_gac-miR-126b-5p	2895.31434458456	4294.10398699416	2399.84521061444	3064.15600078549	2395.39680105114	3891.10966540322	5542.19103627026	3546.14608655804	2958.96720432476	4056.39236534961	3930.13426400889	2144.19084675588	2146.8478459208
a179_gac-miR-126b-3p	62399.0160470809	186289.274241299	115662.264584965	145895.451503787	49144.2698538234	63555.1879701864	77724.221279742	53932.8110204595	89298.4048120332	85691.3959845741	57868.5783591116	52372.1911947879	64877.6513830865
a175_gac-miR-125b-2/3-5p	67373.891745976	91087.0266129603	80877.5190342825	136694.957948783	47781.1635088704	129392.192162024	115274.711837879	162461.802713117	120208.042675694	102678.128980575	151274.853452085	80621.8689604883	71254.8304728315
a28_gac-miR-125b-2-3p	553.981508320426	73.0134578022387	62.7148873499464	301.225742699883	14.4882871031319	185.687705048303	138.31629952826	190.059696893671	231.388430669946	83.2388532766898	96.4875709873813	101.127251145698	67.8904800185776
a176_gac-miR-125a-5p	61515.0807173213	113603.464330948	110631.062824263	105102.637470631	49184.112643357	70891.042625396	69723.3387811677	80821.966460339	73332.603095807	55284.3286958501	59780.041285012	56042.084482742	84466.3178844467
a61_gac-miR-125a-1-3p_gac-miR-125a-2-3p	21.9157519775114	53.847425129151	127.43131365787	104.867221259639	31.3912887234524	78.5601829050512	14.30858270982	98.0953274289915	78.8824195465725	84.955118292704	83.8748166099458	22.7169911993959	33.1909013424157
a129_gac-miR-124-3p	0	10.9520186703358	0	0	0	16.6642812222836	0	25.7500234501103	0	15.446385144128	1.89191315661532	19.0529603607837	6.03470933498467
a123_gac-miR-122-5p	734678.100916784	3034.62183990555	31817.1304556553	9103.65188639166	4208.84740345981	734615.080039332	281212.537905554	351932.927642214	164904.574533438	184970.462100933	55223.0531284446	67853.4542940924	427910.678202427
a11_gac-miR-122-3p	1674.11994272656	55.672761574207	348.934958340659	134.829284476679	73.6487927742537	1948.53059720559	596.190946242498	1305.89404639845	406.682696328996	983.419854176149	261.714653331786	82.0742907849142	1329.14473103037
a141_gac-miR-10c-5p	2326.72233494579	10221.8840923134	31548.9242352863	1528.60026091219	5563.50224760264	9083.22357194615	11996.5542202915	3172.15765073501	5967.01680303406	14889.4571464314	6485.47830087732	5466.73401120947	10616.5623975718
a140_gac-miR-10b-5p	10727.7605929918	45083.9848564373	41794.134981518	37562.7966109911	12113.4153754769	42265.3784029176	21145.7004813289	35267.7225939082	39719.9276556841	41736.9907919418	42204.1680600557	23604.4194685078	24971.6272281666
a132_gac-miR-10545-5p	0	7.30134578022387	35.3605215909272	0.535036843161426	0	9.52244641273348	51.2724213768548	23.2976402643855	5.2588279697715	19.7370476841635	8.82892806420482	16.8545418576163	3.01735466749234
a90_gac-miR-10545-3p	0	23.7293737857276	44.0338570754943	57.2489422182726	6.03678629297162	41.660703055709	32.1943110970949	17.1666823000735	33.3059104752195	14.5882526361209	13.874029815179	25.6482158702857	24.1388373399387
a37_gac-miR-103-3p	1955.37209310462	1760.53700125648	2855.52891338054	1139.09343909068	3434.93140070085	2706.75539281949	3674.92099263876	1755.90636097895	2154.36652494972	2548.65354878112	3433.82237925681	3382.63327020682	1624.84548844462
a172_gac-miR-101b-5p	3189.95945450443	969.253652324718	674.518628838254	911.167743903908	1497.12300065696	2392.51466119929	2594.62299804735	1811.08498265776	1265.62459805834	1482.85297383629	1633.98232959676	1497.12300065696	1129.99932297588
a19_gac-miR-101b-3p	0	98.5681680330222	18.6810302744521	25.146731628587	101.418009721923	41.660703055709	11.92381892485	45.3690889359086	68.3647636070295	39.4740953683271	30.2706105058451	57.8916872500734	64.8731253510852
a138_gac-miR-101a-3p	5554.4255845226	9304.65252867279	6390.24671316795	4585.80078273658	10551.0950828558	6740.70175441371	6119.303872233	5874.68392140373	7497.33574223757	6546.69290358625	7881.71021045942	12022.4179876545	4249.94404916296
a9_gac-miR-100-2-5p	24141.4183450053	92779.1134975272	167582.185154889	96994.1541125191	53624.7726404669	103270.931346095	86322.4871064513	165194.983773607	103607.675717781	141831.282790907	167166.293329935	63300.5295740328	97694.4007467331
a18_gac-miR-1-3p	4409.9363145859	1354.39964223153	2606.67090293873	117890.018022189	5377.56922977912	15319.235666485	12841.9529820634	197344.501146867	4333.27424709172	99938.9700150161	82612.9105344834	33942.1160765684	48249.0098105362
a194_gac-let-7j-5p	6726.91831531946	8496.94115173553	7535.79417678346	7968.30370520312	10333.7707763088	7363.23168864616	9223.07393837144	9374.234727433	7642.82998273458	8611.35971785136	6947.73574881033	10172.0824141553	11746.5617205477
a92_gac-let-7j-3p	288.557401037233	178.882971615485	134.10311018446	268.053458423874	282.521598511072	91.6535467225598	182.434429550204	105.452476986166	201.588405507907	223.972584589856	201.173432320096	255.016546367412	193.11069871951
a192_gac-let-7i-5p	759.746068553727	1466.65783360247	4304.6431189559	2169.57439901958	1870.19639356261	2043.75506133292	2151.05693404293	3316.84825869277	1740.67205799437	3326.97973354357	2616.51589559899	1097.01083308051	3245.16494488801
a184_gac-let-7h-1-5p	37833.8931638438	11501.4449402976	32971.3512547553	17979.9131144397	21370.2234771195	33859.4388320771	31985.64426591	27221.4533615451	34664.4410340771	27071.5062301003	25731.910843125	37450.7920076235	32243.4519768231
a82_gac-let-7h-1-3p	2933.05813965694	1119.84390904184	408.98112707997	888.161159647967	781.160146310527	887.968127987397	1418.93445205715	822.774558810666	843.16541782003	669.343356245546	653.971314470029	2467.35836672148	808.651050887946
a191_gac-let-7g-5p	91872.0498315041	72328.0439671202	51067.2649738255	96680.6225224265	125678.646476118	121312.39638082	157493.377505096	167860.72429649	92281.9132135503	105412.997283593	117822.045016813	142045.681938984	117130.690837385
a84_gac-let-7g-1-3p	0	9.12668222527983	0	0	19.3177161375092	11.9030580159169	15.5009646023049	0	0	6.86506006405689	14.5046675340508	0	0
a186_gac-let-7f-5p	14989.1568108412	13049.3302457051	18761.0918327712	12787.9155884012	15893.6509521357	15754.8875898675	16085.2317296226	21724.436450743	20763.6057673145	23194.4635589242	15560.3550754421	20927.4785378177	24950.5057454941
a185_gac-let-7e-5p	90716.6026855787	118305.531013412	203251.610924997	102514.129223416	163692.28976296	126259.307292235	142223.734989933	190274.280422422	188674.476956805	184745.631383835	159243.591667749	224353.737891402	258508.843782738
a83_gac-let-7e-1-3p	293.427568143346	210.826359403964	185.475943439203	44.4080579823984	195.59187589228	110.698439548027	102.54484275371	50.2738553073581	108.682444708611	85.8132508007111	90.8118315175353	349.548542003608	75.4338666873084
a193_gac-let-7d-5p	41924.8335329792	22866.9023154386	110593.033584062	47477.5643516155	19644.9099545882	70879.1395673801	64253.883040339	61901.8301824722	69744.3294777662	37586.2038507115	49423.7086656997	47200.7780691706	60015.1843364226
a91_gac-let-7c-2/d-3p	281.252150378062	229.079723854524	69.3866838765365	202.243926715019	26.5618596890751	51.1831494684425	114.46866167856	116.488201321927	99.9177314256585	114.989756072953	112.253513959176	149.492458215379	49.7863520136235
a189_gac-let-7c-2-5p	41530.349997384	10020.1844151347	41732.0872738207	46528.9440286902	10996.6099112771	57260.8508913696	50985.0573407659	77473.2372202318	71591.9310378126	34201.7292391314	53923.9394275687	27107.2329502211	42075.5021608469
a190_gac-let-7b-5p	353541.258275884	44225.1640590385	248146.129752422	198668.275492171	59589.1174979229	442500.942964915	307692.954973861	200828.111462189	312749.511132937	114117.893444818	137622.17747623	223150.470164001	188391.556019551
a81_gac-let-7b-1-3p	14524.0558522074	3120.41265282318	2634.69244835041	3584.21181233839	1506.78185872572	3592.34290920371	3748.84866997283	2998.03844454855	2375.23729968013	2503.17252585674	2140.3844178508	4480.37690945505	2471.21347267622
a187_gac-let-7a-5p_gac-let-7c-2-5p	1661.94452496128	1759.62433303395	1800.05070287399	1937.36840908752	2328.99215182845	4781.4584049938	2877.2175065663	4062.37274715311	3602.29715929348	3189.67853226243	4664.82720649451	2981.78829646264	3629.87766499328
a188_gac-let-7a-5p	1151698.33479553	487551.015147339	826887.116373559	680842.943512405	699012.765793028	1321761.98401367	1230248.36424464	1308351.33435055	1308268.43406522	987543.180877123	976802.961050835	1438014.1223623	1246256.48963703
a85_gac-let-7a-5-3p	549.111341214312	531.172905511286	129.432852615847	348.308984898088	707.511353536274	310.66981421543	445.950827789388	441.428973430462	531.141624946921	422.201193939499	460.365534776394	907.214035640391	482.776746798774
a158_gac-let-7a-3/7-3p	327.518737886142	357.76594323097	271.542118632215	287.314784777686	274.070097700912	434.461617580965	457.874646714238	226.845444679543	226.129602700174	272.028005038254	322.886512062348	804.621172159248	241.388373399387
a267_REV_gac-let-7b-5p_gac-let-7c-2-5p	1.21754177652841	0	0	0.535036843161426	0	7.14183480955011	0	0	3.505885313181	0	17.6578561284096	5.86244934177959	3.01735466749234
a257_REV_gac-let-7f-3p	108.361218111028	7.30134578022387	0	0	10.8662153273489	3.57091740477506	0	17.1666823000735	22.7882545356765	6.00692755604978	1.89191315661532	47.6324009019592	1.50867733374617
a253_REV_gac-miR-103a-5p	0	8.21401400275185	0	0	9.65885806875459	5.95152900795843	0	4.90476637144957	1.7529426565905	5.14879504804266	9.4595657830766	5.12964317405714	3.01735466749234
a252_REV_gac-miR-10c-3p	0	3.65067289011193	34.6933419382682	10.1657000200671	4.82942903437729	0	9.53905513987997	0	0	2.57439752402133	0	0	3.01735466749234
a260_REV_gac-miR-132-3p	0	8.21401400275185	39.3635995068813	42.2679106097526	22.9397879132922	83.321406111418	51.2724213768548	15.9404907072111	33.3059104752195	71.2249981645902	68.7395113570233	27.846634373453	39.2256106774004
a250_REV_gac-miR-181b-2/3-5p	0	7.30134578022387	128.098493310529	40.6628000802684	24.1471451718865	45.231620460484	76.3124411190397	63.7619628288445	28.047082505448	47.1972879403911	37.2076254134346	23.4497973671184	36.208256009908
a268_REV_gac-miR-190a-5p	0	12.7773551153918	0	0	42.2575040508013	2.38061160318337	17.8857283872749	3.67857477858718	0	17.1626501601422	6.30637718871773	8.79367401266938	4.5260320012385
a261_REV_gac-miR-191-5p	53299.1088093076	32394.2458904082	15436.5356235714	21572.6855162687	45309.7032005278	29324.3737280128	49474.3094829875	29790.3247485919	67118.4213781936	27697.0848284375	41434.7900430321	64324.9925965088	58586.4669013649
a251_REV_gac-miR-193a-2-3p	0	0	24.0184674957242	0	13.2809298445376	0	0	0	0	1.71626501601422	13.874029815179	0	0
a269_REV_gac-miR-27b-3p_gac-miR-27c-1-3p	0	27.3800466758395	0	94.166484396411	68.8193637398765	30.9479508413838	75.1200592265547	55.1786216788077	36.8117957884005	42.0484928923484	47.297828915383	32.2434713797877	21.1214826724464
a264_REV_gac-miR-459-5p	0	0	71.3882228345135	0	8.45150081016027	0	0	4.90476637144957	0	0	0	0	0
a255_REV_gac-miR-460-3p	227.680312210812	16.4280280055037	0	0	0	0	0	8.58334115003676	19.2823692224955	0	0	0	7.54338666873084
a256_REV_gac-miR-730-3p	0	10.0393504478078	32.6918029802912	4.28029474529141	4.82942903437729	24.9964218334254	22.6552559572149	0	19.2823692224955	18.0207826681493	0	0	0
a254_REV_gac-miR-7bb-3p	0	0	0	20.3314000401342	2.41471451718865	5.95152900795843	0	0	5.2588279697715	0	0	0	4.5260320012385
