		B43_F	B54_F	B60_F	T44_F	T47_F	C17_F	C19_F	C31_F	B48_M	B49_M	B59_M	T41_M	T43_M	T45_M	T63_M	T69_M	C13_M	C15_M	C20_M
nomCol	Gene	B43_F	B54_F	B60_F	T44_F	T47_F	C17_F	C19_F	C31_F	B48_M	B49_M	B59_M	T41_M	T43_M	T45_M	T63_M	T69_M	C13_M	C15_M	C20_M
miR-ENSGACG00000022167-5p	miR-ENSGACG00000022167-5p	7	10	30	0	0	0	0	0	18	4	0	0	0	0	0	0	0	45	0
miR-ENSGACG00000022167-3p	miR-ENSGACG00000022167-3p	7	0	0	0	0	0	0	0	0	0	0	0	0	0	0	0	0	0	0
miR-99a-5p	miR-99a-5p	11636	2565	4058	4106	1233	1832	3851	2090	2736	5385	1112	4384	4887	22329	283	6297	2447	1792	2551
miR-99a-3p	miR-99a-3p	14	3	0	0	0	0	0	0	0	0	1	0	0	0	0	0	0	0	0
miR-92a-3p	miR-92a-3p	294150	74410	65407	432500	84353	185199	162168	144894	74066	192011	26844	149662	128655	576572	132046	450015	269084	217030	268664
miR-92a-2-5p	miR-92a-2-5p	161	51	232	687	136	471	198	23	43	196	93	225	188	1001	289	1481	34	107	90
miR-92a-1-5p	miR-92a-1-5p	724	235	852	0	0	498	1054	465	166	718	372	0	0	0	0	0	715	419	1014
miR-9-5p	miR-9-5p	0	22	56	14	4	528	842	385	7	78	57	58	39	139	50	179	1793	3564	382
miR-9-1/3/5/6-3p	miR-9-1/3/5/6-3p	15	0	12	0	0	0	0	0	6	9	40	0	0	1	0	0	0	0	0
miR-8159-5p	miR-8159-5p	125	2	43	31	7	0	0	0	1	21	14	15	2	69	0	10	0	0	0
miR-737-5p	miR-737-5p	77	52	17	62	23	240	184	32	73	265	11	144	273	239	76	295	598	1007	646
miR-733-1-5p	miR-733-1-5p	0	4	7	0	0	21	272	0	4	0	0	0	0	0	0	0	0	200	58
miR-730-5p	miR-730-5p	12	4	0	66	15	0	0	0	0	12	0	14	90	207	7	279	0	0	83
miR-728b-5p	miR-728b-5p	0	0	0	0	0	0	0	0	0	0	0	0	0	0	0	0	0	0	0
miR-727b-5p	miR-727b-5p	124	36	24	0	0	113	47	21	18	52	20	0	0	0	0	0	398	367	60
miR-727b-3p	miR-727b-3p	59	15	14	0	0	164	84	158	14	99	7	0	0	0	0	0	322	219	120
miR-725-3p	miR-725-3p	258	180	40	354	14	6233	2838	33	9	508	186	750	2066	343	42	804	37	9014	20356
miR-724-5p	miR-724-5p	17	5	4	0	0	258	7726	489	8	38	8	0	13	39	0	2	436	202	540
miR-722-3p	miR-722-3p	113	2	0	0	5	77	224	0	9	37	8	19	15	97	0	90	90	157	291
miR-7147-5p	miR-7147-5p	14	2	16	0	0	0	0	0	5	4	0	0	0	0	0	0	0	98	0
miR-7133-3p	miR-7133-3p	101	33	23	36	0	0	19	24	58	129	93	95	45	40	0	17	206	84	323
miR-7132b-5p	miR-7132b-5p	472	250	128	0	0	89	1283	252	147	594	291	0	0	0	0	0	974	1320	493
miR-7132a-5p_gac-miR-7132b-5p	miR-7132a-5p_gac-miR-7132b-5p	425	151	27	1986	346	364	190	1	83	297	49	1176	2175	4958	1425	4350	373	212	407
miR-7132a-5p	miR-7132a-5p	171	59	37	0	0	61	107	158	27	184	59	0	0	0	0	0	102	529	113
miR-7-5p	miR-7-5p	63	24	138	80	55	0	633	311	16	70	37	33	62	178	38	221	92	50	119
miR-551a-3p	miR-551a-3p	1850	176	21	354	134	176	0	44	35	1472	35	100	149	1331	0	696	93	68	86
miR-499a-5p	miR-499a-5p	116	121	28	148	39	58	9802	1104	117	378	11	187	142	1970	5	174	776	330	134
miR-489-5p	miR-489-5p	0	0	0	0	0	0	0	0	0	0	0	0	0	0	0	0	0	0	0
miR-489-3p	miR-489-3p	117	29	18	179	17	0	90	0	13	142	28	106	39	201	5	99	98	21	444
miR-460-5p	miR-460-5p	183	18	0	162	38	65	0	123	11	78	29	56	37	335	2	51	88	23	0
miR-458-3p	miR-458-3p	62	0	0	0	10	83	33	44	9	27	2	21	1	51	1	53	140	7	176
miR-456-3p	miR-456-3p	300	131	90	77	42	17	127	172	93	316	137	38	81	323	40	314	61	214	76
miR-455-5p	miR-455-5p	81	25	25	0	31	23	34	115	26	101	4	123	157	383	30	230	324	35	40
miR-455-3p	miR-455-3p	330	54	0	176	91	140	0	45	19	209	28	111	338	769	14	219	534	95	144
miR-454b-3p	miR-454b-3p	6	8	6	0	0	0	202	0	5	13	0	21	2	0	1	14	138	31	122
miR-451-5p	miR-451-5p	160611	43822	66087	32241	34694	9227	33034	20650	75751	61682	7810	31267	32164	285371	42682	131833	18961	17335	7331
miR-429a-3p	miR-429a-3p	39	32	0	50	15	689	2103	0	4	79	45	50	164	88	30	152	30	768	2955
miR-425-5p	miR-425-5p	8259	2983	2304	2911	1219	103616	123258	21237	2020	5750	1054	5827	3101	7125	535	6662	64621	79792	183260
miR-375a-3p	miR-375a-3p	967	3111	1259	3684	804	186864	444945	5381	136	1884	2528	3726	3097	1167	1063	4206	31510	178498	416761
miR-365-2b-5p	miR-365-2b-5p	89	42	9	0	13	213	254	192	9	101	14	12	39	117	0	96	33	0	0
miR-365-2b-3p	miR-365-2b-3p	1655	509	448	355	567	1325	1427	741	512	854	117	752	789	8933	120	712	4010	2083	1880
miR-34a-5p	miR-34a-5p	29	2	0	0	0	0	0	0	5	0	9	0	0	30	0	0	0	0	0
miR-338-3p	miR-338-3p	54	25	64	0	32	0	76	54	32	69	12	200	99	355	15	175	136	0	0
miR-338-1b-5p	miR-338-1b-5p	0	1	6	18	8	0	0	0	1	0	0	32	4	1	15	12	0	0	0
miR-338-1a-5p	miR-338-1a-5p	38	6	27	0	0	0	0	0	4	1	0	7	5	31	0	0	0	0	0
miR-31a-5p	miR-31a-5p	141	170	35	0	3	304	447	193	43	155	65	34	96	103	5	140	14	288	543
miR-30e-5p	miR-30e-5p	882	214	212	339	304	569	2037	596	613	1225	181	584	794	1009	351	1658	1287	1197	1535
miR-30e-3p	miR-30e-3p	1875	505	763	1712	1157	37282	89370	5439	540	1739	468	1950	1505	3299	580	3385	13385	38809	125486
miR-30c-2-5p	miR-30c-2-5p	6971	1505	1175	4386	1704	21141	20279	1748	1041	5949	968	3945	5263	10566	995	6791	14526	21812	61196
miR-30c-1-5p_gac-miR-30c-2-5p	miR-30c-1-5p_gac-miR-30c-2-5p	45	18	10	148	27	337	295	2	30	88	2	7	72	240	26	171	148	171	1458
miR-30c-1-5p	miR-30c-1-5p	2736	466	355	1028	287	22498	30715	623	261	1737	459	1062	1092	1554	117	1665	3759	15863	77077
miR-30bb-5p	miR-30bb-5p	802	163	114	130	91	446	236	26	229	578	66	400	376	811	106	420	352	428	1066
miR-30bb-3p	miR-30bb-3p	16	12	20	0	9	0	61	41	4	67	20	38	15	57	20	61	49	0	5
miR-30a-5p	miR-30a-5p	28490	5939	10513	11335	7115	12062	22805	9424	8502	18234	4266	12000	13013	54151	6704	38620	12399	12920	20175
miR-301b-5p	miR-301b-5p	0	3	0	0	0	0	0	0	1	9	3	0	0	0	0	0	0	0	0
miR-29b-1a/2a-3p	miR-29b-1a/2a-3p	32	13	9	18	16	43	141	0	13	53	18	32	11	58	1	31	0	104	51
miR-29a-3p_gac-miR-29b-1a/2a-3p	miR-29a-3p_gac-miR-29b-1a/2a-3p	0	0	0	0	0	0	0	0	2	0	0	0	0	0	0	0	0	0	57
miR-29a-3p	miR-29a-3p	34	31	16	65	44	0	155	0	96	75	39	161	113	407	98	357	37	98	8
miR-27e-3p	miR-27e-3p	802	265	258	360	110	652	1516	751	126	523	292	648	809	4805	85	1687	601	948	1363
miR-27c-1-5p	miR-27c-1-5p	577	231	576	79	116	0	0	0	146	953	230	290	160	534	43	709	0	0	0
miR-27c-1-3p	miR-27c-1-3p	3245	1062	2032	1366	993	698	1795	1075	2012	5443	1314	2404	2734	6091	505	4503	1424	702	1024
miR-27b-5p	miR-27b-5p	35	13	52	1	33	56	328	19	14	94	8	94	59	217	6	300	91	245	482
miR-27b-3p	miR-27b-3p	2292	522	1049	2034	556	999	3672	839	502	1483	489	1928	1577	8646	308	5513	891	845	3290
miR-27a-5p	miR-27a-5p	29	21	31	0	11	101	36	31	5	151	53	58	48	226	28	278	0	191	226
miR-27a-3p_gac-miR-27b-3p_gac-miR-27e-3p	miR-27a-3p_gac-miR-27b-3p_gac-miR-27e-3p	0	8	5	0	20	15	69	1	20	14	2	34	52	146	18	226	83	0	88
miR-27a-3p	miR-27a-3p	56	68	35	0	11	56	582	337	40	228	84	34	92	310	28	508	12	126	449
miR-26b-3p	miR-26b-3p	81	17	35	0	44	89	196	49	34	0	1	101	36	199	40	82	0	268	248
miR-26-5p	miR-26-5p	43621	9583	13135	20497	13607	31833	43878	14846	15037	29756	5361	20239	23655	95006	8194	66579	40973	41198	62794
miR-24-6-5p	miR-24-6-5p	14	2	4	0	0	0	0	0	2	129	18	0	0	0	0	0	0	0	0
miR-24-4a-5p	miR-24-4a-5p	0	0	0	0	0	0	0	0	0	0	0	0	0	0	0	0	0	0	0
miR-24-3p	miR-24-3p	1152	500	253	153	195	601	1954	1600	756	2156	335	535	854	1583	153	1535	888	513	845
miR-24-2-5p	miR-24-2-5p	411	129	285	386	106	66	122	0	110	454	117	201	318	585	46	488	90	205	215
miR-23b-2-5p	miR-23b-2-5p	52	17	39	257	89	84	64	41	6	173	24	302	189	173	46	797	112	22	362
miR-23b-2-3p	miR-23b-2-3p	1223	327	313	529	256	1204	996	956	316	775	82	700	862	3802	114	2143	1144	752	3204
miR-23a-3p_gac-miR-23b-2-3p	miR-23a-3p_gac-miR-23b-2-3p	29	11	33	52	37	0	0	0	30	55	13	12	76	125	72	242	0	0	0
miR-23a-3p	miR-23a-3p	28020	12713	12035	6089	3011	17018	20839	12276	10979	36111	6034	8250	12070	28048	1734	17758	25885	18555	42151
miR-23a-3-5p	miR-23a-3-5p	31	25	5	119	0	0	0	102	4	55	18	0	38	113	0	59	132	100	172
miR-23a-2-5p	miR-23a-2-5p	94	62	45	0	0	0	341	70	25	197	34	0	0	0	0	0	217	52	89
miR-23a-1-5p	miR-23a-1-5p	17	3	35	0	0	0	0	0	0	43	4	0	0	0	0	0	75	61	123
miR-22b-5p	miR-22b-5p	1020	277	880	1107	535	222	359	163	255	677	163	771	581	6635	377	1524	228	710	1087
miR-22b-3p	miR-22b-3p	41	6	0	70	9	0	43	0	20	54	11	0	15	209	3	56	0	0	0
miR-22a-5p	miR-22a-5p	1334	211	241	538	344	1051	193	94	98	627	128	563	814	3584	71	1167	976	1136	1182
miR-22a-3p	miR-22a-3p	82635	10918	56301	27742	13022	71065	219356	124117	8311	71719	21266	31238	28304	91142	4664	105049	97371	100911	130788
miR-223-3p	miR-223-3p	18402	9652	7249	8252	7202	8120	2296	3022	7057	20374	3270	16935	16758	22606	2465	9375	12865	12534	6598
miR-222c-5p	miR-222c-5p	14	2	0	0	27	0	34	0	1	16	1	42	49	70	0	86	0	0	97
miR-222a-5p	miR-222a-5p	4	3	41	0	57	55	111	79	8	134	42	70	116	71	42	89	262	203	32
miR-222-3p	miR-222-3p	2839	799	176	1122	599	3200	3005	1385	464	2214	346	1637	1519	2495	257	2549	3465	3947	4881
miR-221a-5p	miR-221a-5p	23	6	0	0	0	0	53	0	3	0	0	0	1	0	0	0	0	79	83
miR-221-3p	miR-221-3p	1713	406	194	683	635	2642	757	214	254	1037	202	982	1399	2933	418	2339	2116	2739	3782
miR-21a-3p	miR-21a-3p	12	16	11	8	4	0	0	0	8	46	13	74	7	26	8	67	93	67	35
miR-218b-5p	miR-218b-5p	0	0	0	0	0	0	0	0	1	10	0	0	0	0	0	0	0	0	0
miR-218a-2-5p_gac-miR-218b-5p	miR-218a-2-5p_gac-miR-218b-5p	3	0	0	0	8	0	0	0	3	19	2	17	5	43	0	46	0	0	0
miR-218a-2-5p	miR-218a-2-5p	89	65	39	243	24	117	241	42	16	48	43	134	253	225	2	131	174	67	291
miR-2188-5p	miR-2188-5p	20534	8052	5434	3625	4921	1700	2489	1192	16273	6677	741	3154	1889	23432	5587	12006	2737	2357	1547
miR-2188-3p	miR-2188-3p	12415	4628	5349	6229	8609	4035	32524	17546	7069	11649	770	4317	2397	26636	6019	38775	8622	3389	2486
miR-217a-5p	miR-217a-5p	60	8	0	167	1	0	0	0	11	47	0	63	18	154	22	87	0	0	0
miR-216b-5p	miR-216b-5p	19	0	0	0	10	0	0	0	1	0	0	3	0	22	1	0	0	37	0
miR-214a-3p	miR-214a-3p	7098	2451	3183	5438	1379	4095	4291	8549	1932	3545	1122	1773	3958	12244	228	2724	7235	1826	2109
miR-212b-5p	miR-212b-5p	4	5	0	0	0	0	0	0	0	0	10	0	0	0	0	0	0	0	0
miR-212a-5p	miR-212a-5p	1	10	0	36	110	0	0	36	0	0	4	85	237	371	49	525	0	0	0
miR-210-5p	miR-210-5p	3353	718	634	789	571	389	1195	907	868	1475	296	1413	1923	6923	839	4307	306	860	1215
miR-210-3p	miR-210-3p	240	50	49	229	177	0	0	0	113	139	41	253	294	1041	197	459	0	0	0
miR-21-5p	miR-21-5p	32689	16892	27404	74569	44024	52097	103867	36534	10868	43693	19408	105553	96627	278672	29202	283738	79583	60090	100749
miR-20b-5p	miR-20b-5p	0	0	0	0	0	0	0	0	0	0	0	0	0	0	0	0	0	0	0
miR-20a-5p	miR-20a-5p	37	16	0	42	46	247	0	24	15	121	0	96	133	235	103	257	99	72	76
miR-206-1-3p	miR-206-1-3p	10671	3470	28553	6072	6136	4076	6216	12953	3504	18292	551	11235	7595	56896	706	23167	2195	628	1191
miR-205-1-5p	miR-205-1-5p	1556	2486	122	885	63	51891	7577	297	263	2213	506	3903	2082	1094	86	3329	2812	85240	124221
miR-204-2b-3p	miR-204-2b-3p	14	9	0	58	32	90	0	25	6	5	0	99	30	12	8	134	68	7	0
miR-204-1/2b-5p	miR-204-1/2b-5p	1802	1281	501	7398	4792	6521	1349	9543	450	1217	604	11403	3015	11978	1216	14046	56620	5962	2609
miR-200b-5p	miR-200b-5p	20	6	0	0	15	58	3	0	0	33	12	30	80	48	0	69	57	76	214
miR-200b-3p	miR-200b-3p	743	854	152	916	134	80653	37891	118	36	1782	822	2794	6618	1685	252	3948	2016	67410	219846
miR-200a-3p	miR-200a-3p	273	344	65	244	63	4794	14730	251	32	710	801	572	1408	624	246	1587	237	6243	12993
miR-19b-3p	miR-19b-3p	39	8	0	0	48	0	0	0	38	39	0	64	48	194	100	188	0	0	0
miR-199-5p	miR-199-5p	3057	633	908	2145	735	517	140	1171	785	1153	475	693	2814	7956	157	2092	1166	323	196
miR-199-3p	miR-199-3p	12214	2994	2104	11544	4504	6676	4361	6909	1549	6155	1418	6620	15658	38885	834	13752	16596	2745	3847
miR-196d-5p	miR-196d-5p	16	13	15	0	2	0	48	186	6	47	1	11	22	86	0	111	0	0	0
miR-196d-3p	miR-196d-3p	28	31	20	18	14	69	0	14	8	0	3	55	10	132	0	47	61	13	0
miR-196a-5p	miR-196a-5p	77	32	51	157	73	0	106	0	13	116	19	55	109	470	4	236	183	228	232
miR-194a-5p	miR-194a-5p	1108	14	15	0	18	130	0	9	15	107	24	122	66	136	49	203	82	216	117
miR-194a-3p	miR-194a-3p	40	0	0	0	0	0	0	0	0	0	0	0	0	0	0	0	0	0	0
miR-193a-2-5p	miR-193a-2-5p	334	89	245	191	92	184	37	134	91	331	74	44	113	1819	12	359	137	0	18
miR-191-5p	miR-191-5p	24824	11424	11335	5170	2000	0	0	0	5395	16400	4596	7577	5033	12055	1286	15870	0	0	0
miR-18c-5p	miR-18c-5p	24	7	36	0	14	111	122	0	2	17	24	50	28	77	25	131	64	224	31
miR-18a/b-5p	miR-18a/b-5p	24	1	12	71	4	0	0	0	11	20	11	21	4	60	17	29	0	0	0
miR-18a-3p	miR-18a-3p	107	21	0	0	0	277	60	61	15	43	0	0	0	0	0	0	69	75	0
miR-184-3p	miR-184-3p	358	292	129	65	26	24362	57666	1357	20	1397	710	385	733	143	14	677	871	31926	48980
miR-183-5p	miR-183-5p	194	150	391	32	35	5044	43318	424	38	237	167	78	21	256	16	419	525	7440	11106
miR-182b-5p	miR-182b-5p	0	9	33	33	19	2	141	35	8	13	0	25	9	58	0	64	110	138	1
miR-182a-5p_gac-miR-182b-5p	miR-182a-5p_gac-miR-182b-5p	4	1	0	0	5	420	8994	52	2	23	3	3	3	16	7	20	30	1151	1497
miR-182a-5p	miR-182a-5p	22	17	102	0	0	7521	18901	32	12	54	44	7	5	90	6	119	306	7316	12627
miR-181b-2/3-5p_gac-miR-181c-5p	miR-181b-2/3-5p_gac-miR-181c-5p	817	197	206	814	328	1405	6102	1234	111	469	181	837	813	2333	231	2796	1917	1773	3172
miR-181b-1-5p	miR-181b-1-5p	350	80	89	46	52	145	79	131	51	205	94	198	160	350	60	346	343	153	86
miR-181a-5p	miR-181a-5p	7169	1470	2420	4787	1490	2883	6357	3472	1701	5255	1970	2935	4027	14028	1119	9875	8665	4525	8493
miR-181a-3-3p	miR-181a-3-3p	344	153	480	0	0	124	356	395	64	709	278	0	0	0	0	0	826	348	383
miR-181a-2-3p_gac-miR-181a-3-3p	miR-181a-2-3p_gac-miR-181a-3-3p	64	6	18	3642	1240	277	325	150	0	64	6	2965	2588	5579	659	7807	159	329	649
miR-181a-2-3p	miR-181a-2-3p	1757	297	923	0	0	5171	6761	1856	137	1689	463	0	0	0	0	0	4511	4523	10334
miR-181a-1-3p	miR-181a-1-3p	169	91	350	0	15	495	332	119	56	230	180	74	110	240	53	343	371	574	1043
miR-17a-5p	miR-17a-5p	9	10	0	15	78	74	0	0	30	33	0	12	68	283	81	61	0	161	36
miR-16c-5p	miR-16c-5p	25529	10028	8677	32797	15423	30862	22198	13807	8391	39682	4641	27173	34066	90473	11603	85429	52505	47138	44908
miR-16a-5p_gac-miR-16c-5p	miR-16a-5p_gac-miR-16c-5p	1855	586	483	1839	1406	963	1091	865	1017	2448	268	2063	2856	6614	911	5458	2224	1445	2280
miR-16a-5p	miR-16a-5p	1435	540	696	388	288	654	1897	589	1013	2255	306	793	663	1652	171	1275	1267	1551	779
miR-15c-5p	miR-15c-5p	61122	19222	16827	27583	11196	24766	23997	9194	18807	44306	5034	16421	21208	81054	10401	36151	33401	34820	37095
miR-15c-3p	miR-15c-3p	15	1	7	0	0	0	0	0	5	6	0	0	0	0	0	0	0	0	0
miR-15b-1-5p	miR-15b-1-5p	216	31	54	46	128	185	20	65	148	90	14	179	135	722	235	332	45	64	0
miR-15a-2-5p	miR-15a-2-5p	5950	2139	2316	10815	6490	1653	5139	4441	3857	6704	1298	7971	10193	35517	9613	38356	2746	3156	2820
miR-155-5p	miR-155-5p	196	87	151	1496	950	1512	3821	842	75	208	164	1032	1646	3079	297	2378	5504	2871	9813
miR-152a-5p	miR-152a-5p	385	20	109	54	37	755	908	782	32	186	80	104	200	596	13	317	669	818	1166
miR-152a-3p	miR-152a-3p	181	52	69	196	35	56	120	155	82	330	88	83	195	408	38	585	413	58	112
miR-150-5p	miR-150-5p	2088	2587	488	8643	1133	28434	7351	5031	601	2260	2126	2843	5933	30804	4635	40101	18945	26686	72722
miR-148a-3p	miR-148a-3p	292	56	75	418	327	152	36	109	100	164	82	460	734	1069	211	1328	586	309	273
miR-146a-5p	miR-146a-5p	4688	1519	935	8617	3171	10628	18149	4157	710	14288	1576	9217	10258	20031	793	30288	9785	12548	17423
miR-146a-3p	miR-146a-3p	160	51	86	0	0	360	950	114	17	115	59	0	9	3	2	23	116	565	595
miR-145-5p	miR-145-5p	2163	296	87	434	121	306	306	264	303	1477	37	374	56	407	25	508	804	121	463
miR-145-3p	miR-145-3p	1698	119	160	374	20	116	293	102	67	1860	174	212	93	436	12	1291	500	130	675
miR-144-5p	miR-144-5p	1265	610	1460	513	1158	342	995	1066	1161	2462	160	682	620	2896	875	4808	960	560	151
miR-144-3p	miR-144-3p	294	66	68	38	129	0	73	61	575	397	26	62	100	210	206	486	120	48	0
miR-143-5p	miR-143-5p	13	0	11	0	0	0	0	22	0	8	0	0	0	0	0	0	0	0	39
miR-143-3p	miR-143-3p	25105	1733	3487	4077	1170	4765	34776	27387	2049	78180	3852	6503	2405	5592	491	23495	10640	3035	5314
miR-142-5p	miR-142-5p	221	116	403	922	210	247	1892	1110	321	913	486	316	741	860	413	1227	666	1050	321
miR-142-3p	miR-142-3p	16	20	4	152	135	0	0	116	94	154	10	155	255	196	241	488	394	817	303
miR-140-5p	miR-140-5p	6	0	0	0	28	77	0	0	17	29	3	2	3	763	0	58	0	0	66
miR-140-3p	miR-140-3p	1501	382	979	1731	1000	1290	789	1027	592	1106	258	995	753	20159	1125	3306	1472	1005	819
miR-139-5p	miR-139-5p	1306	194	84	541	122	59	246	73	92	306	89	1215	480	694	62	978	155	97	90
miR-1388-3p	miR-1388-3p	188	128	313	796	112	645	1304	1774	187	312	433	638	746	1928	639	2542	1232	1446	1484
miR-135a-1-5p	miR-135a-1-5p	0	3	0	0	1	0	0	0	0	0	0	0	0	128	0	14	0	0	0
miR-133b-3p	miR-133b-3p	87	4	22	153	31	0	0	0	42	20	9	29	11	410	10	23	0	0	0
miR-133a-5p	miR-133a-5p	33	15	16	103	28	0	0	0	29	2	0	54	94	1307	1	290	0	0	0
miR-133a-3p_gac-miR-133b-3p	miR-133a-3p_gac-miR-133b-3p	50	28	1	0	67	0	0	0	102	29	0	72	19	999	10	89	0	0	0
miR-133a-3p	miR-133a-3p	12257	2110	2215	9183	5613	250	549	94	6713	6410	65	7369	4669	117050	654	12130	209	153	331
miR-130c-3p	miR-130c-3p	0	0	0	0	4	70	35	0	1	3	4	21	19	27	15	28	0	0	44
miR-130c-2-5p	miR-130c-2-5p	11	9	0	62	2	74	170	60	2	15	9	119	31	40	13	97	90	29	0
miR-130b-5p	miR-130b-5p	3555	688	929	1155	244	5971	14540	4771	251	1530	699	2093	733	2104	199	1759	6051	7959	10913
miR-130b-3p	miR-130b-3p	0	5	0	0	0	0	59	0	2	0	0	77	11	11	11	17	0	0	0
miR-1306-5p	miR-1306-5p	197	55	75	0	0	0	0	0	74	79	0	0	0	0	0	0	0	0	0
miR-129-1b/2-3p	miR-129-1b/2-3p	5	1	0	83	14	0	32	0	0	5	0	72	3	82	19	65	0	57	61
miR-129-1a/2-5p	miR-129-1a/2-5p	0	17	13	61	7	239	1037	0	2	17	9	11	0	2	0	51	0	225	400
miR-128-2-3p	miR-128-2-3p	12709	5006	11055	9354	4994	10903	20019	13154	3279	15563	3056	7936	6862	27995	3886	23486	18349	17061	26033
miR-126b-5p	miR-126b-5p	996	214	137	883	350	175	477	139	162	1196	433	2430	952	1876	156	4433	625	147	125
miR-126b-3p	miR-126b-3p	15499	3504	4867	16496	6036	6171	18967	4173	2149	35719	6821	32319	16075	25893	2405	75540	20894	8151	8310
miR-125b-2/3-5p	miR-125b-2/3-5p	42255	11648	19723	34865	7373	21661	54177	22964	8140	20592	5333	18073	21300	132762	1484	24487	26779	14617	18869
miR-125b-2-3p	miR-125b-2-3p	146	65	161	428	89	0	168	194	16	327	54	254	177	583	37	745	146	7	116
miR-125a-5p	miR-125a-5p	34077	8934	21452	41633	6640	10503	19676	7699	4588	28703	7379	14716	14528	77535	7306	33497	18075	7171	16079
miR-125a-1-3p_gac-miR-125a-2-3p	miR-125a-1-3p_gac-miR-125a-2-3p	11	0	0	0	0	0	0	0	3	33	0	0	0	0	0	0	0	0	0
miR-122-5p	miR-122-5p	166147	2589	8669	313	20	63	788	958	1782	8977	5351	97	625	1362	110	45719	1110	428	1363
miR-122-3p	miR-122-3p	1049	16	0	0	0	0	0	0	7	34	13	0	0	28	0	102	0	0	0
miR-10c-5p	miR-10c-5p	2608	493	1358	449	104	1841	1771	1619	239	4118	1557	236	153	783	56	527	2991	2314	2293
miR-10b-5p	miR-10b-5p	7678	2313	5791	10829	4912	16684	18459	19342	1804	13717	4290	14079	9899	24302	682	19662	43020	18194	10481
miR-10545-5p	miR-10545-5p	0	1	0	0	0	0	0	0	0	0	0	0	3	0	0	0	0	0	43
miR-103-3p	miR-103-3p	1230	357	334	398	417	864	518	417	328	1092	198	773	858	1653	539	1902	884	1034	1495
miR-101b-5p	miR-101b-5p	595	168	102	717	228	0	253	212	156	257	23	275	275	1707	394	1117	324	145	222
miR-101b-3p	miR-101b-3p	14	4	8	104	7	0	0	0	14	20	7	28	31	22	70	239	0	0	0
miR-101a-3p	miR-101a-3p	2531	1081	3015	1963	1650	1119	1230	967	2042	5311	1743	1453	1539	4474	2715	11937	1059	2084	1800
miR-100-2-5p	miR-100-2-5p	63535	10946	51662	26288	10045	40494	83458	46174	7281	47042	10875	23121	24820	90545	1349	45811	57581	24756	44455
miR-1-3p	miR-1-3p	11169	2024	43972	11215	9734	1665	61876	13010	5009	36032	1201	16526	12326	63140	484	35441	3522	729	1388
let-7j-5p	let-7j-5p	1596	630	1043	2099	1441	1651	10058	4127	587	3250	692	2111	2746	5666	898	9778	2782	3155	5500
let-7j-3p	let-7j-3p	9	5	0	4	6	0	98	19	13	28	1	7	32	58	4	38	95	55	0
let-7i-5p	let-7i-5p	2152	277	898	1947	726	0	1336	627	143	1582	373	1705	1783	5777	348	5237	621	675	1375
let-7h-1-5p	let-7h-1-5p	4334	1544	6023	9971	5282	19438	43637	14955	891	7502	2960	10347	10171	26614	4411	35376	27221	28241	49384
let-7h-1-3p	let-7h-1-3p	949	144	68	333	141	100	460	137	103	267	101	394	547	1293	159	559	353	412	422
let-7g-5p	let-7g-5p	25485	6144	33426	40400	17616	25198	96084	42018	6444	30203	11551	30909	33066	116347	13552	121175	39170	37035	64982
let-7f-5p	let-7f-5p	2389	833	3352	5898	2958	9279	46254	16609	498	6344	2852	5600	7460	15796	2672	28282	15898	15447	19986
let-7e-5p	let-7e-5p	36337	11538	104284	56409	52914	145044	516807	177138	9081	120315	42816	83661	97908	141649	18055	200812	206614	192891	293701
let-7d-5p	let-7d-5p	13019	3932	14520	21688	8792	25513	100597	46394	1859	26772	6860	17332	12417	47661	5699	52124	54162	18534	43883
let-7c-2/d-3p	let-7c-2/d-3p	100	7	5	0	14	0	0	0	7	75	14	87	123	314	8	235	83	0	53
let-7c-2-5p	let-7c-2-5p	6283	2562	11504	10254	2914	8196	44922	23082	1652	14420	5136	8454	6975	19696	580	17613	13436	6684	15258
let-7b-5p	let-7b-5p	58578	11557	48251	90732	25689	130867	329864	160434	4452	64017	28849	58952	38201	141798	18280	167830	175921	97279	228138
let-7b-1-3p	let-7b-1-3p	3210	310	289	4558	987	0	0	0	255	776	174	3897	3033	7679	473	3113	0	0	0
let-7a-5p_gac-let-7c-2-5p	let-7a-5p_gac-let-7c-2-5p	1244	536	1855	1477	1870	638	3485	1195	493	2564	837	1585	1522	6515	1439	8490	1386	826	1110
let-7a-5p	let-7a-5p	165109	55018	227407	298400	186506	391096	1293105	527049	31522	329886	107146	300960	330346	858195	100649	1035377	551347	427019	789401
let-7a-5-3p	let-7a-5-3p	305	149	62	168	96	2	204	75	104	176	12	246	216	880	46	231	463	362	189
let-7a-4-3p	let-7a-4-3p	7	0	0	62	0	0	0	0	1	0	0	0	0	11	0	0	0	0	0
let-7a-3/7-3p	let-7a-3/7-3p	226	31	32	83	143	226	95	31	36	203	13	405	334	653	34	272	104	117	297
REV_let-7f-3p	REV_let-7f-3p	3	2	0	0	0	0	0	0	0	8	0	0	0	0	0	0	0	0	0
REV_miR-137-1-3p	REV_miR-137-1-3p	0	0	0	0	0	46	0	0	0	0	0	0	0	0	0	0	0	0	0
REV_miR-181b-2/3-5p	REV_miR-181b-2/3-5p	12	3	0	0	0	0	0	0	0	1	7	0	0	0	0	0	0	0	0
REV_miR-190a-5p	REV_miR-190a-5p	11	0	0	0	0	0	0	0	0	0	2	0	0	0	0	0	0	0	0
REV_miR-193a-2-3p	REV_miR-193a-2-3p	12	0	0	0	0	0	0	0	5	0	0	0	0	0	0	0	0	0	0
REV_miR-19a-1-3p	REV_miR-19a-1-3p	0	10	0	0	0	0	0	0	6	9	0	0	0	0	0	0	0	0	0
REV_miR-2184-5p	REV_miR-2184-5p	34	12	19	0	0	0	0	0	8	38	1	0	0	0	0	0	0	0	0
REV_miR-24-3-5p	REV_miR-24-3-5p	0	0	0	0	0	0	0	0	0	13	0	0	0	0	0	0	0	0	0
REV_miR-29b-1a-5p	REV_miR-29b-1a-5p	0	13	0	0	0	0	0	0	0	0	0	0	0	0	0	0	0	0	0
REV_miR-7bb-3p	REV_miR-7bb-3p	0	0	0	0	0	0	0	0	0	0	0	0	0	0	0	0	0	0	0
REV_miR-9-7-3p	REV_miR-9-7-3p	0	0	0	0	0	0	0	0	0	12	10	0	0	0	0	0	0	0	0
miR-301c-5p	miR-301c-5p	0	0	0	68	0	0	0	0	0	0	0	20	0	3	0	3	0	0	0
miR-301a-5p	miR-301a-5p	0	0	0	0	1	0	0	0	0	0	0	40	18	49	0	13	0	0	0
miR-29b-2b-3p	miR-29b-2b-3p	0	0	0	0	0	0	0	0	0	0	0	1	0	0	11	10	0	0	0
miR-29b-1a-5p	miR-29b-1a-5p	0	0	0	306	21	0	0	0	0	0	0	45	42	275	18	110	0	0	0
miR-26a-1b-3p	miR-26a-1b-3p	0	0	0	0	29	65	34	0	0	0	0	21	16	39	9	72	160	104	91
miR-24-3-5p	miR-24-3-5p	0	0	0	0	0	0	0	0	0	0	0	2	0	0	0	0	0	0	0
miR-223-5p	miR-223-5p	0	0	0	215	409	1074	726	227	0	0	0	1016	947	1050	158	851	542	993	451
miR-2184-5p	miR-2184-5p	0	0	0	9	23	0	0	0	0	0	0	3	56	93	0	35	38	0	0
miR-217a-5p_gac-miR-217b-5p	miR-217a-5p_gac-miR-217b-5p	0	0	0	0	2	0	0	0	0	0	0	0	2	0	0	0	0	0	0
miR-214a-5p	miR-214a-5p	0	0	0	0	9	0	0	0	0	0	0	33	10	12	0	0	10	41	0
miR-212-3p	miR-212-3p	0	0	0	0	0	0	0	0	0	0	0	0	0	20	0	0	0	0	0
miR-19b-2-5p	miR-19b-2-5p	0	0	0	60	0	0	0	0	0	0	0	3	11	26	0	6	0	0	0
miR-19a-1-3p	miR-19a-1-3p	0	0	0	0	8	0	0	0	0	0	0	17	29	4	19	80	0	88	0
miR-181b-3-3p	miR-181b-3-3p	0	0	0	15	6	74	0	0	0	0	0	0	2	25	0	8	0	0	0
miR-150-3p	miR-150-3p	0	0	0	181	48	0	271	3	0	0	0	91	40	286	65	645	198	139	182
miR-138bb-3p	miR-138bb-3p	0	0	0	0	0	0	0	0	0	0	0	0	0	0	0	0	0	0	0
miR-1388-5p	miR-1388-5p	0	0	0	169	14	0	0	0	0	0	0	66	94	161	13	178	0	0	0
miR-135c-5p	miR-135c-5p	0	0	0	0	0	0	0	0	0	0	0	0	0	0	0	0	42	0	0
miR-132b-5p	miR-132b-5p	0	0	0	0	0	0	0	0	0	0	0	0	0	0	0	0	0	0	0
miR-132a-5p	miR-132a-5p	0	0	0	0	0	0	0	0	0	0	0	0	0	0	0	0	0	0	0
miR-132-3p	miR-132-3p	0	0	0	0	90	0	0	0	0	0	0	27	257	444	100	619	0	0	0
miR-129-1a-3p_gac-miR-129-1b/2-3p	miR-129-1a-3p_gac-miR-129-1b/2-3p	0	0	0	31	0	0	0	0	0	0	0	0	13	0	0	22	0	0	0
miR-125a-1-3p	miR-125a-1-3p	0	0	0	0	3	0	0	0	0	0	0	26	26	80	17	185	0	0	0
miR-124-3p	miR-124-3p	0	0	0	37	0	0	0	0	0	0	0	1	2	29	1	5	0	0	0
miR-103a-5p	miR-103a-5p	0	0	0	0	0	0	0	0	0	0	0	0	0	0	0	0	0	0	0
let-7g-1-3p	let-7g-1-3p	0	0	0	0	4	0	0	0	0	0	0	0	16	9	0	4	0	0	0
let-7f-3p	let-7f-3p	0	0	0	0	12	0	0	0	0	0	0	29	13	61	0	29	0	0	0
let-7e-1-3p	let-7e-1-3p	0	0	0	63	28	5	22	86	0	0	0	62	58	102	27	80	61	99	40
REV_let-7a-5p_gac-let-7g-5p	REV_let-7a-5p_gac-let-7g-5p	0	0	0	100	60	0	0	0	0	0	0	73	73	263	54	314	0	0	0
REV_miR-1306-5p	REV_miR-1306-5p	0	0	0	123	11	206	102	4	0	0	0	2	15	32	19	63	332	135	122
REV_miR-135b-3p	REV_miR-135b-3p	0	0	0	0	0	0	0	0	0	0	0	0	0	0	0	0	0	0	0
REV_miR-135b-5p	REV_miR-135b-5p	0	0	0	0	0	0	0	0	0	0	0	0	6	0	0	44	0	0	0
REV_miR-181a-2-3p	REV_miR-181a-2-3p	0	0	0	0	0	0	0	0	0	0	0	0	0	0	0	0	0	0	0
REV_miR-183a-3p	REV_miR-183a-3p	0	0	0	0	0	0	0	0	0	0	0	0	0	0	0	0	0	0	0
REV_miR-18a-3p	REV_miR-18a-3p	0	0	0	0	1	0	0	0	0	0	0	57	8	23	0	16	0	0	0
REV_miR-7132b-3p	REV_miR-7132b-3p	0	0	0	3418	828	0	0	0	0	0	0	3046	3030	7064	2566	8544	0	0	0
REV_miR-723-3p	REV_miR-723-3p	0	0	0	0	0	0	0	0	0	0	0	0	0	0	0	0	0	0	0
miR-96-5p	miR-96-5p	0	0	0	0	0	0	0	0	0	0	0	0	0	0	0	0	0	0	0
miR-9-7-3p	miR-9-7-3p	0	0	0	0	0	296	684	159	0	0	0	0	0	0	0	0	963	1021	289
miR-205-1b-3p	miR-205-1b-3p	0	0	0	0	0	66	64	0	0	0	0	0	0	0	0	0	0	0	127
miR-205-1a-3p	miR-205-1a-3p	0	0	0	0	0	77	0	0	0	0	0	0	0	0	0	0	0	182	396
miR-200a-5p	miR-200a-5p	0	0	0	0	0	326	81	0	0	0	0	0	0	0	0	0	0	259	519
miR-194b-5p	miR-194b-5p	0	0	0	0	0	0	0	0	0	0	0	0	0	0	0	0	0	0	39
miR-10545-3p	miR-10545-3p	0	0	0	0	0	0	29	35	0	0	0	0	0	0	0	0	0	126	125
REV_let-7f-5p_REV_gac-let-7g-5p	REV_let-7f-5p_REV_gac-let-7g-5p	0	0	0	0	0	0	59	0	0	0	0	0	0	0	0	0	67	14	0
REV_miR-18a/b-5p	REV_miR-18a/b-5p	0	0	0	0	0	0	0	31	0	0	0	0	0	0	0	0	0	0	54
REV_miR-190b-5p	REV_miR-190b-5p	0	0	0	0	0	0	0	0	0	0	0	0	0	0	0	0	0	0	44
REV_miR-191-5p	REV_miR-191-5p	0	0	0	0	0	82940	187202	36265	0	0	0	0	0	0	0	0	51170	71652	243602
REV_miR-19b-3p	REV_miR-19b-3p	0	0	0	0	0	0	0	0	0	0	0	0	0	0	0	0	232	0	68
REV_miR-210-3p	REV_miR-210-3p	0	0	0	0	0	328	10	0	0	0	0	0	0	0	0	0	131	53	0
REV_miR-733-3p	REV_miR-733-3p	0	0	0	0	0	0	842	0	0	0	0	0	0	0	0	0	0	0	0
REV_miR-8159-5p	REV_miR-8159-5p	0	0	0	0	0	0	0	14	0	0	0	0	0	0	0	0	37	0	48
REV_miR-9-1/3/5/6-3p	REV_miR-9-1/3/5/6-3p	0	0	0	0	0	0	69	0	0	0	0	0	0	0	0	0	0	1	32
