Gene	D1_P_M	D2_P_M	D3_P_M	D4_P_M	D5_P_M	D6_P_M	D7_P_M	D8_P_M	D9_P_M	D10_P_M	D27_G_F	D28_G_F	D29_G_F	D31_G_F	D35_G_F	D36_G_F	D38_G_F	D41_G_F	D44_G_F
a103_gac-miR-ENSGACG00000022167-5p	323	275	169	151	22	125	230	177	89	156	17	140	126	165	105	185	44	63	110
a109_gac-miR-ENSGACG00000022167-3p	118	94	51	16	45	55	28	37	40	41	10	12	8	49	14	32	2	6	6
a10_gac-miR-99a-5p	22496	49443	15949	20117	16867	48674	11954	12953	9956	15990	10957	19585	19082	36703	16242	27910	70371	13548	10300
a57_gac-miR-99a-3p	12	41	0	8	0	0	0	0	3	7	10	11	21	38	9	1	66	0	3
a244_gac-miR-96-5p	7	0	0	0	27	0	0	0	3	0	2	0	0	1	0	0	0	34	0
a165_gac-miR-92a-3p	399538	636031	781279	632826	858148	455820	306417	436186	274908	1860471	734628	490084	632707	418813	365763	787878	731993	1277953	528429
a44_gac-miR-92a-2-5p	306	250	675	282	318	304	481	461	156	584	173	364	556	175	228	299	312	780	208
a181_gac-miR-9-5p	79	144	111	117	176	82	114	121	54	113	77	52	32	313	72	192	255	87	108
a46_gac-miR-9-1/3/5/6-3p	10	19	56	33	41	16	38	132	15	25	0	2	25	27	6	39	59	40	20
a34_gac-miR-8160a-5p	0	0	13	0	0	18	0	0	0	0	0	0	2	0	0	0	0	0	2
a167_gac-miR-8159-5p	1710	929	2249	197	0	404	53	209	210	79	20	259	12	148	149	134	81	295	64
a125_gac-miR-737-5p	1101	1456	4053	2595	3220	2543	2146	3756	974	2619	1227	1743	2314	1139	940	1375	1331	4591	647
a97_gac-miR-734-5p	0	0	0	0	0	0	16	34	0	0	5	0	0	5	0	10	0	0	1
a127_gac-miR-734-3p	0	0	0	0	0	0	24	0	0	0	0	4	0	0	0	0	12	0	0
a177_gac-miR-730-5p	74	155	105	137	106	178	63	35	35	54	75	198	207	75	84	209	233	96	180
a168_gac-miR-727b-5p	3	17	1	11	0	13	74	39	27	5	0	0	47	26	8	1	14	5	0
a124_gac-miR-727b-3p	60	26	78	76	0	105	144	98	47	62	1	43	40	27	11	54	133	1	16
a232_gac-miR-725-3p	4401	644	2480	145	1124	10625	237	1450	180	833	2162	33	107	1022	229	501	1964	6454	108
a223_gac-miR-724-5p	246	506	333	920	182	1231	1715	3723	90	285	506	99	350	442	84	482	774	1464	1076
a248_gac-miR-722-3p	1067	496	528	338	249	332	308	309	155	117	28	220	109	109	35	292	120	85	185
a217_gac-miR-7147-5p	6	0	6	0	77	13	0	0	10	0	8	28	0	2	0	12	4	0	2
a156_gac-miR-7133-3p	1020	346	12541	2043	4388	523	491	864	477	1275	1017	180	724	100	367	735	398	486	463
a99_gac-miR-7132b-5p	481	215	2253	479	1546	259	373	426	306	340	1368	214	786	580	1051	963	870	640	488
a98_gac-miR-7132a-5p_gac-miR-7132b-5p	177	143	1042	266	521	162	214	136	164	134	494	88	239	156	463	391	309	382	172
a100_gac-miR-7132a-5p	177	61	340	100	33	120	67	110	77	91	222	35	199	183	260	193	117	144	118
a202_gac-miR-7-5p	159	116	365	345	2192	244	414	542	132	570	318	113	206	455	99	200	157	256	179
a105_gac-miR-551a-3p	344	3351	1498	2503	117	1397	885	3010	150	255	2844	5591	8131	630	973	5071	2225	2782	3920
a224_gac-miR-499a-5p	325	1439	427	1169	203	3009	2408	6261	128	497	1159	1674	1187	2809	231	14712	3730	1868	2677
a182_gac-miR-489-3p	48	126	74	125	239	711	163	105	106	134	91	69	134	31	73	96	279	265	57
a75_gac-miR-460-5p	394	250	168	141	57	165	215	93	155	0	68	192	58	135	75	171	100	46	190
a47_gac-miR-458-3p	141	180	255	487	535	54	215	130	48	152	275	206	60	89	76	242	103	199	220
a60_gac-miR-456-3p	428	603	919	718	948	508	608	499	250	874	512	487	791	501	426	926	890	1128	452
a164_gac-miR-455-5p	791	1507	720	764	194	959	685	701	356	343	304	690	409	680	421	855	1185	394	494
a102_gac-miR-455-3p	1034	2189	903	1453	906	1756	1131	830	812	426	439	958	659	566	547	1102	1350	309	576
a155_gac-miR-454b-3p	208	286	273	339	803	424	114	243	149	333	224	115	108	119	47	124	429	687	177
a1_gac-miR-451-5p	89571	225649	115193	72613	300988	144998	49659	73482	91599	328589	241087	180487	248214	274938	92855	117984	406458	324730	51506
a134_gac-miR-429a-3p	2061	221	1175	94	76	955	221	492	116	179	135	23	15	153	67	44	76	286	89
a17_gac-miR-425-5p	24135	19850	47398	33170	33146	43197	16534	23897	23077	33808	30368	13176	26631	15212	21423	24883	49107	61608	20816
a247_gac-miR-375a-3p	24095	4569	26489	2723	3289	33086	9220	20736	3985	13648	5712	2204	2502	4867	4375	3046	6958	27535	3275
a116_gac-miR-365-2b-5p	177	375	159	174	135	612	421	424	136	205	63	444	105	142	175	274	108	188	42
a136_gac-miR-365-2b-3p	4269	8874	2000	4072	8578	16584	1958	2956	2480	5140	1881	1382	2625	4370	1266	6285	17909	2693	933
a205_gac-miR-34a-5p	0	28	6	14	0	30	0	0	2	31	15	31	12	16	6	16	73	38	8
a174_gac-miR-338-3p	269	215	241	212	213	339	196	160	50	80	126	239	119	346	61	337	634	149	123
a3_gac-miR-338-1b-5p	4	21	0	5	0	45	0	0	3	15	2	0	0	0	0	2	12	0	0
a4_gac-miR-338-1a-5p	19	34	29	33	50	79	17	25	6	26	11	24	25	29	12	20	49	24	30
a122_gac-miR-33-5p	8	8	13	21	0	9	0	0	3	53	2	0	0	0	0	0	8	0	0
a43_gac-miR-31a-5p	2083	534	1513	990	2000	1884	922	2017	861	1059	1441	828	1498	910	467	1628	1884	1677	607
a214_gac-miR-30e-5p	5874	4101	10013	4035	11417	2415	3069	4438	1175	3810	2880	1567	1214	1018	1110	2372	2687	2112	1538
a95_gac-miR-30e-3p	4530	5101	10047	8645	16044	7323	5551	8256	3045	5815	4874	5934	5932	3125	3148	10817	7555	8704	5648
a212_gac-miR-30c-2-5p	18501	18383	31337	24965	93984	30618	20572	21182	13310	22010	26815	12507	16753	15620	8688	33973	24590	39949	17221
a211_gac-miR-30c-1-5p_gac-miR-30c-2-5p	137	235	314	246	932	305	202	157	125	409	465	486	273	454	139	522	501	515	282
a213_gac-miR-30c-1-5p	5544	6545	10247	5727	2940	7836	3568	6903	1340	1352	3709	6120	5756	3423	1748	8546	4646	4034	6913
a209_gac-miR-30bb-5p_gac-miR-30c-1-5p_gac-miR-30c-2-5p	0	0	0	0	0	0	0	0	0	0	0	0	0	0	0	0	0	0	0
a210_gac-miR-30bb-5p	1452	1390	1799	951	3527	1948	844	737	637	958	862	924	649	558	297	1545	1581	1293	373
a89_gac-miR-30bb-3p	101	65	91	113	110	106	58	102	36	95	65	46	50	81	29	91	127	50	26
a208_gac-miR-30a-5p	31179	34749	31334	33472	38488	37244	19093	22804	12782	34427	34363	26155	27254	27013	15492	70536	62207	45303	25278
a110_gac-miR-301c-5p	0	16	20	34	14	10	0	0	2	0	14	0	0	4	0	3	8	76	1
a111_gac-miR-301b-5p	22	7	18	25	0	14	0	108	2	48	2	0	13	6	33	6	50	21	21
a63_gac-miR-301a-3p	0	0	0	0	0	0	0	0	4	9	0	0	6	0	0	0	5	0	0
a143_gac-miR-29b-2b-3p	29	0	12	0	0	0	0	0	2	0	0	2	0	0	3	1	0	0	1
a145_gac-miR-29b-1a/2a-3p	194	15	125	86	120	38	45	0	55	23	82	26	35	73	31	94	89	17	33
a107_gac-miR-29b-1a-5p	12	12	0	0	72	1	0	34	4	10	54	49	52	17	19	31	21	22	22
a144_gac-miR-29a-3p_gac-miR-29b-1a/2a-3p	19	0	5	2	0	4	0	0	0	0	1	7	0	7	4	0	5	0	0
a146_gac-miR-29a-3p	461	384	367	260	795	196	145	576	122	608	389	297	279	265	132	264	715	153	76
a33_gac-miR-29a-3b-5p	48	44	35	191	352	43	1	27	56	161	48	53	68	47	14	75	64	115	24
a228_gac-miR-27e-3p	3544	3923	3711	2993	2295	6252	3523	3505	1689	1865	818	1316	1606	2095	857	2184	4901	1937	1560
a35_gac-miR-27e-1-5p	0	0	0	2	0	0	0	0	0	0	0	0	0	10	0	0	0	0	0
a59_gac-miR-27c-1-5p	1116	996	799	1270	550	906	1138	262	339	481	468	299	292	379	406	795	1265	646	379
a231_gac-miR-27c-1-3p	7601	7760	12886	7101	9117	6219	6223	3930	3101	4150	6635	3316	3876	4686	4641	5204	12414	4728	4219
a36_gac-miR-27b-5p	643	923	550	514	250	519	835	233	265	349	207	251	236	333	218	404	640	447	306
a230_gac-miR-27b-3p	13330	17581	12015	7902	6236	9420	9225	7293	3833	5481	4221	5116	5219	5406	4617	6822	10760	6408	4067
a42_gac-miR-27a-5p	183	108	296	200	88	259	147	226	73	66	74	107	98	62	231	187	172	263	69
a227_gac-miR-27a-3p_gac-miR-27b-3p_gac-miR-27e-3p	117	75	174	109	11	132	12	58	52	80	39	26	49	40	53	136	128	25	71
a229_gac-miR-27a-3p	793	276	1170	257	458	490	345	233	123	174	236	220	71	131	217	217	297	247	167
a74_gac-miR-26b-3p	325	383	422	233	1033	620	236	285	233	1438	230	262	372	186	139	174	311	814	69
a73_gac-miR-26a-1b-3p	216	149	230	197	436	179	77	218	159	317	256	141	211	109	98	319	396	311	111
a226_gac-miR-26-5p	100716	148537	144579	166390	293821	161126	104596	98255	71535	313173	155305	123039	151036	96248	54526	191156	266607	213662	70901
a197_gac-miR-24-6-5p	147	88	141	112	15	141	75	220	35	1	33	98	43	59	68	80	88	45	32
a196_gac-miR-24-4a-5p	5	0	0	0	53	0	0	0	0	0	0	0	0	0	0	0	0	0	0
a206_gac-miR-24-3p	5577	5370	6682	3595	3213	4592	3186	2318	2040	1776	2481	1583	1664	2461	1789	1948	6226	3062	1811
a198_gac-miR-24-3-5p	20	8	42	15	0	12	16	0	2	0	13	0	0	17	11	6	25	36	0
a199_gac-miR-24-2-5p	816	617	547	558	264	723	342	407	275	389	337	261	355	589	403	567	1132	530	432
a119_gac-miR-23b-2-5p	779	682	311	379	112	298	464	294	247	214	66	258	248	145	171	170	199	255	90
a50_gac-miR-23b-2-3p	13450	17098	11091	6861	4224	8852	6048	4203	3464	3092	2017	4585	2740	4129	2962	3962	5652	3439	2577
a49_gac-miR-23a-3p_gac-miR-23b-2-3p	81	58	170	35	67	36	12	45	43	58	34	31	33	14	53	68	86	43	18
a51_gac-miR-23a-3p	95580	102048	166318	86670	68625	121288	60602	51289	44554	58529	44133	60636	38990	58473	51005	58613	111291	68989	45467
a114_gac-miR-23a-3-5p	455	293	617	317	79	379	166	200	132	203	144	390	183	193	182	338	340	363	238
a112_gac-miR-23a-2-5p	389	256	380	325	209	365	100	189	157	159	171	126	181	303	179	171	481	125	76
a118_gac-miR-23a-1-5p	173	130	167	109	0	175	168	75	39	59	37	60	55	222	56	88	124	32	28
a79_gac-miR-22b-5p	1708	4986	2574	1993	2963	3119	1540	2771	1480	7601	1498	3493	4108	1992	1556	2353	4421	6803	1189
a14_gac-miR-22b-3p	78	157	120	131	287	69	38	0	63	191	73	108	98	112	56	102	236	231	52
a45_gac-miR-22a-5p	2702	8129	2974	2935	2883	7279	2416	3244	1785	2986	1131	3599	3204	2113	1371	3411	5862	4421	1019
a13_gac-miR-22a-3p	191622	218084	227863	218218	72301	268372	239869	214160	116813	111670	35130	68791	73495	104895	66388	155545	237791	129189	106072
a219_gac-miR-223-5p	952	590	2168	1369	2656	1158	901	1056	789	1309	1152	350	447	792	801	843	1754	2641	768
a173_gac-miR-223-3p	41005	26536	88008	41121	74241	42136	10791	18426	21295	39005	71416	16901	33812	32267	39008	36222	105419	106510	22038
a201_gac-miR-222c-5p	93	98	72	134	306	126	158	147	57	65	54	46	46	21	18	125	123	115	47
a200_gac-miR-222a-5p	215	112	180	181	284	114	320	182	54	16	140	68	32	34	46	160	115	61	108
a39_gac-miR-222-3p	11533	9460	10742	6730	8245	12339	5843	6293	4218	3430	4013	5997	6348	4704	3386	9843	8494	8002	4957
a25_gac-miR-221a-5p	95	74	61	18	0	27	46	36	7	15	7	40	2	20	0	4	1	0	0
a40_gac-miR-221-3p	12117	8789	8401	4635	5859	8101	3125	3935	2516	2704	3599	5556	5590	3526	1882	7798	6165	6654	3068
a77_gac-miR-21a-3p	43	89	206	35	57	9	40	19	32	32	11	5	0	5	10	14	0	32	4
a238_gac-miR-218b-5p	1	6	1	0	50	16	0	0	6	0	0	1	0	0	0	0	0	0	0
a237_gac-miR-218a-2-5p_gac-miR-218b-5p	24	29	0	5	22	18	0	12	2	0	19	0	0	1	4	4	12	0	9
a239_gac-miR-218a-2-5p	588	735	417	632	412	626	929	1000	229	591	303	244	254	795	110	407	405	145	272
a15_gac-miR-2188-5p	13244	29628	11272	10353	36549	16073	4535	5089	10512	41236	35686	30548	38235	31969	10481	21453	69073	46500	8249
a108_gac-miR-2188-3p	18835	67080	31559	55669	108095	57840	46899	56367	51935	166527	59560	76469	78741	79053	28203	66658	178443	154404	27285
a137_gac-miR-2187a-5p	1	1	0	1	0	2	27	0	0	3	0	0	0	0	0	0	0	0	4
a5_gac-miR-2184-5p	158	227	112	112	242	141	410	204	117	76	68	50	82	147	89	159	294	115	76
a142_gac-miR-217a-5p	158	154	441	126	25	87	52	78	50	35	11	36	25	88	33	59	39	40	36
a135_gac-miR-216b-5p	34	36	82	17	0	14	0	0	0	0	7	7	15	2	0	3	5	0	7
a58_gac-miR-214a-3p	5841	17914	3447	5621	6276	16968	4033	3310	3767	5642	2938	8852	7702	7734	7109	5627	14956	7049	3926
a27_gac-miR-212b-5p	10	5	15	19	0	13	0	0	0	0	0	0	0	16	0	0	20	0	2
a26_gac-miR-212a-5p	12	54	27	67	21	75	37	0	8	41	39	73	44	107	17	104	146	0	56
a38_gac-miR-210-5p	4045	3513	4853	4026	3499	4012	1424	1723	1595	2803	2037	2374	2227	2124	1191	3605	4388	3210	2266
a94_gac-miR-210-3p	523	307	798	389	1467	249	266	216	135	482	683	250	379	203	143	540	563	387	212
a52_gac-miR-21-5p	195784	212114	296374	263999	451595	300090	212405	227740	166499	231336	157103	117849	133790	157583	148233	227448	329855	366226	131629
a56_gac-miR-20b-5p	0	0	0	0	0	0	0	0	0	0	3	0	0	0	0	1	0	0	2
a126_gac-miR-20a-5p	178	384	503	377	1463	259	183	138	102	399	400	197	125	92	64	281	263	215	105
a203_gac-miR-206-1-3p	8246	72617	9943	101256	9786	119642	31322	56500	9443	10888	2566	33001	14571	91455	2536	120134	92268	30863	20393
a240_gac-miR-205-1a-3p	491	107	481	79	141	1331	222	401	44	75	63	8	51	88	29	40	148	288	49
a178_gac-miR-205-1-5p	31233	16239	26060	3652	4571	117044	5190	14584	5183	12248	20050	2657	4607	8402	3558	11247	29948	55127	5353
a101_gac-miR-204-2b-3p	94	95	60	62	70	105	169	233	108	27	0	16	30	10	13	10	26	34	25
a233_gac-miR-204-1/2b-5p	58764	24841	14589	24307	23732	71781	32561	37371	40880	28229	3258	1166	3456	5338	2717	11975	13166	10405	9844
a234_gac-miR-202-5p	67	103	65	30	0	0	8	117	0	220	17	0	2	48	4	22	31	0	43
a67_gac-miR-200b-5p	101	29	79	19	0	179	0	36	4	57	20	0	0	22	1	12	2	44	10
a133_gac-miR-200b-3p	59446	11414	45406	4794	8728	71177	9047	28174	6433	15103	6678	1260	1007	5325	2027	2244	4776	31823	2417
a128_gac-miR-200a-3p	10690	1046	8349	454	835	5876	1914	3295	746	928	1155	81	84	905	211	276	607	2043	358
a221_gac-miR-19c-3p	22	0	10	31	0	15	0	0	2	48	2	0	0	5	0	2	9	7	0
a220_gac-miR-19b-3p	382	741	507	504	1508	300	228	286	203	1357	636	425	423	40	68	414	397	817	114
a157_gac-miR-19b-2-5p	110	107	89	114	244	142	56	166	51	221	55	103	138	55	52	67	100	308	25
a106_gac-miR-19a-1-5p	0	0	0	0	0	0	0	0	1	11	3	0	0	0	0	0	0	0	0
a222_gac-miR-19a-1-3p	48	238	169	118	385	50	31	35	72	320	98	37	16	3	12	50	37	391	26
a72_gac-miR-199-5p	7883	14972	5827	6737	5608	13510	7290	3731	4028	4295	7452	9044	10038	8204	7879	10033	22478	4661	5287
a20_gac-miR-199-3p	34935	94236	33665	56175	31957	93704	56925	53787	30733	44603	14825	44853	29720	40640	31774	35960	87705	32608	29109
a153_gac-miR-196d-5p	163	113	72	170	108	290	384	206	143	173	8	79	44	120	35	88	305	28	79
a69_gac-miR-196d-3p	492	638	148	490	149	1033	296	497	296	334	59	189	135	323	136	234	793	228	136
a154_gac-miR-196a-5p	988	1099	621	838	730	3064	620	1266	629	719	100	701	443	1196	291	614	900	546	116
a216_gac-miR-194b-5p	38	21	11	0	0	14	14	0	2	0	11	2	2	3	17	0	6	15	2
a215_gac-miR-194a-5p	6566	4179	4279	1337	512	1359	642	972	1027	372	277	1736	778	984	441	1066	225	372	1254
a71_gac-miR-194a-3p	132	18	35	16	0	43	0	0	19	0	1	13	0	30	5	8	0	15	1
a207_gac-miR-193a-2-5p	569	2363	286	849	783	2837	602	845	642	1185	406	950	1537	1687	618	1134	4295	950	339
a195_gac-miR-190b-5p	0	15	84	6	0	0	0	0	0	0	0	0	0	0	0	0	0	0	0
a86_gac-miR-190a-3p	0	0	0	0	0	0	0	27	0	0	0	0	0	0	0	0	0	0	0
a131_gac-miR-18c-5p	114	48	539	255	734	165	134	28	80	273	209	33	27	68	44	104	88	52	51
a130_gac-miR-18a/b-5p	191	67	359	87	120	135	13	23	52	121	126	17	53	38	32	40	138	112	37
a32_gac-miR-18a-3p	86	168	221	94	248	183	64	94	110	546	166	115	131	50	78	129	125	406	73
a76_gac-miR-184-5p	58	9	58	0	43	128	3	0	13	6	12	0	0	12	0	0	0	0	0
a204_gac-miR-184-3p	21144	3240	13528	953	3016	40768	4235	11220	2374	3872	2532	256	363	3256	1462	698	2944	17537	291
a159_gac-miR-183-5p	855	280	847	387	522	1328	340	608	224	417	395	67	91	460	91	276	599	382	244
a243_gac-miR-182b-5p	6	10	0	10	0	41	19	81	15	77	22	0	0	9	0	14	12	10	6
a241_gac-miR-182a-5p_gac-miR-182b-5p	47	17	116	11	0	102	9	64	5	25	13	4	0	6	7	18	2	0	4
a242_gac-miR-182a-5p	601	123	365	157	205	784	166	562	93	164	78	20	8	97	36	42	206	233	73
a87_gac-miR-181b-3-3p	56	0	13	4	0	3	28	0	0	0	7	0	0	0	0	0	0	0	3
a8_gac-miR-181b-2/3-5p_gac-miR-181c-5p	3363	2388	2813	2309	1893	3015	1790	2305	1179	1190	1023	1809	1903	1725	839	2368	3292	1801	1860
a88_gac-miR-181b-2-3p	2	0	0	3	0	0	20	0	3	0	0	0	0	21	0	2	0	0	0
a7_gac-miR-181b-1-5p	1562	1235	1383	1413	1268	1531	1207	676	753	660	582	540	535	585	365	650	910	984	467
a6_gac-miR-181a-5p	13642	12847	15513	14998	14663	15032	10826	7444	5473	7430	16089	12194	13413	13529	7193	17695	26996	14290	13597
a23_gac-miR-181a-3-3p	482	586	373	486	200	669	466	517	252	502	368	310	394	472	293	598	966	738	358
a21_gac-miR-181a-2-3p_gac-miR-181a-3-3p	56	82	120	57	45	117	14	90	31	72	40	105	75	61	44	188	189	155	61
a22_gac-miR-181a-2-3p	1830	2825	1771	1778	402	2969	1812	1377	1110	1061	702	1223	993	847	663	3106	2600	1592	1703
a24_gac-miR-181a-1-3p	362	349	662	277	673	496	299	195	203	126	229	71	117	109	54	234	345	213	102
a2_gac-miR-17a-5p	134	103	389	140	1010	145	0	39	62	61	105	36	78	58	79	164	181	170	66
a31_gac-miR-17a-1-3p	14	0	8	0	0	0	0	0	0	17	4	12	13	6	0	3	12	0	0
a115_gac-miR-1788-5p	11	0	0	0	0	18	0	42	0	0	0	0	0	0	0	0	0	31	0
a150_gac-miR-16c-5p	77584	159188	177129	282618	552378	198670	144971	164221	134692	523267	244875	158362	210284	128152	82089	190396	279133	377826	125561
a149_gac-miR-16a-5p_gac-miR-16c-5p	4589	8571	10973	13449	24623	9852	6531	7673	5948	22652	11388	8931	7133	6971	4557	8629	14792	13817	5425
a151_gac-miR-16a-5p	5018	5536	11377	9137	40358	6265	3712	4153	4211	14853	9059	4663	5068	5039	3134	6403	7045	11721	4324
a152_gac-miR-15c-5p	31040	65352	82425	81561	136126	58148	39935	46847	35314	150658	105889	74467	101621	48799	46996	94455	111205	179681	57189
a147_gac-miR-15b-1-5p	82	177	83	72	436	77	10	121	64	145	696	296	169	218	88	240	685	279	106
a148_gac-miR-15a-2-5p	24397	30453	48448	43951	87441	27198	15105	16738	16925	73178	56312	29705	39143	30538	20874	37537	62530	57125	24202
a225_gac-miR-155-5p	1668	296	3159	2222	6230	812	1862	2072	1175	1005	704	165	328	286	321	1075	665	414	423
a235_gac-miR-153c-3p	0	9	0	0	0	0	0	0	0	0	0	0	0	0	0	0	0	0	0
a16_gac-miR-152a-5p	745	1310	1058	952	1305	1410	787	524	429	952	549	413	415	440	399	710	1173	966	376
a169_gac-miR-152a-3p	2711	3188	3859	1869	1711	1068	1863	1952	624	1729	792	656	529	633	581	583	1057	986	507
a29_gac-miR-150-5p	11182	30441	11188	2870	1701	4883	1657	8372	1668	6460	4491	7931	3117	2848	2747	4688	4248	7173	5554
a78_gac-miR-150-3p	32	104	36	8	0	0	0	129	4	34	11	22	9	7	3	5	8	0	14
a170_gac-miR-148a-3p	2986	3159	3537	1460	1463	1481	1659	1970	724	1350	474	868	454	590	330	845	784	962	584
a183_gac-miR-146a-5p	88678	30960	61150	47960	23411	29520	47667	47591	14962	13356	17306	15515	13237	15192	9754	40792	24951	22793	39473
a53_gac-miR-146a-3p	986	463	825	545	422	684	529	332	253	371	414	390	566	327	156	725	575	721	473
a121_gac-miR-145-5p	2576	10378	3701	2900	3222	4400	1054	1520	1073	2141	2672	6666	2246	1821	1890	5626	5075	3107	2019
a113_gac-miR-145-3p	2286	4554	3071	3570	1264	3364	2008	3410	1204	1303	1415	4019	1499	1517	1627	3549	2730	3100	2679
a48_gac-miR-144-5p	6899	7757	9329	12482	120039	8946	11862	12112	7672	19941	8745	3407	5218	3344	1776	5155	4330	21062	3323
a80_gac-miR-144-3p	562	1005	1118	426	4959	423	711	578	377	1421	667	208	175	210	111	137	222	344	141
a120_gac-miR-143-5p	31	60	81	16	153	29	0	0	11	16	46	38	16	1	0	41	90	111	31
a55_gac-miR-143-3p	34967	91279	57231	61569	46012	49184	52870	55918	17567	20318	23691	47936	17451	18360	21069	84307	68504	35801	43884
a66_gac-miR-142-5p	1120	333	3814	1190	6256	325	611	707	318	832	741	136	128	160	378	454	311	308	262
a218_gac-miR-142-3p	240	290	1557	528	2690	139	85	356	195	449	490	82	98	53	156	169	222	228	127
a65_gac-miR-140-5p	110	1232	231	163	1245	211	159	308	83	161	185	60	132	39	68	151	248	289	51
a139_gac-miR-140-3p	3109	28413	4432	4659	16157	4396	4569	3099	2620	9003	9831	4520	5366	6377	2922	7542	14542	10719	3222
a180_gac-miR-139-5p	1559	1171	1241	869	777	997	877	711	384	424	933	1025	1471	1137	1458	1052	1728	2005	807
a54_gac-miR-1388-3p	798	323	2851	4498	3930	309	931	560	529	631	1074	289	647	179	400	1473	1015	423	635
a160_gac-miR-135c-5p	295	149	62	118	46	101	211	92	68	12	49	15	20	16	1	20	22	67	24
a162_gac-miR-135b-5p	5	31	20	17	0	67	31	0	2	82	5	15	0	6	0	2	14	0	0
a163_gac-miR-135a-2-5p	0	0	0	0	0	0	0	0	0	0	0	0	0	0	0	0	0	0	0
a161_gac-miR-135a-1-5p	0	88	0	30	0	30	0	0	6	7	4	14	0	0	0	9	53	0	0
a246_gac-miR-133b-3p	5	124	7	57	68	110	29	1	5	5	4	7	19	238	0	436	512	57	30
a41_gac-miR-133a-5p	30	336	80	237	0	177	28	74	6	66	40	41	41	261	4	187	424	102	23
a245_gac-miR-133a-3p_gac-miR-133b-3p	23	155	3	86	0	85	0	46	7	0	3	38	15	200	5	508	878	108	36
a236_gac-miR-133a-3p	2068	27735	2135	23694	1701	25101	2408	4565	825	2392	3024	7211	6651	46906	423	54975	102348	12615	6777
a64_gac-miR-130c-3p	58	0	61	22	230	35	15	0	17	30	25	19	15	10	9	4	39	20	15
a104_gac-miR-130c-2-5p	120	116	237	238	401	420	94	370	122	171	116	71	90	93	63	73	199	400	123
a30_gac-miR-130b-5p	6070	10272	9907	7363	5776	15603	6269	9948	6071	10834	5296	3574	4648	2973	3976	3910	10311	15267	4783
a62_gac-miR-130b-3p	49	50	101	48	85	28	0	131	11	66	54	11	16	35	20	27	79	95	38
a70_gac-miR-1306-5p	139	466	199	121	114	171	92	470	104	632	152	252	395	73	80	79	162	453	66
a12_gac-miR-129-1b/2-3p	19	0	10	0	0	12	0	0	0	0	0	0	7	5	0	17	34	0	0
a96_gac-miR-129-1a/2-5p	0	16	16	70	26	16	9	0	16	45	16	13	0	180	0	54	47	0	13
a117_gac-miR-128-2-5p	5	0	23	3	0	10	0	84	2	0	2	5	0	0	0	1	5	0	4
a166_gac-miR-128-2-3p	19754	31648	36262	35791	43874	27553	28870	33709	18063	78737	26521	31270	44253	21746	17784	32018	42508	77761	17165
a68_gac-miR-126b-5p	2885	3957	4937	1723	1683	3426	960	2212	877	1727	1984	3269	4648	2892	1688	4727	6232	2926	1423
a179_gac-miR-126b-3p	83994	103435	174169	89415	87671	127712	97715	120211	38703	46678	40704	53394	65184	43984	50942	99858	91762	71468	43003
a175_gac-miR-125b-2/3-5p	86821	268507	71650	86998	66031	248631	50476	81022	63185	88089	39575	108705	96676	132493	68575	119653	239876	110018	47230
a28_gac-miR-125b-2-3p	490	714	152	344	142	730	872	916	252	273	12	156	116	155	132	97	153	138	45
a176_gac-miR-125a-5p	46645	98607	48189	47063	28406	128096	52304	63802	37896	36632	40737	59557	58474	65913	41834	64424	94793	76476	55987
a61_gac-miR-125a-1-3p_gac-miR-125a-2-3p	51	152	58	66	112	134	8	131	38	52	26	66	12	80	45	99	133	31	22
a129_gac-miR-124-3p	42	19	96	15	99	20	0	0	6	3	0	14	0	21	0	18	3	26	4
a123_gac-miR-122-5p	616404	483946	466665	166239	6436	149433	175020	176633	198393	88943	3486	617165	235841	287013	94073	215550	87567	92594	283633
a11_gac-miR-122-3p	2836	2132	2391	602	0	705	418	280	682	188	61	1637	500	1065	232	1146	415	112	881
a141_gac-miR-10c-5p	3632	8566	9152	6998	1732	5928	4280	6487	1277	1771	4608	7631	10061	2587	3404	17351	10284	7460	7037
a140_gac-miR-10b-5p	31801	59112	37972	57380	27124	94933	55242	66993	28735	34197	10033	35508	17734	28762	22659	48637	66923	32211	16552
a132_gac-miR-10545-5p	19	12	0	15	38	22	17	0	6	0	0	8	43	19	3	23	14	23	2
a90_gac-miR-10545-3p	142	43	26	20	0	54	117	23	25	49	5	35	27	14	19	17	22	35	16
a37_gac-miR-103-3p	2239	3402	4296	2970	5958	2238	1807	1994	1211	3993	2845	2274	3082	1432	1229	2970	5445	4616	1077
a172_gac-miR-101b-5p	707	1076	894	796	2000	661	371	347	417	2216	1240	2010	2176	1477	722	1728	2591	2043	749
a19_gac-miR-101b-3p	170	225	308	55	274	20	35	39	48	109	84	35	10	37	39	46	48	79	43
a171_gac-miR-101a-5p	0	0	5	0	34	0	0	0	0	0	0	0	0	0	0	0	6	0	0
a138_gac-miR-101a-3p	9037	15614	19973	9961	13771	6059	7531	9396	4147	28600	8739	5663	5132	4791	4277	7629	12498	16406	2817
a9_gac-miR-100-2-5p	68691	172197	62711	118648	52939	171155	78163	102560	43147	72353	44415	86760	72395	134722	59105	165279	265075	86381	64755
a18_gac-miR-1-3p	13716	80653	16642	159224	11798	111944	50679	95401	7615	12990	4454	12870	10770	160941	2472	116461	130999	46318	31981
a194_gac-let-7j-5p	7576	5677	13782	16695	29908	9320	10970	10302	6304	12871	8559	6186	7735	7645	4360	10035	11017	13881	7786
a92_gac-let-7j-3p	158	180	269	173	702	224	155	133	74	307	234	77	153	86	115	261	319	348	128
a192_gac-let-7i-5p	1615	1726	2074	2853	1728	2637	3499	2934	924	867	1549	1717	1804	2705	993	3877	4149	1497	2151
a184_gac-let-7h-1-5p	20457	21007	38460	43747	42214	37150	39103	39178	19352	37490	17700	28446	26825	22200	19775	31547	40803	51106	21372
a82_gac-let-7h-1-3p	1839	2336	2793	1005	1970	2053	588	1461	686	2484	647	746	1190	671	481	780	1037	3367	536
a191_gac-let-7g-5p	58007	67341	96961	141183	175048	110443	110645	122312	64322	174825	104094	101917	132083	136896	52644	122840	186830	193838	77638
a84_gac-let-7g-1-3p	2	23	7	0	0	10	1	0	5	22	16	10	13	0	0	8	23	0	0
a186_gac-let-7f-5p	15463	12734	26778	34971	46827	25467	26431	32282	12562	23502	13164	13236	13490	17717	11845	27029	24674	28558	16538
a185_gac-let-7e-5p	115280	109018	223202	273872	352959	193962	251905	269834	115940	246101	135579	106073	119277	155175	107633	215288	252512	306157	171348
a83_gac-let-7e-1-3p	103	106	204	124	434	263	116	251	133	377	162	93	86	41	62	100	144	477	50
a193_gac-let-7d-5p	47605	76323	53826	57711	32866	123041	126193	146538	46865	47917	16271	59547	53887	50483	39787	43800	78371	64411	39780
a91_gac-let-7c-2/d-3p	426	560	174	203	80	749	218	175	121	176	22	43	96	95	57	134	178	204	33
a189_gac-let-7c-2-5p	34607	67213	28062	48076	25665	101229	68391	84314	35642	32197	9108	48106	42759	63182	40841	39856	85507	36991	27889
a190_gac-let-7b-5p	130398	259961	134944	115851	66552	351488	376309	442284	141933	136681	49355	371754	258049	163782	178414	132984	218227	304515	124872
a81_gac-let-7b-1-3p	6227	11420	5656	2274	1283	7278	2033	4044	1714	3372	1248	3018	3144	2445	1355	2917	3394	6114	1638
a187_gac-let-7a-5p_gac-let-7c-2-5p	1171	1697	1295	2414	1403	1624	1188	1806	1252	2361	1929	4017	2413	3313	2055	3717	7397	4069	2406
a188_gac-let-7a-5p	582928	757392	929215	1259049	1185924	1239326	1034114	1375708	639553	1275707	578961	1110439	1031757	1067004	746327	1150805	1548913	1962339	826059
a85_gac-let-7a-5-3p	462	466	1105	547	1683	699	198	430	296	604	586	261	374	360	303	492	730	1238	320
a93_gac-let-7a-4-3p	12	0	0	0	0	0	0	0	0	5	0	0	0	11	0	0	4	0	6
a158_gac-let-7a-3/7-3p	485	1074	499	455	752	1219	211	293	257	569	227	365	384	185	129	317	512	1098	160
a267_REV_gac-let-7b-5p_gac-let-7c-2-5p	12	0	1	0	0	9	10	0	12	6	0	6	0	0	2	0	28	8	2
a257_REV_gac-let-7f-3p	28	38	25	12	18	69	42	0	10	23	9	3	0	14	13	7	3	65	1
a266_REV_gac-let-7i-1-3p	0	0	8	0	0	5	0	0	0	0	0	0	0	0	0	0	0	0	3
a253_REV_gac-miR-103a-5p	0	0	7	13	35	0	0	0	0	25	8	5	0	4	1	6	15	7	2
a262_REV_gac-miR-10544-5p	7	0	0	0	27	0	0	0	0	0	0	0	0	0	0	0	0	0	0
a252_REV_gac-miR-10c-3p	0	4	0	0	0	0	0	0	4	0	4	0	8	0	0	3	0	0	2
a260_REV_gac-miR-132-3p	30	22	25	30	28	14	11	0	7	58	19	70	43	13	19	83	109	38	26
a263_REV_gac-miR-135b-3p	0	18	0	1	0	0	0	0	0	6	4	0	0	0	0	2	0	0	0
a258_REV_gac-miR-153c-5p	0	0	0	0	0	0	0	0	0	0	0	0	0	0	0	0	0	0	0
a250_REV_gac-miR-181b-2/3-5p	68	78	42	32	141	26	73	90	26	0	20	38	64	52	16	55	59	32	24
a265_REV_gac-miR-183a-3p	0	0	0	0	0	0	0	0	0	0	0	0	0	0	0	0	0	0	0
a268_REV_gac-miR-190a-5p	38	28	13	22	148	38	19	31	1	31	35	2	15	3	0	20	10	12	3
a261_REV_gac-miR-191-5p	38812	28481	71029	58787	44732	49574	24924	40303	35177	54417	37528	24636	41492	24295	38289	32276	65703	87779	38833
a251_REV_gac-miR-193a-2-3p	0	8	0	4	0	12	0	0	0	0	11	0	0	0	0	2	22	0	0
a269_REV_gac-miR-27b-3p_gac-miR-27c-1-3p	52	50	42	26	32	70	0	205	7	75	57	26	63	45	21	49	75	44	14
a264_REV_gac-miR-459-5p	34	0	0	0	0	0	0	0	6	0	7	0	0	4	0	0	0	0	0
a255_REV_gac-miR-460-3p	25	9	31	0	27	0	24	0	5	0	0	0	0	7	11	0	0	0	5
a249_REV_gac-miR-728a-5p	0	0	18	9	0	0	0	0	0	0	0	0	8	0	0	0	0	0	0
a256_REV_gac-miR-730-3p	10	11	0	0	49	0	0	0	0	0	4	21	19	0	11	21	0	0	0
a254_REV_gac-miR-7bb-3p	0	0	0	6	66	0	0	0	0	3	2	5	0	0	3	0	0	0	3
a259_REV_gac-miR-9-7-3p	0	0	0	3	0	0	0	0	0	5	1	0	0	1	0	0	10	0	0
