Gene	D1_P_M	D2_P_M	D3_P_M	D4_P_M	D5_P_M	D6_P_M	D7_P_M	D8_P_M	D9_P_M	D10_P_M	D27_G_F	D28_G_F	D29_G_F	D31_G_F	D35_G_F	D36_G_F	D38_G_F	D41_G_F	D44_G_F
a103_gac-miR-ENSGACG00000022167-5p	297.726749141532	203.209142674244	117.040757038457	121.816873720849	16.8354212099409	82.9252967100066	250.193925772036	158.276975114039	144.472578259894	141.044315779316	21.2948150024519	174.7060328277	160.239253230349	214.902331492866	196.387309985059	166.840940589533	28.140883055161	46.3525697380221	170.828863814879
a109_gac-miR-ENSGACG00000022167-3p	108.767047673996	69.4605796777415	35.3199917690017	12.9077482088317	34.4360888385154	36.4871305524029	30.4583909635522	33.0861473402229	64.9314958471435	37.0693394035381	12.5263617661482	14.9748028138029	10.1739208400222	63.8194802615179	26.1849746646746	28.8589735073786	1.27913104796187	4.4145304512402	9.3179380262661
a10_gac-miR-99a-5p	20735.7924107984	36535.5259681551	11045.4617396825	16229.0731698167	12907.4113430942	32290.4471365029	13003.5573420823	11582.8342296732	16161.449316354	14457.0423673799	13725.1345871686	24440.1260923608	24267.3446836629	47803.3955926222	30378.3113216889	25170.4359559668	45006.8654880622	9968.00975890036	15995.7936117568
a57_gac-miR-99a-3p	11.0610556956606	30.2966358168873	0	6.45387410441585	0	0	0	0	4.86986218853576	6.32891160548211	12.5263617661482	13.7269025793193	26.7065422050582	49.4926581619934	16.8331979987194	0.901842922105582	42.2113245827416	0	4.65896901313305
a244_gac-miR-96-5p	6.45228248913536	0	0	0	20.6616533031092	0	0	0	4.86986218853576	0	2.50527235322964	0	0	1.30243837268404	0	0	0	25.0156725570278	0
a165_gac-miR-92a-3p	368276.005877738	469990.233542698	541073.87939792	510522.416750133	656694.683657651	302392.069970842	333320.313709957	390046.331452499	446254.691508663	1682108.07193756	920221.609154192	611575.938516648	804638.866615988	545478.12217892	684106.777733954	710542.197782702	468157.486595375	940260.405625627	820644.778880295
a44_gac-miR-92a-2-5p	282.056920239346	184.735584249313	467.470479295611	227.499062180659	243.348361125509	201.674321598736	523.231644766737	412.23551145521	253.23283380386	528.012053943079	216.706058554364	454.235685352021	707.087498381541	227.926715219707	426.441015967557	269.651033709569	199.544443482051	573.888958661226	323.021851577225
a181_gac-miR-9-5p	72.8186166630991	106.407696527604	76.8729232619449	94.3879087770819	134.683369679527	54.3989946417643	124.009163208748	108.200644004513	87.6575193936437	102.166715917068	96.4529855993412	64.8908121931459	40.6956833600887	407.663210650104	134.665583989755	173.153841044272	163.089208615138	64.0106915429828	167.72288447279
a46_gac-miR-9-1/3/5/6-3p	9.21754641305052	14.0399044029478	38.7827360600803	26.6222306807154	31.3751031639807	10.6144379788808	41.3363877362495	118.037066186741	24.3493109426788	22.6032557338647	0	2.49580046896715	31.7935026250693	35.165836062469	11.2221319991462	35.1718739621177	37.734365914875	29.430203008268	31.059793420887
a167_gac-miR-8159-5p	1576.20043663164	686.477431070446	1557.54238212715	158.92664982124	0	268.014558966741	57.6533828952953	186.89202146234	340.890353197503	71.4262881190124	25.0527235322964	323.206160731246	15.2608812600332	192.760879157238	278.682944645465	120.846951562148	51.8048074424556	217.047747185976	99.3913389468384
a125_gac-miR-737-5p	1014.85186007686	1075.900042668	2806.90052234831	2093.47541261989	2464.09346800043	1687.03223626837	2334.41810742082	3358.69106513182	1581.08192387794	2367.91707067967	1536.98458870638	2175.09010870487	2942.80660297641	1483.47730648712	1758.13401319958	1240.03401789517	851.261712418622	3377.85155027396	1004.78431716569
a97_gac-miR-734-5p	0	0	0	0	0	0	17.4047948363156	30.4034867450697	0	0	6.2631808830741	0	0	6.51219186342019	0	9.01842922105582	0	0	1.55298967104435
a177_gac-miR-730-5p	68.2098434565738	114.536062234574	72.7176301126506	110.522594038121	81.1161203751696	118.085622515049	68.5313796679925	31.2977069434541	56.8150588662506	48.8230323851477	93.9477132461115	247.084246427748	263.250201735574	97.6828779513028	157.109847988047	188.485170720067	149.018767087557	70.6324872198431	279.538140787983
a168_gac-miR-727b-5p	2.76526392391516	12.5620197289533	0.69254885821572	8.8740768935718	0	8.62423085784069	80.4971761179595	34.8745877369917	43.8287596968219	4.52065114677294	0	0	59.7717849351302	33.863397689785	14.9628426655283	0.901842922105582	8.95391733573306	3.6787753760335	0
a124_gac-miR-727b-3p	55.3052784783031	19.2125007619285	54.0188109408262	61.3118039919506	0	69.6572492364055	156.64315352684	87.6335794416715	76.2945076203936	56.0560742199844	1.25263617661482	53.6597100827937	50.8696042001108	35.165836062469	20.5739086651014	48.6995177937014	85.0622146894641	0.735755075206699	24.8478347367096
a232_gac-miR-725-3p	4056.64217638353	475.878865026229	1717.52116837499	116.976468142537	860.136974544251	7048.65022035056	257.808523512924	1296.61928765739	292.191731312146	753.140481052372	2708.19941384124	41.180707737958	136.076191235296	1331.09201688309	428.311371300748	451.823303974896	1256.10668909855	4748.56325538404	167.72288447279
a223_gac-miR-724-5p	226.751641761043	373.904822520609	230.618769785835	742.195522007823	139.274848191329	816.648322000145	1865.57644651757	3329.18179858513	146.095865656073	257.677115366057	633.833905367099	123.542123213874	445.10903675097	575.677760726345	157.109847988047	434.68828845489	495.023715561242	1077.14543010261	1671.01688604372
a248_gac-miR-722-3p	983.51220227249	366.515399150636	365.6657971379	272.67618091157	190.546358239785	220.249588061778	335.042300599075	276.314041300781	251.609546407681	105.783236834487	35.073812945215	274.538051586386	138.619671445302	141.96578262256	65.4624366616864	263.33813325483	76.747862877712	62.5391813925694	287.303089143205
a217_gac-miR-7147-5p	5.53052784783031	0	4.15529314929432	0	58.923974234793	8.62423085784069	0	0	16.2328739617859	0	10.0210894129186	34.9412065655401	0	2.60487674536808	0	10.822115065267	2.55826209592373	0	3.1059793420887
a156_gac-miR-7133-3p	940.189734131153	255.674048601049	8685.25523088334	1648.1580994152	3357.90128496457	346.959441434668	534.109641539434	772.606251404125	774.308087977186	1152.7660424271	1273.93099161727	224.622042207043	920.739836022006	130.243837268404	686.420407281112	662.854547747603	254.547078544411	357.576966550456	719.034217693534
a99_gac-miR-7132b-5p	443.36398246773	158.872602454409	1560.31257756002	386.425712001899	1183.07096320766	171.821214783134	405.749279621607	380.937804511756	496.725943230648	307.40427798056	1713.60628960907	267.050650179485	999.587722532178	755.414256156742	1965.74345518378	868.474733987675	556.422005863412	470.883248132288	757.858959469643
a98_gac-miR-7132a-5p_gac-miR-7132b-5p	163.150571510994	105.668754190607	721.63591026078	214.591313971827	398.693384108145	107.471184536169	232.789130935721	121.613946980279	266.219132973288	121.153450733515	618.802271247721	109.815220634555	303.945885095662	203.18038613871	865.974519267452	352.620582543282	197.625746910108	281.058438728959	267.114223419628
a100_gac-miR-7132a-5p	163.150571510994	45.0754825568323	235.466611793345	80.6734263051982	25.2531318149113	79.6082848416063	72.8825783770714	98.3642218222844	124.993129505751	82.2758508712675	278.08523120849	43.6765082069251	253.076280895551	238.346222201179	486.29238662967	174.055683966377	74.8291663057691	105.948730829765	183.252781183233
a202_gac-miR-7-5p	146.558987967503	85.7173110916811	252.780333248738	278.323320752934	1677.42014964502	161.870179177933	450.349066389665	484.667347524347	214.273936295574	515.354230732115	398.338304163513	141.012726496644	261.978461630571	592.609459571237	185.165177985913	180.368584421116	100.411787265006	188.353299252915	277.985151116939
a105_gac-miR-551a-3p	317.083596608938	2476.19577127779	1037.43818960715	2019.25586041911	89.53383098014	926.773116031034	962.702714383705	2691.60279713705	243.493109426788	230.55320848542	3562.49728629255	6977.01021099766	10340.5187937775	820.536174790944	1819.85573919488	4573.2454579974	1423.03329085758	2046.87061922504	6087.71951049385
a224_gac-miR-499a-5p	299.570258424142	1063.33802293904	295.718362458112	943.072353507767	155.345022982636	1996.17774240328	2619.42162286549	5598.71266208475	207.780786710859	449.35272398923	1451.80532869658	2088.9849925255	1509.55550463829	3658.54938886946	432.05208196713	13267.9130700173	2385.57940444888	1374.39048048611	4157.35334938572
a182_gac-miR-489-3p	44.2442227826425	93.1067344616536	51.2486155079633	100.841782881498	182.893894053448	471.679087686518	177.311347394965	93.8931208303624	172.06846399493	121.153450733515	113.989892071949	86.1051161793666	170.413174070371	40.3755895532052	136.535939322946	86.5769205221359	178.43878119068	194.975094929775	88.520411249528
a75_gac-miR-460-5p	363.17132867419	184.735584249313	116.348208180241	113.749531090329	43.6190458621195	109.461391657209	233.87693061299	83.1624784497495	251.609546407681	0	85.1792600098078	239.596845020846	73.7609260901607	175.829180312345	140.276649989328	154.215139680054	63.9565523980933	33.8447334595082	295.068037498427
a47_gac-miR-458-3p	129.967404424012	133.009620659505	176.599958845009	392.879586106315	409.406833969016	35.8237281787229	233.87693061299	116.248625789972	77.9177950165722	137.427794861897	344.474948569076	257.067448303616	76.3044063001662	115.917015168879	142.147005322519	218.245987149551	65.8752489700361	146.415259966133	341.657727629757
a60_gac-miR-456-3p	394.510986478562	445.582229209342	636.452400700247	579.235200871323	725.453604864724	337.008405829467	661.382203779991	446.215878993817	405.821849044647	790.20982045591	641.349722426788	607.727414193501	1005.94642305719	652.521624714703	796.771371939383	835.106545869769	569.21331634303	829.931724833157	701.951331312046
a164_gac-miR-455-5p	729.107921272296	1113.58610185486	498.635177915318	616.344976971714	148.457805214933	636.202876359171	745.14277892976	626.848359067467	577.890313039577	310.116668668624	380.801397690905	861.051161793666	520.141702946133	885.658093425146	787.419595273428	771.075698400272	757.885145917406	289.88749963144	767.176897495909
a102_gac-miR-455-3p	953.094299109424	1617.54477568698	625.371618968795	1172.18488421453	693.31325528211	1164.93456818217	1230.30143499206	742.202764659055	1318.10936569701	385.159477705054	549.907281533906	1195.48842463526	838.076729196826	737.180118939165	1023.0843672555	993.830900160351	863.413457374259	227.34831823887	894.522050521546
a155_gac-miR-454b-3p	191.724965391451	211.337508381214	189.065838292892	273.482915174622	614.492874162841	281.282606440342	124.009163208748	217.29550820741	241.869822030609	301.075366375078	280.59050356172	143.508526965611	137.347931340299	154.990166349401	87.9067006599789	111.828522341092	274.37360978782	505.463736667002	274.87917177485
a1_gac-miR-451-5p	82562.4849763348	166741.599401093	79776.7806244434	58579.3950429935	230329.989051713	96192.0173788603	54019.0441735372	65709.0886176827	148691.502202562	297087.247933395	301994.297911537	225229.769621237	315663.698423158	358089.801309004	173671.844463454	106403.035321705	259956.523746242	238921.745571871	79988.2859968103
a134_gac-miR-429a-3p	1899.73631572971	163.306256476392	813.744908403471	75.8330207268863	58.1587278161593	633.54926686445	240.403728676609	439.956337605127	188.301337956716	161.839311054471	169.105883843001	28.7017053931222	19.0761015750416	199.273071020658	125.3138073238	39.6810885726456	48.6069798225509	210.425951509116	138.216080722947
a17_gac-miR-425-5p	22246.5482678974	14668.0053893954	32825.4307817087	26759.3755054342	25364.8577920318	28656.9923358572	17985.6798639776	21369.1800807921	37460.6032416133	30566.8347940199	38040.0554114389	16442.3334895556	33867.7107363288	19812.6925252696	40068.6223029517	22440.5574307532	31407.1441861317	45328.3986733343	32327.0329924592
a247_gac-miR-375a-3p	22209.6780822452	3376.22753774044	18344.9267052762	2196.73739829055	2516.89547088616	21949.3309355782	10029.5130244268	18542.550033699	6468.80027377167	12339.5693702314	7155.05784082385	2750.3721168018	3181.89374271693	6338.96755985321	8182.8045827108	2747.0135407336	4450.09691585933	20259.0159958165	5086.04117267025
a116_gac-miR-365-2b-5p	163.150571510994	277.103376373969	110.115268456299	140.371761771045	103.308266515546	406.002252692192	457.963664130553	379.149364114987	220.767085880288	185.34669701769	78.9160791267337	554.067704110707	133.532711025291	184.946248921133	327.312183308432	247.104960656929	69.0730765899408	138.321954138859	65.2255661838627
a136_gac-miR-365-2b-3p	3934.97056373127	6557.3742985136	1385.09771643144	3285.02191914767	6564.28377903967	11001.86496511	2129.91176809412	2643.3149064243	4025.7527425229	4647.22937888258	2356.20864821248	1724.5981240563	3338.31777563227	5691.65568862925	2367.86985181986	5668.08276543358	11453.9789689745	1981.38841753164	1448.93936308438
a205_gac-miR-34a-5p	0	20.690385435923	4.15529314929432	11.2942796827277	0	19.9020712104016	0	0	3.24657479235717	28.0280371099922	18.7895426492223	38.6849072689908	15.2608812600332	20.8390139629446	11.2221319991462	14.4294867536893	46.6882832506081	27.9586928578546	12.4239173683548
a174_gac-miR-338-3p	247.951998511059	158.872602454409	166.904274829989	171.02766376702	162.997487168973	224.893404677538	213.208736744866	143.075231741505	81.1643698089294	72.330418348367	157.832158253467	298.248156041574	151.33707249533	450.643676948677	114.091675324653	303.921064749581	405.484542203911	109.627506205798	191.017729538455
a3_gac-miR-338-1b-5p	3.68701856522021	15.5177890769423	0	4.03367131525991	0	29.8531068156024	0	0	4.86986218853576	13.5619534403188	2.50527235322964	0	0	0	0	1.80368584421116	7.6747862877712	0	0
a4_gac-miR-338-1a-5p	17.513338184796	25.1240394579065	20.0839168882559	26.6222306807154	38.2623209316838	52.4087875207242	18.4925945135853	22.3555049596101	9.73972437707152	23.5073859632193	13.778997942763	29.9496056276058	31.7935026250693	37.7707128078371	22.4442639982925	18.0368584421116	31.3387106750657	17.6581218049608	46.5896901313305
a122_gac-miR-33-5p	7.37403713044041	5.911538695978	9.00313515680436	16.9414195240916	0	5.97062136312048	0	0	4.86986218853576	47.9189021557931	2.50527235322964	0	0	0	0	0	5.11652419184746	0	0
a43_gac-miR-31a-5p	1920.01491783842	394.595207956532	1047.82642248038	798.666920421462	1530.49283726735	1249.85007201322	1002.95130244268	1803.64214014134	1397.65044810976	957.473912886508	1805.04873050196	1033.2613941524	1905.06667729415	1185.21891914247	873.455940600216	1468.20027718789	1204.94144718008	1233.86126112163	942.66473032392
a214_gac-miR-30e-5p	5414.38676302587	3030.40252402572	6934.491717314	3255.17275141475	8736.81836154067	1602.11673243733	3338.45720954078	3968.54924042998	1907.36269050984	3444.73617384098	3607.59218865068	1955.45966743576	1543.89248747336	1325.88226339235	2076.09441984205	2139.17141123444	1718.51256293677	1553.91471883655	2388.49811406621
a95_gac-miR-30e-3p	4175.54852511188	3769.34486102298	6958.03837849334	6974.21770408438	12277.6135405587	4858.09558245903	6038.37600852423	7382.68195786164	4942.9101213638	5257.51728369693	6105.34872482063	7405.03999142553	7543.96230287644	4070.11991463762	5887.8785888854	9755.23488841608	4831.91753367595	6404.01217459911	8771.28566205849
a212_gac-miR-30c-2-5p	17053.3826187848	13583.9769810205	21702.403569906	20140.1208770927	71920.9194088673	20312.0538773359	22378.2149607927	18941.3722421784	21605.955243137	19899.9063480945	33589.4390759264	15607.4882326861	21305.4619791114	20344.0873813247	16249.6471347638	30638.3095926929	15726.9162346911	29392.6794994324	26744.0351250548
a211_gac-miR-30c-1-5p_gac-miR-30c-2-5p	126.280385858792	173.651449194354	217.460341479736	198.456628710787	713.209662166585	202.337723972416	219.735534808484	140.392571146351	202.910924522323	369.789263806026	582.475822125892	606.479513959017	347.185048665756	591.307021198553	259.979391313555	470.762005339114	320.422327514447	378.91386373145	437.943087234507
a213_gac-miR-30c-1-5p	5110.20773139521	4836.37759564701	7096.54815013648	4620.1671244987	2249.82447078301	5198.42100015689	3881.26924849837	6172.80202944754	2175.20511087931	1222.3840700874	4646.02757906437	7637.14943503948	7320.13604439595	4458.24654969746	3269.38112241794	7707.1496123143	2971.42142441541	2968.03597338382	10735.8175959296
a210_gac-miR-30bb-5p	1338.38773917494	1027.12984842618	1245.89539593008	767.204284162435	2699.02411852097	1292.30782392874	918.102927615646	659.040286209305	1034.03407136576	866.156759721695	1079.77238424198	1153.05981666282	825.359328146798	726.760611957693	555.495533957739	1393.34731465312	1011.15309341386	951.331312242262	579.265147299542
a89_gac-miR-30bb-3p	93.0972187718102	48.0312519048213	63.0219460976305	91.1609717248739	84.1771060497043	70.3206516100856	63.0923812816439	91.2104602352092	58.4383462624291	85.8923717886858	81.4213514799633	57.4034107862444	63.5870052501385	105.497508187407	54.2403046625402	82.0677059116079	81.2248215455785	36.787753760335	40.3777314471531
a208_gac-miR-30a-5p	28739.3879612502	25677.5072683175	21700.3259233314	27003.0092528759	29452.8041603729	24707.7580053399	20769.3592381108	20391.7974039579	20748.8594979547	31126.4914059904	43044.3369370151	32638.8306329179	34660.0048217455	35182.7677613139	28975.5448217956	63612.3923536393	39785.4525502819	33331.9121720891	39256.4729046591
a110_gac-miR-301c-5p	0	11.823077391956	13.8509771643144	27.4289649437674	10.7134498608715	6.63402373680053	0	0	3.24657479235717	0	17.5369064726075	0	0	5.20975349073615	0	2.70552876631675	5.11652419184746	55.9173857157092	1.55298967104435
a111_gac-miR-301b-5p	20.2786021087111	5.17259635898075	12.465879447883	20.1683565762995	0	9.28763323152074	0	96.5757814255156	3.24657479235717	43.3982510090202	2.50527235322964	0	16.532621365036	7.81463023610423	61.7217259953043	5.41105753263349	31.9782761990466	15.4508565793407	32.6127830919313
a143_gac-miR-29b-2b-3p	26.7308845978465	0	8.31058629858864	0	0	0	0	0	3.24657479235717	0	0	2.49580046896715	0	0	5.61106599957312	0.901842922105582	0	0	1.55298967104435
a145_gac-miR-29b-1a/2a-3p	178.82040041318	11.0841350549588	86.568607276965	69.3791466224704	91.829570236041	25.209290199842	48.9509854771375	0	89.2808067898223	20.7949952751555	102.716166482415	32.4454060965729	44.510903675097	95.0780012059348	57.9810153289223	84.7732346779247	56.921331634303	12.5078362785139	51.2486591444636
a107_gac-miR-29b-1a-5p	11.0610556956606	8.86730804396701	0	0	55.0977421416246	0.663402373680053	0	30.4034867450697	6.49314958471435	9.04130229354588	67.6423535372003	61.1471114896951	66.1304854601441	22.1414523356286	35.5367513306298	27.957130585273	13.4308760035996	16.1866116545474	34.1657727629757
a144_gac-miR-29a-3p_gac-miR-29b-1a/2a-3p	17.513338184796	0	3.4627442910786	1.61346852610396	0	2.65360949472021	0	0	0	0	1.25263617661482	8.73530164138502	0	9.11706860878827	7.48142133276416	0	3.19782761990466	0	0
a146_gac-miR-29a-3p	424.928889641629	283.753857406944	254.165430965169	209.750908393515	608.370902813772	130.02686524129	157.73095320411	515.070834269416	198.041062333788	549.711179447589	487.275472703165	370.626369641622	354.815489295773	345.14616876127	246.886903981217	238.086531435874	457.289349646367	112.570526506625	118.027214999371
a33_gac-miR-29a-3b-5p	44.2442227826425	32.513462827879	24.2392100375502	154.086244242929	269.366739359054	28.5263020682423	1.08779967726972	24.1439453563789	90.9040941860009	145.564966926089	60.1265364775114	66.1387124276294	86.4783271401884	61.2146035161498	26.1849746646746	67.6382191579186	40.9321935347797	84.6118336487704	37.2717521050644
a228_gac-miR-27e-3p	3266.6984487851	2898.87078804021	2570.04881283854	2414.55564931458	1756.24053076429	4147.59164024769	3832.31826302123	3134.24179533733	2741.73241214563	1686.20287774631	1024.65639247092	1642.23670858038	2042.41460863445	2728.60839077306	1602.89452054472	1969.62494187859	3134.51063303055	1425.15758067538	2422.66388682919
a59_gac-miR-27c-1-5p	1028.67817969644	735.986567649262	553.34653771436	1024.55251407602	420.885530248521	601.042550554128	1237.91603273294	234.285691976714	550.294427304541	434.886640319557	586.233730655736	373.122170110589	371.348110660809	493.62414324725	759.364265275562	716.965123073937	809.05038783588	475.297778583528	588.583085325809
a231_gac-miR-27c-1-3p	7006.2570285597	5734.19253509866	8924.18458696777	5728.62000193212	6976.75159868322	4125.69936191625	6769.37739164948	3514.28537965071	5033.8142155498	3752.14045182154	8311.24103183933	4138.03717754753	4929.26464699074	6103.2262143974	8680.31910133962	4693.19056663745	7939.5664146993	3478.64999557727	6552.06342213611
a36_gac-miR-27b-5p	592.688234359148	682.043777048462	380.901872018646	414.661411208719	191.311604658419	344.305831939947	908.312730520218	208.353306223566	430.171159987326	315.541450044751	259.295688559268	313.222958855377	300.130664780654	433.711978103785	407.737462635647	364.344540530655	409.321935347797	328.882518617395	475.214839339571
a230_gac-miR-27b-3p	12286.9893685963	12991.3452267487	8320.97453146188	6374.81414663676	4772.0766665996	6249.2503600661	10034.9520228132	6521.54790681746	6222.06058955253	4955.53778709249	5287.37730149116	6384.25759961797	6637.21160800946	7040.98184272991	8635.43057334303	6152.37241460428	6881.72503803484	4714.71852192453	6316.00899213737
a42_gac-miR-27a-5p	168.681099358824	79.8057723957031	204.994462031853	161.346852610396	67.3416848397634	171.821214783134	159.906552558649	202.093764834875	118.499979921037	59.6725951374028	92.6950770694967	133.525325089742	124.630530290272	80.7511791064103	432.05208196713	168.644626433744	110.00527012472	193.503584779362	107.15628730206
a227_gac-miR-27a-3p_gac-miR-27b-3p_gac-miR-27e-3p	107.845293032691	55.4206752747938	120.503501329535	87.934034672666	8.41771060497043	87.569113325767	13.0535961272367	51.8647715062954	84.4109446012865	72.330418348367	48.852810887978	32.4454060965729	62.3152651451358	52.0975349073615	99.1288326591251	122.650637406359	81.8643870695594	18.3938768801675	110.262266644149
a229_gac-miR-27a-3p	730.951430554906	203.948085011241	810.282164112392	207.330705604359	350.482859734223	325.067163103226	375.290888658054	208.353306223566	199.664349729966	157.318659907698	295.622137681098	274.538051586386	90.2935474551967	170.619426821609	405.867107302456	195.699914096911	189.950960622337	181.731503576055	259.349275064406
a74_gac-miR-26b-3p	299.570258424142	283.014915069947	292.255618167034	187.969083291112	790.499550448587	411.309471681633	256.720723835655	254.852756539555	378.225963309611	1300.1392698119	288.106320621409	326.949861434697	473.087319061031	242.253537319231	259.979391313555	156.920668446371	198.90487795807	598.904631218253	107.15628730206
a73_gac-miR-26a-1b-3p	199.099002521891	110.10240821259	159.286237389616	158.92664982124	333.647438524282	118.749024888729	83.7605751497687	194.9400032478	258.102695992395	286.609282705404	320.674861213394	175.953933062184	268.337162155585	141.96578262256	183.294822652722	287.687892151681	253.267947496449	228.819828389283	172.381853485923
a226_gac-miR-26-5p	92835.4404536796	109760.277910561	100128.021371971	134232.514029219	224845.467969365	106891.370861572	113779.495043704	87861.6055922596	116121.863885635	283149.176317664	194540.661409165	153540.396950625	192078.538499199	125357.088494093	101982.994897575	172392.685618015	170512.645651985	157202.900878814	110108.520666715
a197_gac-miR-24-6-5p	135.497932271843	65.026925655758	97.6493890084165	90.354237461822	11.4786962795051	93.5397346888875	81.5849757952292	196.728443644569	56.8150588662506	0.904130229354588	41.3369938282891	122.29422297939	54.6848245151191	76.8438639883582	127.184162656991	72.1474337684465	56.2817661103221	33.1089783843015	49.6956694734192
a196_gac-miR-24-4a-5p	4.60877320652526	0	0	0	40.5580601875848	0	0	0	0	0	0	0	0	0	0	0	0	0	0
a206_gac-miR-24-3p	5140.62563455827	3968.12034967524	4627.61147059744	2900.20967567187	2458.73674307	3046.3436999388	3465.72977178134	2072.80241985505	3311.50628820432	1605.73528733375	3107.79035418137	1975.4260711875	2116.17553472461	3205.30083517542	3346.06569107877	1756.79001226167	3981.93495230529	2252.88204028291	2812.46429426132
a198_gac-miR-24-3-5p	18.435092826101	5.911538695978	29.0870520450602	12.1010139457797	0	7.96082848416063	17.4047948363156	0	3.24657479235717	0	16.2842702959927	0	0	22.1414523356286	20.5739086651014	5.41105753263349	15.9891380995233	26.4871827074412	0
a199_gac-miR-24-2-5p	752.151787304922	455.927421927304	378.824225443999	450.157718783006	202.02505451929	479.639916170678	372.027489626245	363.947620742452	446.404033949111	351.706659218935	422.138391519194	325.701961200213	451.467737275984	767.136201510898	753.753199275989	511.344936833865	723.988173146416	389.950189859551	670.891537891159
a119_gac-miR-23b-2-5p	718.046865576635	503.958673832125	215.382694905089	305.752285696701	85.7075988869716	197.693907356656	504.739050253151	262.900738325015	400.951986856111	193.483869081882	82.6739876565781	321.958260496762	315.391546040687	188.853564039185	319.830761975668	153.313296757949	127.273539272206	187.617544177708	139.769070393992
a50_gac-miR-23b-2-3p	12397.5999255529	12634.436077979	7681.05938647055	5535.00377879965	3232.40087230864	5872.43781181583	6579.01244812728	3758.40749380965	5623.06754036263	2795.57066916438	2526.56716823209	5721.62257510719	3484.56788770759	5377.76804081239	5539.99249691186	3573.10165738231	3614.82434154023	2530.26170363584	4002.05438228129
a49_gac-miR-23a-3p_gac-miR-23b-2-3p	74.6621259457092	42.8586555458405	117.733305896672	28.2356992068194	51.2715100484562	23.8824854524819	13.0535961272367	40.2399089272982	69.8013580356792	52.4395533025661	42.5896300049039	38.6849072689908	41.9674234650914	18.2341372175765	99.1288326591251	61.3253187031796	55.0026350623602	31.6374682338881	27.9538140787983
a51_gac-miR-23a-3p	88101.3086159369	75407.5876058954	115183.341000722	69919.6585787153	52515.035478736	80462.7470989063	65922.8360418997	45863.6597549377	72323.9466493408	52917.8381938947	55282.5923825419	75667.678618146	49585.146694058	76157.4789659537	95397.473769409	52859.7191933745	71177.886729362	50759.006883435	70609.7813733735
a114_gac-miR-23a-3-5p	419.398361793799	216.510104740194	427.302645519099	255.734761387478	60.4544670720604	251.42949962474	180.574746426774	178.844039676881	214.273936295574	183.538436558981	180.379609432534	486.681091448594	232.728439215507	251.370605928019	340.404670640769	304.822907671687	217.452278153517	267.079092300032	369.611541708555
a112_gac-miR-23a-2-5p	358.562555467665	189.169238271296	263.168566121974	262.188635491894	159.936501494438	242.141866393219	108.779967726972	169.007617494652	254.856121200038	143.756706467379	214.200786201134	157.23542954493	230.184959005502	394.638826923263	334.793604641196	154.215139680054	307.631017034829	91.9693844008374	118.027214999371
a118_gac-miR-23a-1-5p	159.463552945774	96.0625038096426	115.655659322025	87.934034672666	0	116.095415394009	182.750345781313	67.0665148788303	63.3082084509649	53.3436835319207	46.3475385347484	74.8740140690145	69.9457057751524	289.141318735856	104.739898658698	79.3621771452912	79.3061249736357	23.5441624066144	43.4837107892418
a79_gac-miR-22b-5p	1574.35692734903	3684.36649226829	1782.62076104726	1607.8213862626	2267.42513841158	2069.15200350808	1675.21150299537	2477.88416972318	2402.46534634431	6872.29387332422	1876.448992569	4358.91551905113	5224.30835135138	2594.4572383866	2910.27289844526	2122.03639571443	2827.5191815197	5005.34177663118	1846.50471887173
a14_gac-miR-22b-3p	71.896862021794	116.013946908568	83.1058629858864	105.68218845981	219.625722147865	45.7747637839236	41.3363877362495	0	102.267105959251	172.688873806726	91.4424408928819	134.773225324226	124.630530290272	145.873097740612	104.739898658698	91.9879780547693	150.9374636595	169.959422372748	80.7554628943062
a45_gac-miR-22a-5p	2490.58104080625	6006.86225745065	2059.64030433355	2367.76506205757	2206.20542492089	4828.90587801711	2628.12402028365	2900.85032355901	2897.56800217878	2699.7328648528	1416.73151575136	4491.19294390638	4074.65529642888	2752.05228148137	2564.25716180492	3076.18620730214	3749.13310157623	3252.77318748882	1582.49647479419
a13_gac-miR-22a-3p	176628.467876157	161151.500621708	157806.260479609	176043.937414677	55328.0813136334	178038.621829263	260929.420787011	191506.197686004	189621.070609809	100964.222712027	44005.1088844786	85844.3050303596	93466.5390171786	136619.273102692	124169.149859887	140277.157318913	152082.92551295	95051.4624108783	164728.720387016
a219_gac-miR-223-5p	877.510418522409	435.975978828378	1501.44592461168	1104.41920611816	2032.49448789104	768.219948721501	980.10750922002	944.29652949393	1280.77375558491	1183.50647022516	1443.03687546027	436.765082069251	568.467826936239	1031.53119116576	1498.15462188602	760.253583335005	1121.79792906256	1943.12915362089	1192.69606736206
a173_gac-miR-223-3p	37796.5490667136	19608.573854559	60949.8399138491	33173.7196309605	56812.6593657827	27953.1224173827	11738.4463174176	16476.901375431	34567.905101623	35265.5995959757	89458.265189124	21090.7618630069	43000.0764303537	42025.7789713958	72958.8208371161	32666.5543245084	67422.357972546	78365.2730602656	34224.7863704754
a201_gac-miR-222c-5p	85.7231816413698	72.4163490257306	49.8635177915318	108.102391248966	234.165404101905	83.5886990836867	171.872349008616	131.450369162507	92.5273815821795	58.7684649080482	67.6423535372003	57.4034107862444	58.5000448301275	27.3512058263648	33.6663959974387	112.730365263198	78.6665594496548	84.6118336487704	72.9905145390844
a200_gac-miR-222a-5p	198.177247880586	82.7615417436921	124.65879447883	146.018901612409	217.329982891964	75.627870599526	348.095896726311	162.748076105961	87.6575193936437	14.4660836696734	175.369064726075	84.8572159448831	40.6956833600887	44.2829046712573	86.0363453267879	144.294867536893	73.5500352578073	44.8810595876087	167.72288447279
a39_gac-miR-222-3p	10630.5962781712	6990.39450799399	7439.35983495326	5429.32159033984	6309.45672163465	8185.72188883817	6356.01351428699	5627.32770843305	6847.02623708128	3101.16668668624	5026.82897675528	7483.657706198	8073.00618655759	6126.67010510571	6333.02315818486	8876.83988228524	5432.46956069404	5887.51211180401	7698.16979936684
a25_gac-miR-221a-5p	87.5666909239799	54.6817329377965	42.2454803511589	14.5212167349357	0	17.9118640893614	50.0387851544072	32.1919271418385	11.3630117732501	13.5619534403188	8.76845323630374	49.916009379343	2.54348021000554	26.0487674536808	0	3.60737168842233	0.639565523980933	0	0
a40_gac-miR-221-3p	11168.9009886933	6494.56419986884	5818.10295787026	3739.21330924594	4483.5787667747	5374.22262918211	3399.37399146788	3518.75648064263	4084.19108878533	2444.76814017481	4508.23759963674	6933.33370279074	7109.02718696549	4592.39770208392	3520.00873706554	7032.57110657933	3942.92145534245	4895.71427042538	4764.57231076407
a77_gac-miR-21a-3p	39.6354495761172	65.7658679927553	142.665064792438	28.2356992068194	43.6190458621195	5.97062136312048	43.5119870907889	16.9901837693037	51.9451966777148	28.9321673393468	13.778997942763	6.23950117241787	0	6.51219186342019	18.7035533319104	12.6258009094781	0	23.5441624066144	6.2119586841774
a238_gac-miR-218b-5p	0.921754641305052	4.4336540219835	0.69254885821572	0	38.2623209316838	10.6144379788808	0	0	9.73972437707152	0	0	1.24790023448357	0	0	0	0	0	0	0
a237_gac-miR-218a-2-5p_gac-miR-218b-5p	22.1221113913212	21.4293277729203	0	4.03367131525991	16.8354212099409	11.941242726241	0	10.7306423806128	3.24657479235717	0	23.8000873556816	0	0	1.30243837268404	7.48142133276416	3.60737168842233	7.6747862877712	0	13.9769070393991
a239_gac-miR-218a-2-5p	541.99172908737	543.122617692979	288.792873875955	509.856054248852	315.281524477074	415.289885923713	1010.56590018357	894.220198384404	371.732813724896	534.340965548561	379.548761514291	304.487657213992	323.021986670704	1035.43850628381	205.739086651014	367.050069296972	259.024037212278	106.684485904971	422.413190524063
a15_gac-miR-2188-5p	12207.7184694441	21893.3835605545	7806.4107298076	8352.11982537717	27968.9913546422	10662.8663521595	4933.17153641819	4550.68658957823	17063.9971086293	37282.7141376658	44701.5745986765	38120.8563630042	48624.9829147809	41637.652336336	19603.1942471753	19347.236207931	44176.709437935	34212.6109971115	12810.6117964448
a108_gac-miR-2188-3p	17361.2486689807	49568.2519657756	21856.1494164299	44910.0896898408	82719.3116222071	38371.1932936543	51016.7170642727	50404.5099223337	84305.4309205349	150562.094703731	74607.0106791787	95425.6830307245	100138.087608023	102961.660675791	52749.6314619869	60115.0455017139	114125.99079573	113603.526632215	42373.3231744451
a5_gac-miR-2184-5p	145.637233326198	167.739910498376	77.5654721201606	90.354237461822	185.189633309349	93.5397346888875	445.997867680586	182.420920470418	189.924625352895	68.7138974309487	85.1792600098078	62.3950117241787	104.282688610227	191.458440784554	166.461624654003	143.393024614787	188.032264050394	84.6118336487704	118.027214999371
a142_gac-miR-217a-5p	145.637233326198	113.797119897577	305.414046473133	101.64851714455	19.1311604658419	57.7160065101646	56.5655832180256	69.7491754739835	81.1643698089294	31.6445580274106	13.778997942763	44.9244084414087	31.7935026250693	114.614576796195	61.7217259953043	53.2087324042293	24.9430554352564	29.430203008268	55.9076281575966
a135_gac-miR-216b-5p	31.3396578043718	26.601924131901	56.789006373689	13.7144824718837	0	9.28763323152074	0	0	0	0	8.76845323630374	8.73530164138502	19.0761015750416	2.60487674536808	0	2.70552876631675	3.19782761990466	0	10.8709276973104
a58_gac-miR-214a-3p	5383.96885986281	13237.4130249687	2387.21591426959	4534.65329261519	4802.68652334495	11256.6114766031	4387.09609842879	2959.86885665238	6114.92362140474	5101.10275401858	3680.24508689434	11046.4128756486	9794.94228873134	10073.0583743383	13296.3560636551	5074.67012268811	9565.34197665883	5186.33752513202	6097.03744852012
a27_gac-miR-212b-5p	9.21754641305052	3.69471168498625	10.3882328732358	15.3279509979877	0	8.62423085784069	0	0	0	0	0	0	0	20.8390139629446	0	0	12.7913104796187	0	3.1059793420887
a26_gac-miR-212a-5p	11.0610556956606	39.9028861978515	18.6988191718244	54.0511956244828	16.0701747913072	49.755178026004	40.2485880589797	0	12.9862991694287	37.0693394035381	48.852810887978	91.0967171173009	55.9565646201219	139.360905877192	31.7960406642477	93.7916638989805	93.3765665012162	0	86.9674215784836
a38_gac-miR-210-5p	3728.49752407893	2595.90442987134	3360.93960892089	3247.91214304728	2677.59721879923	2661.57032320437	1549.02674043209	1540.74140181633	2589.14339690485	2534.27703288091	2551.61989176439	2962.51515666401	2832.16521384117	2766.3791035809	2227.59320183053	3251.14373419062	2806.41351922833	2361.77379141351	3519.0745945865
a94_gac-miR-210-3p	482.077677402542	226.855297458156	552.653988856145	313.819628327221	1122.6164961356	165.187191046333	289.354714153746	193.151562851031	219.143798484109	435.790770548911	855.550508627922	311.975058620894	481.98949979605	264.39498965486	267.460812646319	486.995177937014	360.075390001265	284.737214104993	329.233810261402
a52_gac-miR-21-5p	180464.810693268	156740.014869835	205253.475304826	212977.03871146	345581.456422875	199080.418317647	231054.090450475	203649.707980064	270275.728176339	209157.870737973	196792.901254718	147063.794733655	170146.108648321	205242.146082669	277248.382104907	205122.36894707	210963.885912731	269452.638172649	204418.477409897
a126_gac-miR-20a-5p	164.072326152299	283.753857406944	348.352075682507	304.138817170597	1119.55551046107	171.821214783134	199.067340940359	123.402387377048	165.575314410216	360.747961512481	501.054470645928	245.836346193264	158.967513125346	119.824330286931	119.702741324227	253.417861111668	168.205732806985	158.18734116944	163.063915459657
a203_gac-miR-206-1-3p	7600.78877220146	53659.7756857293	6886.0132972389	81686.6845395915	7488.70145274915	79370.7867918289	34072.0614914423	50523.4412087188	15328.7028821144	9844.16993721275	3214.26442919363	41181.9556381924	18530.5250699954	119114.501373819	4743.22112497248	108341.997604232	59011.4317666727	22707.6088861044	31670.1183616074
a240_gac-miR-205-1a-3p	452.58152888078	79.0668300587058	333.116000801761	63.7320067811066	107.899745027348	882.98855936815	241.491528353878	358.582299552146	71.4246454318578	67.8097672015941	78.9160791267337	9.98320187586859	64.8587453551413	114.614576796195	54.2403046625402	36.0737168842233	94.6556975491781	211.897461659529	76.0964938811731
a178_gac-miR-205-1-5p	28789.1627118807	11999.6846104984	18047.8232451017	2946.19352866584	3497.94137957453	77647.2674250081	5645.68032502986	13041.3073732381	8413.49857439362	11073.787049135	25115.3553411271	3315.67092302286	5858.90666374777	10943.0872072913	6654.72427549372	10143.0273449215	19153.708312181	40559.9700309197	8313.1537091004
a101_gac-miR-204-2b-3p	86.6449362826749	70.1995220147388	41.5529314929432	50.0175243092229	53.5672493043573	69.6572492364055	183.838145458583	208.353306223566	175.315038787287	24.4115161925739	0	19.9664037517372	38.1522031500831	13.0243837268404	24.3146193314835	9.01842922105582	16.6287036235043	25.0156725570278	38.8247417761088
a233_gac-miR-204-1/2b-5p	54165.9897416501	18356.0665933487	10103.5952925091	19609.2897320045	18160.8280070144	47619.6857851279	35419.8452915794	33417.9030338235	66359.9887557807	25522.6922444507	4081.08866341109	1455.05167340785	4395.13380288958	6952.41603338739	5081.75544028006	10799.5689922143	8420.51968873296	7655.53155752571	15287.6303217606
a234_gac-miR-202-5p	61.7575609674385	76.1110607107168	45.0156757840218	24.2020278915594	0	0	8.70239741815778	104.623763210975	0	198.908650458009	21.2948150024519	0	2.54348021000554	62.5170418888338	7.48142133276416	19.8405442863228	19.8265312434089	0	66.7785558549071
a67_gac-miR-200b-5p	93.0972187718102	21.4293277729203	54.7113597990419	15.3279509979877	0	118.749024888729	0	32.1919271418385	6.49314958471435	51.5354230732115	25.0527235322964	0	0	28.6536441990488	1.87035533319104	10.822115065267	1.27913104796187	32.3732233090948	15.5298967104435
a133_gac-miR-200b-3p	54794.6264070201	8434.28783448662	31445.873456143	3867.4840570712	6679.07074183472	47218.9907514251	9841.32368025918	25193.7598692822	10442.6078196169	13655.0788539423	8365.10438743377	1572.3542954493	1280.64228573779	6935.4843345425	3791.21026037824	2023.73551720493	3054.56494253294	23413.9337583028	3753.57603491419
a128_gac-miR-200a-3p	9853.557115551	772.933684499124	5782.09041724305	366.2573554256	638.980759559119	3898.15234774399	2082.04858229425	2946.45555367661	1210.97239754923	839.032852841057	1446.79478399012	101.07991899317	106.826168820233	1178.70672727905	394.64497530331	248.908646501141	388.216273056426	1503.14761864729	555.970302233877
a221_gac-miR-19c-3p	20.2786021087111	0	6.9254885821572	25.0087621546114	0	9.95103560520079	0	0	3.24657479235717	43.3982510090202	2.50527235322964	0	0	6.51219186342019	0	1.80368584421116	5.7560897158284	5.1502855264469	0
a220_gac-miR-19b-3p	352.11027297853	547.556271714963	351.12227111537	406.594068578199	1153.99159929958	199.020712104016	248.018326417497	255.746976737939	329.527341424253	1226.90472123418	796.676608327026	530.357599655519	537.946064416172	52.0975349073615	127.184162656991	373.362969751711	253.90751302043	601.111896443873	177.040822499056
a157_gac-miR-19b-2-5p	101.393010543556	79.0668300587058	61.6368483811991	91.9677059879259	186.720126146617	94.2031370625675	60.9167819271045	148.440552931811	82.7876572051079	199.812780687364	68.8949897138151	128.533724151808	175.500134490382	71.6341104976221	97.2584773259341	60.423475781074	63.9565523980933	226.612563163663	38.8247417761088
a222_gac-miR-19a-1-3p	44.2442227826425	175.868276205346	117.040757038457	95.1946430401338	294.619871173965	33.1701186840026	33.7217899953614	31.2977069434541	116.876692524858	289.321673393468	122.758345308252	46.1723086758923	20.3478416800443	3.90731511805211	22.4442639982925	45.0921461052791	23.6639243872945	287.680234405819	40.3777314471531
a72_gac-miR-199-5p	7266.19183740772	11063.4446695228	4035.482196823	5434.9687301812	4291.50191569765	8962.56606841751	7930.05964729628	3336.33556017221	6538.60163180735	3883.23933507795	9334.64478813364	11286.0097206694	12765.7271740178	10685.2044094998	14736.5296702122	9048.1900374853	14376.1538480434	3429.35440553843	8210.65639081148
a20_gac-miR-199-3p	32201.498393992	69634.9700692729	23314.6573118322	45318.2972269451	24454.9798002764	62163.4560233157	61922.996628579	48097.4218105019	49888.4915467565	40326.9206199027	18570.3313183147	55972.0692172918	37796.1159206824	52931.0954658793	59428.6703568121	32430.2714789167	56093.0942807477	23991.5014923401	45205.97633443
a153_gac-miR-196d-5p	150.246006532723	83.5004840806893	49.8635177915318	137.144824718837	82.6466132124369	192.386688367215	417.715076071574	184.209360867187	232.130097653538	156.414529678344	10.0210894129186	98.5841185242024	55.9565646201219	156.292604722085	65.4624366616864	79.3621771452912	195.067484814185	20.6011421057876	122.686184012504
a69_gac-miR-196d-3p	453.503283522085	471.445211004246	102.497231015927	395.299788895471	114.021716376418	685.294652011495	321.988704471838	444.427438597049	480.493069268862	301.979496604432	73.9055344202744	235.853144317396	171.684914175374	420.687594376944	254.368325313982	211.031243772706	507.17546051688	167.752157147127	211.206595262032
a154_gac-miR-196a-5p	910.693585609391	812.097628359978	430.072840951962	676.043312437561	558.629885602583	2032.66487295568	674.435799907228	1132.08277115465	1021.04777219633	650.069634905949	125.263617661482	874.778064372986	563.380866516227	1557.71629373011	544.273401958593	553.731554172827	575.60897158284	401.722271062858	180.146801841145
a216_gac-miR-194b-5p	35.026676369592	15.5177890769423	7.61803744037292	0	0	9.28763323152074	15.2291954817761	0	3.24657479235717	0	13.778997942763	2.49580046896715	2.54348021000554	3.90731511805211	31.7960406642477	0	3.8373931438856	11.0363261281005	3.1059793420887
a215_gac-miR-194a-5p	6052.24097480897	3088.04002631151	2963.41656430507	1078.6037097005	391.806166340442	901.563825831192	698.367392807162	869.18203282964	1667.11615587541	336.336445319907	346.980220922305	2166.35480706349	989.413801692156	1281.59935872109	824.826701937249	961.36455496455	143.90224289571	273.700887976892	1947.44904748961
a71_gac-miR-194a-3p	121.671612652267	13.3009620659505	24.2392100375502	12.9077482088317	0	28.5263020682423	0	0	30.8424605273932	0	1.25263617661482	16.2227030482865	0	39.0731511805211	9.3517766659552	7.21474337684465	0	11.0363261281005	1.55298967104435
a207_gac-miR-193a-2-5p	524.478390902574	1746.1207423245	198.068973449696	684.917389331132	599.187945790168	1882.07253413031	654.855405716373	755.616067634821	1042.15050834665	1071.39432178519	508.570287705617	1185.5052227594	1954.66454138926	2197.21353471797	1155.87959591206	1022.68987366773	2746.93392549811	698.967321446364	526.463498484035
a195_gac-miR-190b-5p	0	11.0841350549588	58.1741040901205	4.84040557831189	0	0	0	0	0	0	0	0	0	0	0	0	0	0	0
a131_gac-miR-18c-5p	105.080029108776	35.469232175868	373.283834578273	205.717237078255	561.690871277118	109.461391657209	145.765156754143	25.0381655547633	129.862991694287	246.827552613802	261.800960912497	41.180707737958	34.3369828350748	88.5658093425146	82.2956346604058	93.7916638989805	56.2817661103221	38.2592639107484	79.2024732232618
a130_gac-miR-18a/b-5p	176.055136489265	49.5091365788158	248.625040099443	70.1858808855224	91.829570236041	89.5593204468071	14.1413958045064	20.5670645628413	84.4109446012865	109.399757751905	157.832158253467	21.2143039862208	67.4022255651468	49.4926581619934	59.8513706621133	36.0737168842233	88.2600423093687	82.4045684231503	57.4606178286409
a32_gac-miR-18a-3p	79.2708991522344	124.142312615538	153.053297665674	75.8330207268863	189.781111821151	121.40263438345	69.6191793452623	84.0566986481339	178.561613579645	493.655105227605	207.93760531806	143.508526965611	166.597953755363	65.1219186342019	145.887715988901	116.33773695162	79.9456904976166	298.71656053392	113.368245986238
a76_gac-miR-184-5p	53.461769195693	6.65048103297526	40.1678337765118	0	32.905596001248	84.9155038310468	3.26339903180917	0	21.1027361503216	5.42478137612753	15.0316341193778	0	0	15.6292604722085	0	0	0	0	0
a204_gac-miR-184-3p	19489.580135754	2394.17317187109	9368.80095394226	768.817752688539	2307.98319859917	27045.5879701884	4606.83163323728	10033.150625873	3853.68427852797	3500.79224806096	3171.67479918873	319.462460027795	461.641658116006	4240.73934145923	2734.4594971253	629.486359629696	1882.88090259987	12902.9367538999	451.919994273906
a159_gac-miR-183-5p	788.100218315819	206.90385435923	586.588882908715	312.206159801117	399.458630526779	880.99835224711	369.851890271706	543.685880617717	363.616376744004	377.022305640863	494.791289762854	83.6093157103995	115.728349555252	599.121651434657	170.202335320385	248.908646501141	383.099748864579	281.058438728959	378.929479734821
a243_gac-miR-182b-5p	5.53052784783031	7.38942336997251	0	8.06734263051982	0	27.1994973208822	20.6681938681247	72.4318360691367	24.3493109426788	69.6180276603033	27.5579958855261	0	0	11.7219453541563	0	12.6258009094781	7.6747862877712	7.35755075206699	9.3179380262661
a241_gac-miR-182a-5p_gac-miR-182b-5p	43.3224681413374	12.5620197289533	80.3356675530235	8.8740768935718	0	67.6670421153654	9.79019709542751	57.2300926966018	8.11643698089294	22.6032557338647	16.2842702959927	4.9916009379343	0	7.81463023610423	13.0924873323373	16.2331725979005	1.27913104796187	0	6.2119586841774
a242_gac-miR-182a-5p	553.974539424336	90.8899074506618	252.780333248738	126.657279299161	156.875515819903	520.107460965162	180.574746426774	502.551751492035	150.965727844609	148.277357614152	97.705621775956	24.9580046896715	10.1739208400222	126.336522150352	67.3327919948775	37.8774027284344	131.750497940072	171.430932523161	113.368245986238
a87_gac-miR-181b-3-3p	51.6182599130829	0	9.00313515680436	3.22693705220793	0	1.99020712104016	30.4583909635522	0	0	0	8.76845323630374	0	0	0	0	0	0	0	4.65896901313305
a8_gac-miR-181b-2/3-5p_gac-miR-181c-5p	3099.86085870889	1764.59430074943	1948.13993816082	1862.74941338703	1448.61147047355	2000.15815664536	1947.1614223128	2061.17755727605	1913.85584009455	1075.91497293196	1281.44680867696	2257.45152418079	2420.12141982027	2246.70619287997	1569.22812454728	2135.56403954602	2105.44970494523	1325.09489044727	2888.56078814249
a88_gac-miR-181b-2-3p	1.8435092826101	0	0	2.42020278915595	0	0	21.7559935453945	0	4.86986218853576	0	0	0	0	27.3512058263648	0	1.80368584421116	0	0	0
a7_gac-miR-181b-1-5p	1439.78074971849	912.593786191605	957.795070912341	1139.91551369245	970.3324588275	1015.66903410416	1312.97421046456	604.492854107857	1222.33540932248	596.725951374028	729.034254789826	673.86612662113	680.380956176482	761.926448020162	682.67969661473	586.197899368628	582.004626822649	723.982994003392	725.246176377711
a6_gac-miR-181a-5p	12574.5768166835	9493.19220340368	10743.5104375005	12099.4004772536	11220.8082364256	9972.26448115855	11776.519306122	6656.5751567735	8884.25191928541	6717.68760410459	20153.6634455558	15216.8954592927	17057.8500284022	17620.6887440423	13453.4659116432	15958.1105066583	17265.7108853893	10513.9400247037	21116.00055719
a23_gac-miR-181a-3-3p	444.285737109035	433.020209480389	258.320724114464	392.072851843263	153.049283726735	443.816187991955	506.914649607691	462.311842564737	409.068423837004	453.873375136003	460.970112994254	386.849072689908	501.065601371092	614.750911906866	548.014112624975	539.302067419138	617.820296165581	542.987245502544	555.970302233877
a21_gac-miR-181a-2-3p_gac-miR-181a-3-3p	51.6182599130829	60.5932716337745	83.1058629858864	45.983852993963	34.4360888385154	77.6180777205662	15.2291954817761	80.4798178545963	50.3219092815362	65.0973765135303	50.1054470645928	131.029524620775	95.3805078752078	79.4487407337263	82.2956346604058	169.546469355849	120.877884032396	114.042036657038	94.7323699337053
a22_gac-miR-181a-2-3p	1686.81099358824	2087.51210201723	1226.50402790004	1434.37351970642	307.629060290737	1969.64164745608	1971.09301521274	1231.34121317532	1801.84900975823	959.282173345218	879.350595983604	1526.18198677341	1262.83792426775	1103.16530166338	1240.04558590566	2801.12411605994	1662.87036235043	1171.32207972907	2644.74140978853
a24_gac-miR-181a-1-3p	333.675180152429	257.89087561204	458.467344138807	223.465390865399	515.010839740464	329.047577345306	325.252103503647	174.372938684959	329.527341424253	113.920408898678	286.853684444794	88.6009166483338	148.793592285324	141.96578262256	100.999187992316	211.031243772706	220.650105773422	156.715831019027	158.404946446524
a2_gac-miR-17a-5p	123.515121934877	76.1110607107168	269.401505845915	112.942796827277	772.898882820012	96.1933441836077	0	34.8745877369917	100.643818563072	55.1519439906299	131.526798544556	44.9244084414087	99.1957281902161	75.5414256156742	147.758071322092	147.902239225315	115.761359840549	125.078362785139	102.497318288927
a31_gac-miR-17a-1-3p	12.9045649782707	0	5.54039086572576	0	0	0	0	0	0	15.370213899028	5.01054470645928	14.9748028138029	16.532621365036	7.81463023610423	0	2.70552876631675	7.6747862877712	0	0
a115_gac-miR-1788-5p	10.1393010543556	0	0	0	0	11.941242726241	0	37.557248332145	0	0	0	0	0	0	0	0	0	22.8084073314077	0
a150_gac-miR-16c-5p	71513.4120910111	117630.752741918	122670.486706892	227997.623955225	422705.286232032	131798.149579016	157699.407013469	146849.735198885	218643.825966086	473101.512723687	306739.283748554	197619.976933288	267426.596240403	166910.082336205	153535.598946319	171707.284997214	178523.84340537	277987.397045046	194994.936086
a149_gac-miR-16a-5p_gac-miR-16c-5p	4229.93204894888	6333.47477040343	7599.3386212011	10849.7691037861	18842.662566017	6535.84018549588	7104.41969224856	6861.35158220353	9655.31343247024	20480.3579553401	14265.0207792896	11144.9969941728	9071.32216898477	9079.29789598043	8523.20925335157	7782.00257484906	9460.45323072596	10165.927874131	8424.9689654156
a151_gac-miR-16a-5p	4625.36479006875	4090.78477761678	7879.12835992025	7371.13096150596	30883.8149632179	4156.21587110553	4037.91240202521	3713.69648389043	6835.66322530803	13429.0462966037	11347.6311239537	5818.95879339691	6445.17885215404	6562.98695995487	5861.69361422072	5774.50023024204	4505.73911644567	8623.78523649772	6715.12733759577
a152_gac-miR-15c-5p	28611.2640661088	48291.3596074443	57083.3396384307	65798.0532287827	104169.933982928	38575.5212247477	43441.2801117664	41891.5336337142	57324.7711086506	136214.452094103	132640.392105567	92927.3867612883	129235.501210487	63557.6901486084	87899.2192386461	85183.5732074827	71122.8840942996	132201.207668215	88813.9262973553
a147_gac-miR-15b-1-5p	75.5838805870142	130.792793648513	57.4815552319048	58.0848669397427	333.647438524282	51.0819827733641	10.8779967726972	108.200644004513	103.89039335543	131.098883256415	871.834778923915	369.378469407138	214.924077745468	283.93156524512	164.591269320812	216.44230130534	438.102383926939	205.275665982669	164.616905130701
a148_gac-miR-15a-2-5p	22488.0479839193	22503.0109885773	33552.6070828352	35456.7775953976	66913.9120917472	18043.2177593501	16431.2141251592	14967.4576805581	27474.1391803226	66162.44192371	70538.4483775338	37068.8764653346	49779.7229301235	39773.8630250252	39041.7972250298	33852.4777670772	39992.0322145277	42030.0086711827	37585.4560186154
a225_gac-miR-155-5p	1537.48674169683	218.726931751186	2187.76184310346	1792.5635325015	4767.4851880878	538.682727428203	2025.48299907622	1852.82425105248	1907.36269050984	908.650880501361	881.855868336834	205.90353868979	417.130754440909	372.497374587635	600.384061954324	969.4811412635	425.31107344732	304.602601135574	656.91463085176
a16_gac-miR-152a-5p	686.707207772264	968.014461466398	732.716691992232	768.011018425487	998.646576316946	935.397346888875	856.098346011272	468.571383953427	696.390292960614	860.731978345568	687.697260961536	515.382796841716	527.77214357615	573.072883980977	746.271777943225	640.308474694963	750.210359629634	710.739402649672	583.924116312676
a169_gac-miR-152a-3p	2498.876832578	2355.74817034723	2672.54604385446	1507.78633764415	1309.33662228222	708.513735090296	2026.57079875349	1745.51782724636	1012.93133521544	1563.24116655408	992.087851878938	818.622553821225	672.750515546466	824.443489908996	1086.67644858399	525.774423587554	676.020758847846	725.454504153805	787.365763219485
a29_gac-miR-150-5p	10307.0603990731	22494.1436805333	7748.23662571748	2315.32733495919	1301.68415809588	3239.3937906797	1802.48406523593	7486.41150087423	2707.64337682588	5840.68128163064	5625.58906917716	9897.09675968923	3964.01390729364	3709.34448540414	5137.86610027579	4227.83961883097	2716.874345871	5277.57115445765	8625.30463298032
a78_gac-miR-150-3p	29.4961485217617	76.8500030477141	24.9317588957659	6.45387410441585	0	0	0	115.354405591588	6.49314958471435	30.740427798056	13.778997942763	27.4538051586386	11.4456609450249	9.11706860878827	5.61106599957312	4.50921461052791	5.11652419184746	0	21.7418553946209
a170_gac-miR-148a-3p	2752.35935893688	2334.31884257431	2449.545311509	1177.83202405589	1119.55551046107	982.498915420158	1804.65966459047	1761.61379081728	1175.2600748333	1220.57580962869	593.749547715425	1083.17740353174	577.370007671258	768.438639883582	617.217259953043	762.057269179217	501.419370801051	707.796382348845	906.9459678899
a183_gac-miR-146a-5p	81739.3580816494	22877.6547534349	42349.3626798913	38690.975255973	17915.183906633	19583.6380710352	51852.1472164159	42556.8334613121	24287.626021624	12075.5633432599	21678.1216724961	19361.1721380127	16834.0237699217	19786.6437578159	18243.4459199454	36787.9764785309	15957.7993888483	16770.0654291863	61301.1612851336
a53_gac-miR-146a-3p	908.850076326781	342.130302029727	571.352808027969	439.67017336333	322.933988663411	453.767223597156	575.446029275683	296.881105863622	410.691711233183	335.432315090552	518.591377118536	486.681091448594	719.804899431568	425.89734786768	291.775431977802	653.836118526547	367.750176289036	530.47940922403	734.564114403978
a121_gac-miR-145-5p	2374.43995600181	7668.74357335747	2563.12332425638	2339.52936285075	2465.6239608377	2918.97044419223	1146.54085984229	1359.21470154429	1741.78737609962	1935.74282104817	3347.0438639148	8318.50296306751	2856.32827583622	2371.74027665763	3534.97157973107	5073.768279766	3245.79503420323	2285.99101866721	3135.48614583854
a113_gac-miR-145-3p	2107.13111002335	3365.14340268548	2126.81754358048	2880.04131909557	967.271473152966	2231.6855850597	2184.3017519576	3049.29087649082	1954.43802499902	1178.08168884903	1772.48018990997	5015.31104238949	1906.33841739915	1975.79901136169	3043.06812710182	3200.64053055271	1746.01388046795	2280.84073314077	4160.45932872781
a48_gac-miR-144-5p	6359.18527036355	5731.97570808767	6460.78829829445	10069.6570714148	91859.4148463678	5934.79763494175	12903.4797717735	10830.7950428319	12453.8609034821	18029.2609035598	10954.3033644966	4251.59609888554	6635.93986790446	4355.35391825542	3321.75107174729	4649.00026345427	2769.31871883744	15496.4733940035	5160.58467688037
a80_gac-miR-144-3p	518.026108413439	742.637048682237	774.269623485175	343.668796060144	3794.8569900044	280.619204066662	773.425570538773	516.859274666185	611.979348359327	1284.76905591287	835.508329802085	259.563248772583	222.554518375485	273.512058263648	207.609441984205	123.552480328465	141.983546323767	253.099745871105	218.971543617253
a120_gac-miR-143-5p	28.5743938804566	44.336540219835	56.0964575154733	12.9077482088317	117.082702050952	19.2386688367215	0	0	17.8561613579645	14.4660836696734	57.6212641242817	47.4202089103758	20.3478416800443	1.30243837268404	0	36.9755598063289	57.560897158284	81.6688133479436	48.1426798023749
a55_gac-miR-143-3p	32230.9945425137	67449.917578772	39635.2637045439	49669.8218418475	35210.5182141727	32628.7823470797	57511.9689372502	50003.0050532591	28516.2896886692	18370.1180000265	29676.2036601817	59819.3456402046	22193.1365724034	23912.7685224789	39406.516515002	76031.6712339553	43812.7966547898	26340.767447475	68151.3987241103
a66_gac-miR-142-5p	1032.36519826166	246.067798220084	2641.38134523476	960.013773031858	4787.38159497227	215.605771446017	664.645602811801	632.213680257773	516.205391984791	752.236350823017	928.203406871582	169.714431889766	162.782733440355	208.390139629446	706.994315946213	409.436686635934	198.90487795807	226.612563163663	406.88329381362
a218_gac-miR-142-3p	221.221113913212	214.293277729203	1078.29857224188	425.955690891446	2058.51286612459	92.2129299415273	92.4629725679264	318.342390624848	316.541042254825	405.95447298021	613.791726541262	102.327819227653	124.630530290272	69.029233752254	291.775431977802	152.411453835843	141.983546323767	167.752157147127	197.229688222632
a65_gac-miR-140-5p	101.393010543556	910.376959180613	159.978786247831	131.497684877473	952.731791198926	139.977900846491	172.960148685886	275.419821102396	134.732853882823	145.564966926089	231.737692673742	74.8740140690145	167.869693860366	50.7950965346775	127.184162656991	136.178281237943	158.612249947271	212.633216734736	79.2024732232618
a139_gac-miR-140-3p	2865.73517981741	20995.5686211029	3069.37653961207	3758.57493155918	12364.0863858643	2916.31683469751	4970.15672544536	2771.18839479327	4253.0129779879	8139.88445487935	12314.6662523003	5640.50905986576	6824.15740344487	8305.64950260611	5465.17828358422	6801.6993185203	9300.56184973073	7886.55865114061	5003.7327201049
a180_gac-miR-139-5p	1437.01548579458	865.30147662378	859.453133045709	701.052074592172	594.596467278366	661.412166559013	954.000316965547	635.790561051311	623.342360132577	383.351217246345	1168.70955278163	1279.09774034566	1870.72969445908	1480.87242974175	2726.97807579254	948.738754055072	1105.16922543905	1475.18892578943	1253.26266453279
a54_gac-miR-1388-3p	735.560203761431	238.678374850112	1974.45679477302	3628.69071520781	3007.41842523034	204.991333467136	1012.74149953811	500.763311095266	858.719032578473	570.506174722745	1345.33125368432	360.643167765753	822.815847936793	233.136468710443	748.142133276416	1328.41462426152	649.159006840647	311.224396812434	986.148441113162
a160_gac-miR-135c-5p	271.91761918499	110.10240821259	42.9380292093746	95.1946430401338	35.2013352571491	67.0036397416853	229.525731903911	82.2682582513651	110.383542940144	10.8495627522551	61.3791726541262	18.7185035172536	25.4348021000554	20.8390139629446	1.87035533319104	18.0368584421116	14.0704415275805	49.2955900388489	37.2717521050644
a162_gac-miR-135b-5p	4.60877320652526	22.9072124469148	13.8509771643144	13.7144824718837	0	44.4479590365635	33.7217899953614	0	3.24657479235717	74.1386788070762	6.2631808830741	18.7185035172536	0	7.81463023610423	0	1.80368584421116	8.95391733573306	0	0
a161_gac-miR-135a-1-5p	0	65.026925655758	0	24.2020278915594	0	19.9020712104016	0	0	9.73972437707152	6.32891160548211	5.01054470645928	17.47060328277	0	0	0	8.11658629895024	33.8969727709894	0	0
a246_gac-miR-133b-3p	4.60877320652526	91.6288497876591	4.84784200751004	45.983852993963	52.0367564670899	72.9742611048058	31.546190640822	0.894220198384404	8.11643698089294	4.52065114677294	5.01054470645928	8.73530164138502	24.1630619950526	309.980332698801	0	393.203514038034	327.457548278238	41.9380392867819	46.5896901313305
a41_gac-miR-133a-5p	27.6526392391516	248.284625231076	55.4039086572576	191.19602034332	0	117.422220141369	30.4583909635522	66.1722946804459	9.73972437707152	59.6725951374028	50.1054470645928	51.1639096138265	52.1413443051136	339.936415270534	7.48142133276416	168.644626433744	271.175782167916	75.0470176710833	35.7187624340201
a245_gac-miR-133a-3p_gac-miR-133b-3p	21.2003567500162	114.536062234574	2.07764657464716	69.3791466224704	0	56.3892017628045	0	41.1341291256826	11.3630117732501	0	3.75790852984446	47.4202089103758	19.0761015750416	260.487674536808	9.3517766659552	458.136204429636	561.538530055259	79.4615481223235	55.9076281575966
a236_gac-miR-133a-3p	1906.18859821885	20494.5657166187	1478.59181229056	19114.7616287537	1301.68415809588	16652.062981743	2619.42162286549	4082.1152056248	1339.21210184733	2162.67950861617	3787.97179808322	8998.60859086105	8458.34343837343	61092.1743091175	791.16030593981	49578.8146427544	65458.2522484005	9281.55027373251	10524.6110006676
a64_gac-miR-130c-3p	53.461769195693	0	42.2454803511589	17.7481537871436	176.006676285745	23.2190830788019	16.3169951590458	0	27.595885735036	27.1239068806376	31.3159044153705	23.7101044551879	19.0761015750416	13.0243837268404	16.8331979987194	3.60737168842233	24.9430554352564	14.715101504134	23.2948450656652
a104_gac-miR-130c-2-5p	110.610556956606	85.7173110916811	164.134079397126	192.002754606372	306.863813872104	278.628996945622	102.253169663354	330.861473402229	198.041062333788	154.606269219634	145.305796487319	88.6009166483338	114.456609450249	121.126768659616	117.832385991036	65.8345333137075	127.273539272206	294.30203008268	191.017729538455
a30_gac-miR-130b-5p	5595.05067272166	7590.41568563576	6861.08153834314	5939.98437885174	4420.06331402811	10351.0672365299	6819.41617680389	8895.70253352805	9854.9777822002	9795.3469048276	6633.96119135209	4459.9954380443	5911.04800805288	3872.14928198964	7436.53280476758	3526.20582543282	6594.5601177674	11232.7727331807	7427.94959660513
a62_gac-miR-130b-3p	45.1659774239475	36.9471168498625	69.9474346797877	38.7232446264951	65.0459455838624	18.5752664630415	0	117.142845988357	17.8561613579645	59.6725951374028	67.6423535372003	13.7269025793193	20.3478416800443	45.5853430439413	37.4071066638208	24.3497588968507	50.5256763944937	69.8967321446364	59.0136074996853
a70_gac-miR-1306-5p	128.123895141402	344.347129040719	137.817222784928	97.6148458292898	87.238091724239	113.441805899289	100.077570308814	420.28349324067	168.821889202573	571.410304952099	190.400698845453	314.470859089861	502.337341476094	95.0780012059348	149.628426655283	71.245590846341	103.609614884911	333.297049068635	102.497318288927
a12_gac-miR-129-1b/2-3p	17.513338184796	0	6.9254885821572	0	0	7.96082848416063	0	0	0	0	0	0	8.9021807350194	6.51219186342019	0	15.3313296757949	21.7452278153517	0	0
a96_gac-miR-129-1a/2-5p	0	11.823077391956	11.0807817314515	56.4713984136387	19.8964068844756	10.6144379788808	9.79019709542751	0	25.9725983388574	40.6858603209564	20.0421788258371	16.2227030482865	0	234.438907083127	0	48.6995177937014	30.0595796271038	0	20.1888657235766
a117_gac-miR-128-2-5p	4.60877320652526	0	15.9286237389616	2.42020278915595	0	6.63402373680053	0	75.1144966642899	3.24657479235717	0	2.50527235322964	6.23950117241787	0	0	0	0.901842922105582	3.19782761990466	0	6.2119586841774
a166_gac-miR-128-2-3p	18208.34118434	23386.047081289	25113.2066966184	28873.8260088935	33574.4213711339	18278.7256020065	31404.7766827769	30143.2686673399	29321.4402371738	71188.5018686922	33221.1640400017	39021.8403323014	56278.3148666876	28322.8248523871	33262.3992454695	28875.2066799765	27186.6512933815	57213.0504031481	26657.0677034763
a68_gac-miR-126b-5p	2659.26214016507	2923.99482749812	3419.11371301101	1390.00313523856	1287.90972256048	2272.81653222786	1044.28769017893	1978.0150788263	1423.62304644862	1561.43290609537	2485.2301744038	4079.3858665268	5911.04800805288	3766.65177380224	3157.15980242648	4263.01149279308	3985.77234544917	2152.8193500548	2209.90430189611
a179_gac-miR-126b-3p	77421.8593417765	76432.5006273106	120620.542086574	72134.1441307929	67089.9187680329	84724.4439474269	106294.345464411	107495.104267988	62826.0920942999	42202.9908458134	50987.3029329297	66630.385120016	82897.1070045006	57286.4493841347	95279.641383418	90056.2305156192	58687.8116115384	52582.9437148724	66783.2148239202
a175_gac-miR-125b-2/3-5p	80027.6597127459	198411.190080121	49621.1256911563	70184.2674169963	50529.9862688002	164942.395570445	54907.7765098665	72451.5089135012	102567.414127544	79643.9277736163	49573.0766895315	135652.994989537	122946.746391248	172563.967312026	128259.616973576	107908.211158699	153416.41963045	80946.3018640907	73347.7021634246
a28_gac-miR-125b-2-3p	451.659774239475	527.604828616037	105.267426448789	277.516586489882	108.664991445982	484.283732786439	948.561318579198	819.105701720114	409.068423837004	246.827552613802	15.0316341193778	194.672436579438	147.521852180321	201.877947766026	246.886903981217	87.4787634442414	97.8535251690827	101.534200378525	69.8845351969958
a176_gac-miR-125a-5p	42995.2452436741	72864.8870242879	33373.2369285573	37967.3346220154	21737.5897677082	84979.1904589201	56896.2743199156	57053.0370973217	61516.0991655837	33120.0985617173	51028.6399267579	74321.1942651382	74363.730899932	85847.620458723	78244.445008714	58100.32841373	60626.3347147246	56267.6051315075	86947.23271276
a61_gac-miR-125a-1-3p_gac-miR-125a-2-3p	47.0094867065576	112.319235223582	40.1678337765118	53.2444613614308	85.7075988869716	88.8959180731271	8.70239741815778	117.142845988357	61.6849210547863	47.0147719264386	32.5685405919853	82.3614154759159	15.2608812600332	104.195069814723	84.1659899935968	89.2824492884526	85.0622146894641	22.8084073314077	34.1657727629757
a129_gac-miR-124-3p	38.7136949348122	14.0399044029478	66.4846903887091	12.1010139457797	75.7593954447339	13.2680474736011	0	0	9.73972437707152	2.71239068806376	0	17.47060328277	0	27.3512058263648	0	16.2331725979005	1.9186965719428	19.1296319553742	6.2119586841774
a123_gac-miR-122-5p	568173.247918999	357608.188220471	323188.312919239	134110.697155498	4925.12595032633	99134.2069061313	190386.699515747	157948.796301232	322048.856390058	80416.0549894851	4366.68971167926	770160.348215055	299928.458103958	373816.744659164	175949.937259281	194392.241859858	56004.8342384384	68126.5054336891	440479.119367322
a11_gac-miR-122-3p	2614.09616274113	1575.42506247814	1655.88431999379	485.654026357293	0	467.698673444437	454.700265098744	250.381655547633	1107.0820041938	169.976483118662	76.410806773504	2042.81268384961	635.870052501385	1387.0968669085	433.922437300321	1033.511988733	265.419692452087	82.4045684231503	1368.18390019007
a141_gac-miR-10c-5p	3347.81285721995	6329.78005871845	6338.20715039027	5645.52637283777	1325.40679707353	3932.64927117535	4655.78261871441	5800.80642691963	2072.93800492006	1601.21463618697	5772.14750184109	9522.72668934416	12794.9771964329	3369.40807013361	6366.6895541823	15647.8765414539	6577.29184861991	5488.73286104198	10928.3883151391
a140_gac-miR-10b-5p	29312.719348142	43680.3594245815	26297.4652441673	46290.4120139227	20756.5438590198	62978.7775405685	60092.229771734	59906.4937503663	46645.1633291917	30918.5414532388	12567.6987599765	44310.4415260428	22553.0390221191	37460.7324751383	42380.3814947758	43862.9342024492	42801.643561376	23699.406727483	25705.0850351261
a132_gac-miR-10545-5p	17.513338184796	8.86730804396701	0	12.1010139457797	29.0793639080797	14.5948522209612	18.4925945135853	0	9.73972437707152	0	0	9.98320187586859	54.6848245151191	24.7463290809967	5.61106599957312	20.7423872084284	8.95391733573306	16.9223667297541	3.1059793420887
a90_gac-miR-10545-3p	130.889159065317	31.7745204908818	18.0062703136087	16.1346852610396	0	35.8237281787229	127.272562240558	20.5670645628413	40.5821849044647	44.3023812383748	6.2631808830741	43.6765082069251	34.3369828350748	18.2341372175765	35.5367513306298	15.3313296757949	14.0704415275805	25.7514276322345	24.8478347367096
a37_gac-miR-103-3p	2063.80864188201	2513.88183046465	2975.18989489473	2396.00076126439	4559.33816221944	1484.69451229596	1965.65401682639	1783.0750755785	1965.80103677227	3610.19200581287	3563.74992246916	2837.72513321565	3919.50300361854	1865.09174968354	2298.66670449179	2678.47347865358	3482.43427807618	3396.24542715412	1672.56987571476
a172_gac-miR-101b-5p	651.680531402672	795.101954609042	619.138679244854	642.160473389377	1530.49283726735	438.508969002515	403.573680267067	310.294408839388	676.910844206471	2003.55258824977	1553.26885900238	2508.27947131198	2767.30646848603	1923.70147645432	1350.39655056393	1558.38456939845	1657.1142726346	1503.14761864729	1163.18926361222
a19_gac-miR-101b-3p	156.698289021859	166.262025824381	213.305048330442	44.370384467859	209.677518705627	13.2680474736011	38.0729887044403	34.8745877369917	77.9177950165722	98.5501949996501	105.221438835645	43.6765082069251	12.7174010500277	48.1902197893094	72.9438579944506	41.4847744168568	30.6991451510848	58.1246509413293	66.7785558549071
a138_gac-miR-101a-3p	8329.89669347375	11537.8456498751	13832.2783451426	8035.87999426079	10538.2084310043	4019.55498212744	8192.21936951828	8402.09298401986	6731.7728319526	25858.1245595412	10946.7875474369	7066.85902788048	6526.57021887422	6239.98224352923	7999.50976005808	6880.15965274348	7993.2899187137	12070.7977638411	4374.77190333193
a9_gac-miR-100-2-5p	63316.2480658853	127243.653603916	43430.431447566	95717.4068425915	40511.3801560481	113544.633267209	85025.6861744333	91711.2235463044	70039.9812829175	65416.5344844925	55635.8357843473	108267.824343795	92067.6249016756	175467.102444739	110547.351968256	149055.696322688	169532.831269246	63555.2591514299	100563.846148477
a18_gac-miR-1-3p	12642.7866601401	59597.9163058393	11525.398098426	128451.456300189	9028.3772470401	74263.9153192398	55128.5998443523	85309.5011460705	12361.3335218999	11744.6516793161	5579.24153064241	16060.4760178036	13696.6409308798	209615.734138142	4623.51838364825	105029.528551338	83782.4440759782	34078.7035734239	49666.1626696694
a194_gac-let-7j-5p	6983.21316252707	4194.97564713339	9544.70836392905	13468.4285216528	22886.989888496	6182.91012269809	11933.1624596489	9212.25648375613	10233.2037455098	11637.0601820229	10721.3130356462	7719.51085051539	9836.90971219643	9957.14135916947	8154.74925271294	9049.99372332951	7046.09337769794	10213.0161989442	12091.5775787513
a92_gac-let-7j-3p	145.637233326198	133.009620659505	186.295642860029	139.565027507993	537.20298588084	148.602131704332	168.608949976807	118.931286385126	120.123267317215	277.567980411858	293.116865327868	96.0883180552352	194.576236065424	112.009700050827	215.09086331697	235.381002669557	204.021402149918	256.042766171931	198.782677893677
a192_gac-let-7i-5p	1488.63374570766	1275.41447365725	1436.3463319394	2301.6128524873	1322.34581139899	1749.3920593943	3806.21107076676	2623.64206205984	1499.91755406901	783.880908850428	1940.33343757636	2142.6447026083	2294.219149425	3523.09579811032	1857.2628458587	3496.44500900334	2653.55735899689	1101.42534758443	3340.4807824164
a184_gac-let-7h-1-5p	18856.3346971774	15522.9616733012	26635.4290869766	35292.203805735	32304.112316202	24645.398182214	42536.230780278	35033.7589323042	31413.857690848	33895.8422985035	22171.6603260823	35497.7700701198	34114.4283166993	28914.1318735856	36986.2767138528	28450.4386636648	26096.192074994	37601.4988735136	33190.4952495598
a82_gac-let-7h-1-3p	1695.10678535999	1726.16929922558	1934.28896099651	810.767934367242	1507.53544470834	1361.96507316515	639.626210234597	1306.45570983961	1113.57515377851	2245.8594897168	810.455606269789	930.933574924746	1513.3707249533	873.936148070989	899.64091526489	703.437479242354	663.229448368228	2477.28733822096	832.402463679772
a191_gac-let-7g-5p	53468.2214781821	49761.1159157319	67150.2298414544	113897.163460468	133954.855088988	73268.1483563461	120359.595291508	109373.860904793	104413.091896999	158064.567346916	130391.910168543	127182.248197862	167975.248289081	178298.603466954	98462.9861605091	110782.38455145	119490.026845358	142617.292267916	120571.012080541
a84_gac-let-7g-1-3p	1.8435092826101	16.9956737509368	4.84784200751004	0	0	6.63402373680053	1.08779967726972	0	8.11643698089294	19.8908650458009	20.0421788258371	12.4790023448357	16.532621365036	0	0	7.21474337684465	14.7100070515615	0	0
a186_gac-let-7f-5p	14253.0920185	9409.69171932299	18545.0733253005	28212.3039131909	35834.1940453591	16894.8682505099	28751.633269916	28867.2164442453	20391.7362707954	21248.8686502915	16489.7026289575	16517.2075036246	17155.7740164874	23075.3006488431	22154.3589216479	24375.9123415918	15780.6397387055	21011.6934377529	25683.3431797315
a185_gac-let-7e-5p	106259.875049646	80558.0156947663	154578.290251465	220941.926090572	270100.610674523	128674.85120373	274022.17770263	241291.013010857	188203.940712945	222507.353574393	169831.160189261	132368.521572376	151689.344504415	202105.874481246	201311.955577351	194155.959014266	161497.969591473	225256.566560057	266101.674154107
a83_gac-let-7e-1-3p	94.9407280544203	78.3278877217086	141.279967076007	100.035048618446	332.116945687015	174.474824277854	126.184762563288	224.449269794485	215.897223691752	340.85709646668	202.927060611601	116.054721806972	109.369649030238	53.3999732800456	115.962030657845	90.1842922105582	92.0974354532543	350.955170873596	77.6494835522175
a193_gac-let-7d-5p	43880.129699327	56398.2959866412	37277.1348423193	46557.4410549929	25150.5887948144	81625.6914599674	137272.704673698	131037.239430854	76075.3638219095	43323.2081999838	20381.6432296997	74308.7152627934	68530.2590382843	65750.9963682083	74415.8276416719	39500.7199882245	50123.3896799097	47390.7201491387	61777.9291141442
a91_gac-let-7c-2/d-3p	392.667477195952	413.80770871846	120.503501329535	163.767055399552	61.219713490694	496.88837788636	237.1403296448	156.488534717271	196.417774937609	159.126920366407	27.5579958855261	53.6597100827937	122.087050080266	123.731645404984	106.610253991889	120.846951562148	113.842663268606	150.094035342167	51.2486591444636
a189_gac-let-7c-2-5p	31899.1628716439	49666.5312965962	19434.3060592495	38784.5564304871	19640.0493342333	67155.5588852581	74395.7077281536	75395.2818065826	57857.2093745972	29110.2809945297	11409.0102966078	60031.4886800668	54378.3351498135	82290.6612629229	76387.1821628553	35943.8515034401	54687.3292590376	27216.315986971	43311.3289357559
a190_gac-let-7b-5p	120194.961716896	192096.188868142	93455.3131230621	93460.9711088351	50928.6796529084	233177.973520054	409348.808753692	395499.286222248	230398.050001815	123577.423878414	61823.8584968245	463911.903770207	328171.26235586	213315.961554937	333697.576415946	119930.679153289	139570.465601787	224048.456726568	193924.92620265
a81_gac-let-7b-1-3p	5739.76615140656	8438.7214885086	3917.05634206811	1834.51371418021	981.811155107005	4828.24247564342	2211.49674388935	3616.22648226653	2782.3145970501	3048.72713338367	1563.2899484153	3766.16290767143	3998.35089012871	3184.46182121247	2534.33147647386	2630.67580378198	2170.68538839129	4498.40652981376	2543.79708117065
a187_gac-let-7a-5p_gac-let-7c-2-5p	1079.37468496822	1253.98514588433	896.850771389357	1947.45651100748	1073.64072534305	1077.36545485641	1292.30601659643	1614.96167828223	2032.35582001559	2134.65147150618	2416.33518468999	5012.81524192052	3068.70887337169	4314.97832870222	3843.58020970759	3352.15014146645	4730.86618088696	2993.78740101606	3736.49314853271
a188_gac-let-7a-5p	537316.589546671	559669.014503022	643526.78728692	1015717.96716133	907524.093771723	822171.810163405	1124908.8754601	1230185.88067901	1038178.3240882	1153405.26249925	725227.493449093	1385717.08847971	1312126.75551734	1389706.95340736	1395896.68475447	1037845.34397371	990631.354445879	1443800.87852604	1282861.09467322
a85_gac-let-7a-5-3p	425.850644282934	344.347129040719	765.266488328371	441.283641889434	1287.90972256048	463.718259202357	215.384336099405	384.514685305294	480.493069268862	546.094658530171	734.044799496285	325.701961200213	475.630799271036	468.877814166254	566.717665956885	443.706717675946	466.882832506081	910.864783105894	496.956694734192
a158_gac-let-7a-3/7-3p	447.05100103295	793.624069935047	345.581880249644	367.064089688652	575.465306812524	808.687493515984	229.525731903911	262.00651812663	417.184860817897	514.45010050276	284.348412091564	455.483585586505	488.348200321064	240.951098946547	241.275837981644	285.884206307469	327.457548278238	807.859072576956	248.478347367096
a267_REV_gac-let-7b-5p_gac-let-7c-2-5p	11.0610556956606	0	0.69254885821572	0	0	5.97062136312048	10.8779967726972	0	19.479448754143	5.42478137612753	0	7.48740140690145	0	0	3.74071066638208	0	17.9078346714661	5.88604060165359	3.1059793420887
a257_REV_gac-let-7f-3p	25.8091299565415	28.0798088058955	17.313721455393	9.68081115662378	13.7744355354062	45.7747637839236	45.6875864453284	0	16.2328739617859	20.7949952751555	11.2737255895334	3.74370070345072	0	18.2341372175765	24.3146193314835	6.31290045473907	1.9186965719428	47.8240798884355	1.55298967104435
a253_REV_gac-miR-103a-5p	0	0	4.84784200751004	10.4875454196758	26.7836246521786	0	0	0	0	22.6032557338647	10.0210894129186	6.23950117241787	0	5.20975349073615	1.87035533319104	5.41105753263349	9.59348285971399	5.1502855264469	3.1059793420887
a260_REV_gac-miR-132-3p	27.6526392391516	16.2567314139395	17.313721455393	24.2020278915594	21.4268997217429	9.28763323152074	11.965796449967	0	11.3630117732501	52.4395533025661	23.8000873556816	87.3530164138502	54.6848245151191	16.9316988448925	35.5367513306298	74.8529625347633	69.7126421139217	27.9586928578546	40.3777314471531
a250_REV_gac-miR-181b-2/3-5p	62.6793156087435	57.6375022857855	29.0870520450602	25.8154964176634	107.899745027348	17.2484617156814	79.4093764406898	80.4798178545963	42.2054723006433	0	25.0527235322964	47.4202089103758	81.3913667201773	67.72679537957	29.9256853310566	49.601360715807	37.734365914875	23.5441624066144	37.2717521050644
a268_REV_gac-miR-190a-5p	35.026676369592	20.690385435923	9.00313515680436	17.7481537871436	113.256469957784	25.209290199842	20.6681938681247	27.7208261499165	1.62328739617859	28.0280371099922	43.8422661815187	2.49580046896715	19.0761015750416	3.90731511805211	0	18.0368584421116	6.39565523980933	8.82906090248039	4.65896901313305
a261_REV_gac-miR-191-5p	35775.1411383317	21045.8167000187	49191.0528502044	47425.4871220368	34231.0027983216	32887.5092728149	27112.3191562706	36039.7566554866	57102.3807353742	49200.0546907886	47008.930436001	30743.2701767373	52767.040436775	31642.7402643587	71614.0353525517	29107.8821538798	42021.3736221192	64583.8447465689	60307.2478956652
a251_REV_gac-miR-193a-2-3p	0	5.911538695978	0	3.22693705220793	0	7.96082848416063	0	0	0	0	13.778997942763	0	0	0	0	1.80368584421116	14.0704415275805	0	0
a269_REV_gac-miR-27b-3p_gac-miR-27c-1-3p	47.9312413478627	36.9471168498625	29.0870520450602	20.9750908393515	24.4878853962776	46.4381661576037	0	183.315140668803	11.3630117732501	67.8097672015941	71.4002620670448	32.4454060965729	80.1196266151746	58.6097267707817	39.2774619970118	44.1903031831735	47.96741429857	32.3732233090948	21.7418553946209
a264_REV_gac-miR-459-5p	31.3396578043718	0	0	0	0	0	0	0	9.73972437707152	0	8.76845323630374	0	0	5.20975349073615	0	0	0	0	0
a255_REV_gac-miR-460-3p	23.0438660326263	6.65048103297526	21.4690146046873	0	20.6616533031092	0	26.1071922544733	0	8.11643698089294	0	0	0	0	9.11706860878827	20.5739086651014	0	0	0	7.76494835522175
a256_REV_gac-miR-730-3p	9.21754641305052	8.12836570696976	0	0	37.4970745130501	0	0	0	0	0	5.01054470645928	26.2059049241551	24.1630619950526	0	20.5739086651014	18.9387013642172	0	0	0
a254_REV_gac-miR-7bb-3p	0	0	0	4.84040557831189	50.5062636298226	0	0	0	0	2.71239068806376	2.50527235322964	6.23950117241787	0	0	5.61106599957312	0	0	0	4.65896901313305
