Gene	B9_Immature	B31_Immature	B27_Immature	B11_Immature	B14_Immature	B17_Immature	B19_Immature	B43_Mature	B54_Mature	B60_Mature	B48_Mature	B49_Mature	B59_Mature
miR-ENSGACG00000022167-5p	1.34882497983233	-0.205855730671229	-0.49999225647602	0.367209226570573	1.1319610770923	-1.70913187562652	-2.43153669208076	0	1.96709120645213	3.28902591147542	3.06246360627965	-0.780651121357569	-2.43153669208076
miR-99a-5p	-0.548641346904041	-0.453801340621935	-0.0994423047411477	0.101341432541169	0.495462711607434	0.257220654692471	0	0.471410671631677	-0.0318484327895199	0.409311986124585	0.346273735987054	-0.870477131432398	-0.936913436598081
miR-99a-3p	-1.16086622392272	-1.79679182418973	1.62588242316383	0.63723590904598	-1.79679182418973	0.290552199126214	1.4628542665239	1.49442195590505	1.01624376671473	-1.79679182418973	-1.79679182418973	-1.79679182418973	0
miR-92a-3p	0.875215648144202	0.918529913802374	0.136298599641226	0.403451197697443	-0.0680328537669475	-0.670547612799002	-0.777011285640533	0.3047588449103	0	-0.406624202928857	0.278390518928887	-0.541211992411263	-1.17039205656498
miR-92a-2-5p	-1.44240973200171	0.790752710889874	-0.318492871174639	-0.370166867515499	-0.937184763382318	-0.615142305292021	-0.501639341034347	0	0.0195393986690453	1.97410997574905	0.0580849794511638	0.0526673996790006	1.17901017588504
miR-92a-1-5p	-0.123464028568753	0	-0.199000084796039	-0.281326852678192	-0.913423595999182	-1.58808221327721	-0.943252587303611	0.699685072304904	0.754460816089308	2.39000701446819	0.538553952040006	0.457645116307248	1.71610958371963
miR-9-5p	-2.30566580377884	-0.831521510477003	0.537928072804909	-0.208447226837846	0.437776598483249	-0.648858188071666	0	-4.88711578056313	0.611215693605074	1.72115211130847	-0.706237825273391	0.530235031907725	2.26308479215662
miR-9-1/3/5/6-3p	-1.85944705630017	-0.085138368884639	1.07203281701821	0.0537427327453424	1.66356494780877	-0.73150685465118	0.179993009946203	-0.59079132546299	-3.97168224775956	0.467419143785445	0	-1.43175603296716	2.67186652925692
miR-8159-5p	1.68873638885903	-3.56349776917306	-0.950551948339668	-0.819488616432111	0	0.13957024885393	-0.487312239377895	2.74895652966784	-1.23626702159738	2.66814360973134	-1.77766768921863	0.0496074714527412	1.59203059521274
miR-737-5p	-0.140825223428629	0.122505678589855	0.66838043670432	-0.0789048209566836	0.183313352238308	1.37802488562332	1.25444760196137	-1.53304763480251	-0.436968047227228	-2.23586906235043	0.331801298329056	0	-2.33917372615791
miR-733-1-5p	-0.251701721539303	3.33709668122335	1.57967198171569	-0.251701721539303	3.80426686230481	-0.251701721539303	0	-0.251701721539303	2.92411391493616	3.45653220342447	3.18027847545579	-0.251701721539303	-0.251701721539303
miR-730-5p	1.4122547096888	1.20590637326941	-1.07324509477573	-0.836417237940915	0	0.287317724880208	-0.106323481018772	0.412539416749316	0.495178130869955	-2.68063750560551	-2.68063750560551	0.210935308793872	-2.68063750560551
miR-727b-5p	-0.931022376523309	-1.25019821462139	0.627839207743486	-0.630877921325575	0.890451225695111	1.96142467295598	2.08938068162401	0.643105594263831	0.538452169033487	-0.252448807949924	-0.163906815644906	-0.80873728847993	0
miR-727b-3p	-0.573044205709624	-1.34658870749405	0.275878303460664	-0.599586799043426	0.705418438921077	2.74971387356361	1.54295359958928	0.10892997679557	-0.1799393515683	-0.488586403009305	0	0.613578690759254	-0.945099971963151
miR-725-3p	-2.81871991849804	0.521889031396004	-0.096938757409827	0.125568180037769	0.479597427409466	-1.22526426249775	0.585201742909888	-0.743261860164002	0.410691026852843	-1.96302708941401	-3.56610845181532	0	0.757637035761494
miR-724-5p	0.427832648377861	0.168972545996754	0.60617501474689	-1.01100781105959	0.973417298589008	0.564436353501684	0.103568095533302	-0.869904013984196	-0.949525439832926	-1.43360634867327	-0.0514356218244316	0	-0.0367652571661798
miR-722-3p	0	-0.620476074831621	0.80782847799218	1.63310404108931	1.35346520161676	1.41208772860848	0.800006790741199	1.2713128269678	-2.5702318144506	-4.89746256202628	-0.371800048278517	-0.519128764427969	-0.519246526751846
miR-7147-5p	1.89973246570771	1.80599761888842	0.508899096701061	-2.32723074757568	-2.32723074757568	-0.133580419336001	-0.243036751528005	0.963983032519096	0	2.51018466623485	1.39969201465096	-0.67634517685249	-2.32723074757568
miR-7133-3p	1.48483160347084	0.557370883426398	-0.328675394705149	-1.57284003677894	-0.477171981562445	0.0819678590099562	0.264373946964467	-0.120578625766854	-0.0571513473516756	-0.78423021821891	1.03004108635402	0	1.72276525094777
miR-7132b-5p	1.46793926260584	0.517889222942744	-1.72333525622717	-2.27058445441036	-1.74366506657571	-2.15050808171265	-2.14267442856413	0	0.759373082001238	-0.423334727667541	0.279472388849854	0.10073376966192	1.27808971474064
miR-7132a-5p_gac-miR-7132b-5p	1.18814632819326	0.569213627433003	0.0520034620320331	-2.76423034491541	-0.487787189368999	-2.44971026649763	-2.04537146774715	0.743960813093347	0.928619983279489	-1.74956116637817	0.352667088300932	0	-0.387479784738118
miR-7132a-5p	2.19537230894757	1.17749008884384	-1.28107699401556	-2.11337727113421	-0.721879175813325	-1.82999481188546	-2.52300096715371	0.691378713271933	0.833135087048491	-0.0503125253255456	0	0.567677757060704	1.13135686986161
miR-7-5p	-0.287442239743756	-2.27165227681087	0.159891582891347	-1.17993540536441	0.194284182194837	1.12818011831185	0.504170886604582	-0.279495610619775	0	2.27942371380806	-0.293128930252744	-0.356115583085685	0.911043361392125
miR-551a-3p	-0.713867599176417	-0.197512990127103	0.118629332293271	0.567590808216639	0.332768319739053	0	-0.185956798426117	2.43374151530659	0.720918922345957	-2.53154431774509	-1.31148687141259	1.87396886669694	-1.29624834164641
miR-499a-5p	-3.14278855988191	-1.73973641227186	-0.498579587021229	0.600076960226229	0	1.97562658620773	2.0739998551354	-1.02962206923544	0.69572980230453	-1.61270089309656	0.931414470809235	0.431465479293544	-2.41707861488721
miR-489-3p	0.117930461582477	-0.893082751741971	0.667705394141792	0.431907219803221	0.291197162988176	0.571704869309523	0.291387494560715	-0.0481241943838651	-0.377243305345544	-1.26467702646135	-1.22962442949207	0	-0.131252907695179
miR-460-5p	-4.80373583543478	1.07689410876967	0.704768363661632	-0.948637188291569	-0.599226827201457	-3.09234886222635	-0.346458518688132	2.05286926347683	0.412164144272177	-4.80373583543478	0	0.613614977036068	1.38132894280785
miR-458-3p	0.807517983180146	-1.46467172344655	0.104609064413232	-0.859616177138891	0.731759452305886	0.385115064963452	-0.501422835592332	1.36996066214893	-3.94923402612814	-3.94923402612814	0.576428487619628	0	-1.3766026833619
miR-456-3p	0.0415596177938955	1.09871442123407	0.221717927687691	-0.282623617929584	-0.312015889318758	-0.0751672494995841	-0.207553988675572	0	0.480658436661912	-0.277691770321563	0.272323336864964	-0.154784150754977	0.844538842373325
miR-455-5p	0.681308002986149	0	1.24161795705124	0.256964417774535	0.914295782086924	0.124520972105464	0.0333796770811414	-0.523718217081723	-0.5411443035647	-0.757075491046203	-0.205433980579334	-0.437613476538108	-2.77409110398628
miR-455-3p	0.55809598418437	0.659361942973542	0	0.307889633632144	0.663006831762808	0.521900606724539	-0.300594035044742	0.30203452097709	-0.624887896168485	-7.3996368528074	-1.82931988018269	-0.581645778468847	-1.2644901693803
miR-454b-3p	1.01863428106611	0	1.168475347524	1.15497109393185	1.509934739798	1.47074198772369	2.23456821046495	-2.48795184686734	-0.647293787502116	-1.23687138907432	-1.01407026161841	-1.74897585648245	-4.74099302384505
miR-451-5p	0.332315044907606	-1.11181814191021	-0.74490263278277	0.235423283378921	-0.0400051458502979	-0.128221622126034	0	0.324949204444493	0.1293307420597	0.501462323800904	1.20400904678761	-1.28628463977679	-2.05837913813459
miR-429a-3p	-2.25706846538948	2.49617688125824	0	0.295797060118834	0.276820887297639	-0.867036908936685	1.41434552820915	-0.804141565748744	0.553194251259617	-5.47569714067623	-2.04371694368115	-0.0403951911805791	1.33617241009382
miR-425-5p	-0.23270640995263	1.3678698572347	0.00422435155600809	0.344733803506626	0	-0.0142649808497719	-0.3333596935489	0.258241038968935	0.467223314952856	-0.125853418648646	0.189942945909726	-0.494587477438357	-0.732860700600886
miR-375a-3p	-1.56261422386891	3.15430481885517	0.602301582999099	0	0.348377942034347	-1.59807655438194	-0.0247995771479879	-0.817174510934308	2.54469536548963	1.01945298630776	-1.68183139292294	-0.0865213327352503	2.54580598730514
miR-365-2b-5p	-1.21494834175054	-0.543162178915075	0.71421252888144	0.290491342657598	0.374351062458672	0.384311205202424	-0.138972501559473	0.0472755778518943	0.633486614683946	-1.7363873144683	-1.2567893160177	0	-0.626923465379663
miR-365-2b-3p	0.730992406171168	-1.08084824827771	0.936942970019464	1.32120135771569	1.59336416361213	1.22666468805446	0.896370784754728	-0.270447405818889	-0.293295966110845	-0.697582421938113	0	-1.45381867602771	-2.1103957671524
miR-34a-5p	0.750993333025381	0.559430063874942	0	-3.02936833888771	-1.26168689607677	0.306775054541441	-0.089883482762243	1.23415595123632	-0.70213759131203	-3.02936833888771	0.697554423338932	-3.02936833888771	1.5110437481652
miR-338-3p	-1.68667672892761	-2.51328112473379	-0.86781961274308	0	0.468144416815386	0.121215314924334	1.27046783560381	-0.282443306835152	0.271248275649962	1.3913906502119	0.902328804634887	-0.162803036388656	-0.467806379223099
miR-338-1b-5p	-1.58938273032837	1.47319362034756	1.34659930676421	0.0300165183634946	-1.58938273032837	-0.866977913874122	0.127532667767958	-1.58938273032837	0	1.91473890444236	0.196447349626066	-1.58938273032837	-1.58938273032837
miR-338-1a-5p	0	-3.45559934987291	1.4222533581614	-0.410567539346753	-0.64563814026774	1.20958731168229	1.71722264610225	1.17997049823245	0.250957086563681	2.11599694444417	-0.0236191528778225	-2.83729880759504	-3.45559934987291
miR-31a-5p	-1.50842017792604	0.0251280000006515	0.00430502959789614	-0.841397244217605	0.904293048069437	-2.10406336370506	-1.25893767959106	0	1.93607378412244	-0.545118864717441	0.247447170585217	-0.0929558695885495	0.854267746279423
miR-30e-5p	0.894998372629248	-0.0270252384412739	-1.067041410061	-0.113383429454078	-0.640935859064625	0.0490585376207218	-0.0386381029059137	0.364196552227851	0	-0.233532713667534	1.80096315103749	0.607110060017499	0.0587377722672535
miR-30e-3p	0.283668912860998	0.00373365171659579	-0.471291712606938	0.539750037787018	0	0.569022369717644	7.52686437301975e-05	-0.163556136777352	-0.377672410734977	-0.00317365157926908	0.00375062452459396	-0.502478208061937	-0.187130445588506
miR-30c-2-5p	0.453771380249389	0.130628095644331	-0.704628313044697	-0.357431231264357	0.0119841915732337	-0.125072729880495	-0.252348692110832	0.779858958396854	0.246627162901987	-0.330816586033196	0	0.32065006825505	-0.0894394857740668
miR-30c-1-5p_gac-miR-30c-2-5p	0.270740273639721	0.740797256073924	-1.10913911280208	0	0.704826653418951	-0.248496428745435	-0.0648338909569253	-0.0246473656445785	0.320814028835427	-0.705778372346046	1.32301789332377	0.692452902973446	-2.32245460810529
miR-30c-1-5p	0.273190821896195	0.0324687682432412	-0.652090511436564	-0.228293964322242	-0.165546846280151	0.3364451793986	-0.14768666162867	0.885372693287959	0.0106296349425037	-0.601642335220014	-0.539857175312696	0	0.289016187664615
miR-30bb-5p	0.171863016631988	-0.722597006142519	-0.683271246918591	-0.115661118592898	0.336719142366201	0	0.078763917133136	0.690358058209588	0.0713867068218406	-0.662105223499056	0.845112241521333	-0.0109938019957649	-0.928046162841472
miR-30bb-3p	-0.658239345438338	-4.03909133827101	-0.393573015885847	0.595119306919116	-1.83507763643602	0.341005334511377	0	-0.573772837358687	0.61112569993495	1.11012423536916	-0.607111141275925	1.16447834718203	1.6188157757343
miR-30a-5p	0.619222923193112	-0.0402057399718903	-0.313443476615266	0.0324957484820256	0.169157833531482	-0.0636876765675414	-0.370875936756006	0.583900513100737	0	0.603265292545757	0.802607945445446	-0.290470814585813	-0.176827570883997
miR-29b-1a/2a-3p	0	-3.59439184897414	-3.59439184897414	-2.39571277683102	-3.59439184897414	-0.40470564068031	-0.0970380468605225	0.804092185528263	1.16687609052003	0.451672666323025	1.44238331265607	1.28131401000053	1.91468359947241
miR-29a-3p	1.02221304056559	-0.778163173701796	-0.822263897793337	0.31026180731514	-0.551830347398432	-0.624850200265548	0.330043356884326	-0.880199684577132	0.621683261667334	-0.524701598328638	2.52067354586527	0	1.24527584205176
miR-27e-3p	-0.916726262874336	0	0.791944556316865	0.166445903027695	0.432161457685048	0.173646028664468	0.612920578735967	-0.395960351824039	-0.315502711859475	-0.574167691861957	-1.10103169880457	-1.24108185283173	0.124254281856986
miR-27c-1-5p	-0.435172137185408	0	-0.212197864837746	-0.968461606315792	-0.282826288067165	-0.678216227161617	-0.961406940867557	0.387329891871	0.744002278352955	1.83994911070712	0.368080673339803	0.879470151275923	1.0376636533029
miR-27c-1-3p	0.502815741855901	0.00619030042270907	-0.733196028720215	-0.654031235347594	-0.488494898005786	-0.428824776089968	-0.792678934341264	-0.0667561967423556	0	0.715276485745216	1.20654074135138	0.44860066568539	0.607441915800468
miR-27b-5p	-0.630792058874641	0.328963874635052	0.57145944051429	0.294553775280906	0.322212997128323	-1.32337555500479	0.334110235538962	-1.15888809137004	-0.919511820725815	0.821709961024795	-0.540232066495435	0	-1.30256372494555
miR-27b-3p	-0.730214104634745	0	0.21790433060678	0.273941735568467	0.175038011999622	0.359158789160235	0.0451979684218102	-0.0190234800757931	-0.474913236871844	0.310826314286862	-0.246399859812136	-0.87691118938738	-0.268818949424132
miR-27a-5p	0.285737580941427	1.49743390541967	-0.492696794507778	-1.13880906294819	0	-0.348837861435387	-0.141983299927448	-0.348200690960826	0.821011318612835	1.15526049159433	-0.884802218858216	1.74221476456382	2.43427236668439
miR-27a-3p_gac-miR-27b-3p_gac-miR-27e-3p	0.078982084524212	-0.112581184626228	0.670348915833039	0.179317527482012	1.19879913290308	-0.319544582887451	0	-3.70137958738888	0.392319648954053	-0.435083166363814	1.94141902656296	-0.61545839036795	-1.12874824462264
miR-27a-3p	-0.270443492412467	0	-0.696089627416439	-1.16475268688349	-0.350347514477601	-0.923810925701908	0.231534762804304	-0.681721417872287	1.24666788723491	0.0810999495252487	0.770347135471896	1.08451479137912	1.84841842826696
miR-26b-3p	-0.322412109751514	-1.01297737838925	-1.40741092865563	0	1.04239837847569	0.728923664774388	0.729772354162111	0.476472417444053	-0.0841552506835086	0.719166499992212	1.17651969343934	-5.2198746717778	-3.42308284758807
miR-26-5p	0.436493908059006	-0.11528296968954	-0.330217898999759	0	0.0151126146590244	0.301852531505491	0.151169723308294	0.132481652199578	-0.375746740751101	-0.141466915287932	0.559262320544352	-0.64993665183828	-0.913195420007321
miR-24-6-5p	0.584938149754056	-0.524891396538493	-1.1780799959651	-3.00945369922008	0.130744879850393	0.0736226244689768	0	0.28176008087469	-0.682222951644406	-0.028078755452742	-0.449634945324158	3.12031345333869	2.49962174922647
miR-24-4a-5p	0	0	3.35212680725816	0	0	0	0	0	0	0	0	0	0
miR-24-3p	0.484757813734625	0.419581296940079	0	-0.639696559458855	-0.569009066412997	-0.503860839033571	-0.87220407964243	-0.182858714898751	0.290665475301195	-0.9108332950786	1.17154483144158	0.490000417449936	0.0136951828839056
miR-24-2-5p	0.0931426215111166	0.698003270133945	-0.442543142240254	-1.34408604704815	-1.01170833391793	-0.802326845532519	-1.019729034368	0	0.00643073478311429	0.926822881482771	0.0614323005218491	-0.0867136839979938	0.165480017165722
miR-23b-2-5p	-1.43364392870346	1.57213499853752	0.763934008291101	0.356820236104461	0	-0.754536245844849	-0.0336875016773659	-0.454165543188126	-0.390816722903489	0.566210416536291	-1.55485389623822	1.02138236837594	0.389635123743257
miR-23b-2-3p	0.0469454446797286	0	0.21080003322542	0.17752563339829	0.222566996942174	0.199924856289137	0.53665832909086	-0.158033405612267	-0.382555904062768	-0.665783363394304	-0.147175198766455	-1.04520643114446	-2.07275948353345
miR-23a-3p_gac-miR-23b-2-3p	1.29081334480764	-0.466966787219237	0.56964921970286	0.377486836939237	-0.613125375363295	-0.0758181977521115	0	-0.731006902407235	-0.464631384046987	0.861045529777927	1.22357265166404	-0.0671741145970621	0.0571922106649456
miR-23a-3p	0.253017249792192	0.409907930485154	-0.55147169287619	-0.765038079076795	-0.140662275517601	-0.481343796213546	-0.517114850356089	0	0.538044960307536	0.238413753374147	0.611561599513669	0.135360077842865	-0.236540081982094
miR-23a-3-5p	-0.428886531029453	1.42845131479862	0.749351812160248	-0.630735497293294	0.501877258306999	-0.902917271327791	0.118024362576857	-0.572471749819085	0.751563924804669	-1.66106065690914	-1.49537688093911	0	0.581718370512348
miR-23a-2-5p	0.19455840658207	1.39529104815739	0	-1.16888049667959	-0.873781205062767	-0.74048396346291	-0.686797068873686	-0.131391321162482	0.93373241546339	0.257751945113526	-0.0796841562805115	0.694838166405254	0.373003489958125
miR-23a-1-5p	0	0.0651018516354238	0.970164617705922	0.130617734996589	0.348685218038617	0.283934333563629	-0.084052415515071	-2.02570407685361	-2.75774576440557	0.368259816459976	-5.57078135531003	-0.985348164993014	-2.12480715299274
miR-22b-5p	-0.686419523973768	0	0.565586616339811	1.84422610359926	1.53027838116688	1.11239686095317	0.947199219423561	-0.0576463914423311	-0.259696008272954	1.185706223205	-0.0942882016766493	-0.877875737387711	-0.723234714279299
miR-22b-3p	0.575382301895848	-1.89252520347574	0	1.25578346226979	1.20055521907275	0.758900571344145	0.863466586082602	-0.501131909145694	-1.53551670444035	-5.24207314087694	0.400725473074903	-0.340310533315314	-0.423470980587926
miR-22a-5p	-1.23104903627863	-0.405024348877433	0.40299392590434	0.642640937427807	0.837205220777879	1.48410256966758	0.773624366657168	0.980543388500555	0	-0.0287173036436421	-0.818710351167428	-0.336719603790215	-0.419457729106039
miR-22a-3p	-0.672451501241822	-0.895522029563628	0.328008037418041	-0.183745905640135	0.311049557054453	0	-0.365798118449121	0.4976050392919	-0.744178435508596	1.40164673444123	-0.852710612091096	0.062603240217209	0.518116040661798
miR-223-3p	0.60361090650958	0.381991791354508	-1.01930950341736	-1.17816160294994	-0.754283865841622	-0.571179379561439	-0.853094455981859	0.0837398532467333	0.830949551398895	0.197368776432397	0.664263063363117	0	-0.429991102453148
miR-222c-5p	0.687903768500321	-3.25716960207344	0.265251108151486	1.45039423372865	-2.11800698702235	1.18893837640406	0.969862253915823	0.0340441780213308	-0.929938854497765	-3.25716960207344	-1.47133952211901	0	-1.46037777788371
miR-222a-5p	1.76666937367128	-4.09268508756748	-0.777169300852996	0	-0.952486508496999	0.94498572880932	-0.501075255898096	-2.28070273738014	-1.27964949666301	2.07117974156339	0.270860583048709	2.09117502594337	2.62056570960669
miR-222-3p	0.681514158352558	0.0914664722116019	-0.157328880577026	-0.792755114325461	0.0323838498836899	-0.0785866859184736	0.035068257420404	0.588933501004911	0.438130181955923	-1.96121821208494	-0.0604921312124542	0	-0.468014867309069
miR-221a-5p	-3.48993216654395	1.299825376566	0	0.111708490973052	0.566036417300161	-1.29628183830427	0.929292605341522	0.458636382994056	0.216624269892643	-3.48993216654395	-0.429105851911536	-3.48993216654395	-3.48993216654395
miR-221-3p	0.879663708398295	-0.0397254886175649	0.212753942483497	-0.131440479998675	0.171541517185098	0.313655263990235	-0.138609634094562	0.789347184073408	0.391023220229163	-0.892436961342741	0	-0.164119185596086	-0.314492561346997
miR-21a-3p	-1.07450705731652	-2.48691096571127	0	-2.48691096571127	-0.282897263876275	-1.76450614925703	-2.48691096571127	0.606265956643558	2.56390811021478	1.83269306337177	1.87663470490492	2.19189500507006	2.56481243748494
miR-218b-5p	1.62376777025752	1.8864045944297	0.524554323412404	-0.81757631819073	-0.81757631819073	0.164199630969757	0	-0.81757631819073	-0.81757631819073	-0.81757631819073	0.968253761763701	1.84932986923718	-0.81757631819073
miR-218a-2-5p_gac-miR-218b-5p	-1.53908764444361	-1.53908764444361	1.77642814227087	1.31239398260553	0.228593798367329	-0.816682827989371	0	-0.011300056624016	-1.53908764444361	-1.53908764444361	1.5217386701888	1.94198535522571	1.03354369832263
miR-218a-2-5p	-0.271585752965789	0.752069951134747	1.00181757655031	0.443603720207325	1.36732349369912	1.51088251244596	1.08956346927441	-1.21027041049453	0	-0.947251257577825	-1.71192653415257	-2.30214015570934	-0.2931194786302
miR-2188-5p	1.18661746718285	0.0726578445602737	-0.123706471116069	0.478866550976518	0	-0.0661901789457371	0.29967025146663	-0.145142532569537	0.18246205082457	-0.605381639162381	1.48254756198469	-1.99620741628302	-2.95814951182396
miR-2188-3p	-0.242887613680629	-0.268731347149801	0	0.293699635810485	-0.338798570245434	-0.0935544088433868	-0.32946240072528	0.617951247826081	0.872520744174668	0.860826476005919	1.76864354517168	0.295505463229084	-1.41384319549615
miR-217a-5p	0	-1.37462921022035	-0.683738785023741	0.424167722785799	-0.213052228731362	0.358728708651372	0.776360627935587	1.00407218423084	-0.175321576232542	-4.26902081257547	0.53471502285931	0.439613117316968	-4.26902081257547
miR-216b-5p	-1.13916261505109	-1.13916261505109	1.41214165249939	0.597022065464665	0	3.2182415901641	1.96926592061734	2.55331034849106	-1.13916261505109	-1.13916261505109	0.646667464903342	-1.13916261505109	-1.13916261505109
miR-214a-3p	0	0.436477817089488	0.413109214327218	0.681530933618276	0.692413167250562	0.874210847616814	0.822707731615283	-0.784171175623383	-0.640021120344047	-0.483610417609164	-0.698207147335689	-2.01597543985431	-1.46659958375776
miR-212b-5p	2.19044614066357	-1.33621785829156	0.495155844963433	0.156102905786334	-1.33621785829156	-1.33621785829156	0	0.475764491895783	2.12923799431614	-1.33621785829156	-1.33621785829156	-1.33621785829156	3.3499842108293
miR-212a-5p	0	3.06257635067592	0	0	0	3.66661344781216	0.251701721539303	0.70293325438333	4.39862789853289	0	0	0	3.44597420231729
miR-210-5p	-0.265712979775452	-0.420473740333984	-0.355909367357603	-0.337270115258271	-0.239787858328922	0	-0.673176936078217	1.91119638565605	1.36633710750824	0.966579574064463	1.92480465191236	0.496986515284926	0.389411818606218
miR-210-3p	0.425952895707145	-2.88645003928076	-1.72823882917482	-2.0790493413084	-2.60093449074669	-0.856771255846869	-2.00896612069269	1.00883823371788	0.428773334316116	0.18173575776009	1.88108917174331	0	0.442822715302206
miR-21-5p	0.407453488280575	-0.221301875592276	-0.187166127112624	-0.344265291280092	-0.0885674098220708	0	-0.0614222590500972	-0.114612213076843	0.61111783588886	1.08857632682625	0.259953175108107	0.0733621270837652	1.11190940330158
miR-20b-5p	0	0.940602067955496	2.55130426755048	0.602283621772331	0	0	1.94828684469067	0	0	0	0	0	0
miR-20a-5p	2.15661130317126	0.00127144139164237	-0.771120820368624	-1.00262386028015	-0.711645831526875	0.711908699371232	0.989363792404514	-0.452155573525641	0	-5.05081907592605	0.186535093940252	0.98794559855672	-5.05081907592605
miR-206-1-3p	0	-0.723171947978109	0.691850576133231	1.24979675138315	1.29261366418112	1.22362121495157	0.872516233872126	-1.49485665713842	-1.43732995760337	1.38255132657155	-1.13822428506901	-0.948021143593353	-3.79079783207034
miR-205-1-5p	-0.92939370190304	3.63008274687257	2.40580507314624	0.498151062233553	1.37853250918351	-0.534028550362127	1.57041661722399	-0.357758575395117	1.99526130274559	-2.56763497858721	-0.958402858470782	-0.0804693973646771	0
miR-204-2b-3p	0.379178649068966	1.83561149661109	1.7095047216249	-0.373507733448464	1.02674183481007	1.41948187223248	1.45907523321773	-0.96299106822458	0	-4.25420484831935	-0.282522600559796	-2.37633135505073	-4.25420484831935
miR-204-1/2b-5p	0.876868554414125	0.589461261536627	1.40992689163777	0	1.50394149057386	0.552710056168888	1.60591634960065	-1.9267383824903	-0.741558237685167	-2.31541348048174	-1.96500597254911	-2.72268306717663	-1.52531098890617
miR-200b-5p	-3.56349776917306	2.12476926342379	-3.23480400963329	-3.56349776917306	0	-2.58172182001258	0.316596827143995	0.197385405384908	0.14305866726353	-3.56349776917306	-3.56349776917306	0.658160724173397	1.37636857869275
miR-200b-3p	-2.85025885152725	2.58487293144549	0.197678345543276	0	0.266079212447247	-0.967415278225632	1.40492609617208	-1.5797438228857	0.297103995573313	-2.40898329299426	-3.97054935370609	-0.549871841509065	0.542367607236423
miR-200a-3p	-2.04342574342779	2.13355994962897	0.437264592409901	-0.1811270670498	0	-1.20229815750425	1.00239496780167	-0.201370950843874	1.80405238180709	-0.80969161132356	-1.32092194153629	0.942332701647332	3.32258066336471
miR-19b-3p	1.06027530672582	0.314747910782276	0	0.712732912603537	-1.04430254637604	0.789685418467396	1.22619697723347	-0.479947261504631	-1.05780360008919	-5.15150283643212	1.403552286877	-0.700781957582498	-5.15150283643212
miR-199-5p	-0.117303872910638	-0.149516949870469	0.11955978386097	0.170796260337038	0.546886359139112	0.587170584124731	0.261769421083372	0	-0.593233829014261	-0.293535664006962	0.00194722875986919	-1.63575293713544	-0.706926071903249
miR-199-3p	-0.671495599230605	0	0.852969429072308	0.551142710250089	1.05049225720685	0.873006881914614	0.763369916056732	0.173638747507356	-0.176476269859345	-0.905833865705883	-0.841995462223094	-1.04543036645714	-0.954028928269077
miR-196d-5p	0.354948862741405	0	0.673329097470015	1.60247439366009	1.48607622803252	1.88987451765339	1.36351594669547	-2.17056470603313	-0.874615267451288	-0.888216957705276	-1.6642009591859	-0.927249277053016	-3.83909138275573
miR-196d-3p	0	-1.16084685153798	0.663354975132224	0.393271769779644	0.412002202248783	1.11364798218496	0.396241544442044	-1.52922229059548	0.238999583831148	-0.595585116335174	-1.38125501935917	-5.74480068997535	-2.67039766168868
miR-196a-5p	0	0.467175498346374	2.28674143103289	1.85807370124107	2.42654735278763	2.43496052404869	2.35248154420607	-1.30314093821581	-0.898977797924366	-0.453081874698609	-1.89109402823001	-0.949041184836204	-1.3424595329094
miR-194a-5p	0.00908576006810335	-4.74766624924018	-1.96417969890432	-1.57280863088484	-1.6074676701697	-4.02526143278594	-2.79937940454951	4.69655075983622	0.116712069986908	0	0.489687920626118	1.11657056097877	1.16850501850085
miR-194a-3p	0	0	0	0	0	0	0	4.70666549645236	0	0	0	0	0
miR-193a-2-5p	-0.0614099154477898	0	0.991525787849055	0.336626714450837	0.708432331055018	0.538055705966356	0.0193064417670055	-0.61125554885636	-0.839821878025877	0.395872253855501	-0.524267493621497	-0.853627250518223	-0.8057972479473
miR-191-5p	-0.484763799919282	1.23010897784458	-0.100358817334108	0.0332664878119839	-0.148862657365074	-0.161818536639416	-0.438893150833749	0.454534955179829	1.01306045214404	0.781212046480544	0.215811111865516	-0.374046995056357	0
miR-18c-5p	0.0581641646951372	0	-0.799719833525764	-1.19936539954687	0.140811474079455	0.00836764076821161	0.495970667496777	-0.632151420514688	-0.725146749383294	1.34080793252364	-2.07840312746196	-1.30249290768995	1.27794938638315
miR-18a/b-5p	2.61939315540435	-0.486022654787551	-3.54859900546347	-2.19564108222219	-3.54859900546347	-0.259641785965417	0.404331876375874	0.457471455379725	-1.95921627513511	0.89050238608153	1.25513682997131	0	1.27000315482554
miR-18a-3p	0.65366854724091	0.885616872460239	-1.78306236058905	0	0.502677010368769	-0.255097409318307	-0.250225534456202	1.03017365428847	0.371722489050877	-5.06101381064681	0.176340359219485	-0.475580620329795	-5.06101381064681
miR-184-3p	-3.6275818272793	1.08208082273496	0.424721311743049	-0.842548209408438	0	-1.68395308334017	0.845694527402999	-1.36282802934664	0.0174559471260611	-1.37770296519255	-3.53865223018965	0.366382584022931	1.59816331618004
miR-183-5p	1.09802964875898	0.213549698233938	0.22468436012666	-1.41828748236428	0	-1.30048861734842	-0.806935504893644	-0.453508952855198	0.846601974440842	2.00559140085018	-0.838565894556045	-0.395757270064912	1.30068827704619
miR-182b-5p	2.21765983552348	1.28496931983207	-2.39579612165766	0.223643223208069	-0.182055957757423	-1.14413247748896	-0.725316581650965	-2.99201716736259	1.26218768095676	2.8635595549466	1.37152850325359	0	-2.99201716736259
miR-182a-5p_gac-miR-182b-5p	-0.118474665447681	-2.55981875389593	0.930113412648023	0.238927164755405	1.07524473203934	-2.55981875389593	0.912976395631616	-0.747836403708589	-0.970436023567562	-2.55981875389593	0	1.17424206268863	0.51458427439075
miR-182a-5p	0	0.263549792288982	0.603961217851226	-0.212065771477206	0.189103200045686	-1.73556446545303	-0.398414987201115	-1.08706057309751	0.159979562532881	2.49091422866677	-0.0507840953222178	-0.0739772509997829	1.80400002499195
miR-181b-2/3-5p_gac-miR-181c-5p	0.376492977713514	0.522832642317541	1.02483355112557	-0.337209513150082	0.593978183396787	0.567420233574797	0	0.157555072439571	-0.21553211978917	-0.371243811090469	-0.756431829521786	-0.870879435583574	-0.0376680268028409
miR-181b-1-5p	0.718277984008846	1.2683518797079	1.19415273759751	-0.209472758191365	0.889356573323366	0.448683141205312	0.0842639343615685	-0.0817318273949548	-0.530394940611624	-0.596742998668583	-0.892259321669304	-1.07753452321973	0
miR-181a-5p	0.687282750792113	0.588934745436525	0.581837322707514	-0.35920950512201	0.604881405461414	0	-0.575275334219917	0.00281851563655522	-0.604746418051736	-0.106274090649961	-0.109244108507013	-0.675684114418758	0.11793333102022
miR-181a-3-3p	0.135116901418488	0	0.0977625389434529	-0.451580504815066	-0.121416800613778	-0.586243026928841	-0.841091942856207	-0.403129304931184	0.104237438079313	1.53022084344912	-0.863580082618394	0.406766967918424	1.26369364414226
miR-181a-2-3p_gac-miR-181a-3-3p	0.432424435216646	-2.7659543684811	-0.0908419064253931	-0.962547283695641	0.183803827724724	-1.61921241312065	-0.00517684904771487	1.65731225627688	0	1.29516612822433	-3.70655643643659	1.43275810014878	0.279563573577241
miR-181a-2-3p	0.0627869586284042	-0.105654338596947	-0.299879122046557	-0.269036630248804	0	-0.557284767672007	-0.776208831079078	0.904919641411615	0.0196715385967021	1.43345393214034	-0.809658791973581	0.617648981231595	0.959556604229622
miR-181a-1-3p	0.284002460307327	-0.116344064686769	-0.0621166071463497	-0.933885602602072	0	-0.823146790144641	-1.43916066305018	-0.207398586617326	0.572074808911228	2.28943481830979	0.159328265695576	0.00473986501334256	1.85199235801129
miR-17a-5p	2.43914433003873	0	-0.643367613852829	0.508657617791034	0.667967917865706	0.626925235826984	0.885887284811465	-2.00757370348001	-0.342365125312161	-4.74099302384505	1.47711082035026	-0.519334530498587	-4.74099302384505
miR-16c-5p	0.28994009457438	0.821267716508462	-0.0126262903315695	0	0.0108559591441768	0.391634050592073	-0.0468684249159708	-0.343669671584095	-0.0135682769487353	-0.442884996348244	0.0143884132439371	0.0620419822032012	-0.82454782578152
miR-16a-5p_gac-miR-16c-5p	0.156393260103851	-0.143293902768104	-0.0459145943170967	0.152172857187425	0	0.200133779067196	0.113897923182121	-0.071222208297387	-0.0554593569985595	-0.554406330588012	1.02431957891327	0.0982109061879726	-0.882685242546572
miR-16a-5p	0.381319080789581	0.0714657854181375	-0.182857464031768	0	0.0148604280809206	0.315701837063903	0.748804823007747	-0.784024219858235	-0.516092107959183	-0.370667575035824	0.67584057989926	-0.362966805911963	-1.03445214930169
miR-15c-5p	0.60842284663055	0.859673868865235	-0.134414840945796	0.0808113031597824	-0.256416154528445	0.180738281208608	-0.205546420971107	0	0.00928938990523598	-0.403254578263033	0.262871957626107	-0.694780402078072	-1.62312075081693
miR-15c-3p	2.11071231513978	0	1.88271293469687	-0.0168674537151463	0.224659055376281	-1.72220496345995	-0.129666888033696	0.676910009676135	-1.11459818229207	1.00425301234334	1.02294184960621	-0.630025296472051	-2.70398091262043
miR-15b-1-5p	2.91981887121409	0.0857227340423599	0.103372860571652	0.609092415212977	-0.212490302389825	0	1.42171909198422	-0.215432360344454	-1.32552168035773	-0.752973909850071	1.19581023717879	-1.69002849941203	-2.15379358977843
miR-15a-2-5p	0.356762965162144	0.18561203021858	-0.604218494701787	-0.308095313372377	-0.587429244889142	0	-0.329223501438921	0.0183104453864598	0.220529678067866	0.114678134890836	1.35596677381481	-0.0401550951511904	-0.199510234277389
miR-155-5p	1.03473600682439	0.210077561558295	-0.604276599696784	-1.41270589495959	-0.351867432606713	-1.88885072686481	-1.25731982371689	0	0.503009439063637	1.07519516450576	0.573568053987001	-0.143656043408365	1.71343153864375
miR-152a-5p	-0.0489601848103725	-1.03753592960497	0	0.106992998388282	0.182634186616804	0.0248328260585184	-0.089305786764112	0.87579387439512	-1.68326351434534	0.514609618015929	-0.737278032736211	-0.395908539509906	0.589036098372246
miR-152a-3p	0.0278163604391626	-1.14920698120584	0.0307122282689427	0.076666297017379	-0.174616489607297	-0.0438430358513031	0.326571383448692	-0.63136940778688	-0.751450266549797	-0.565609378036924	0.18416517464438	0	0.300901723203643
miR-150-5p	0	3.93113037012722	-0.612204701978651	-2.01026152360894	-1.54818513565031	-1.22964178004199	-1.09259648278331	0.634266315985062	2.62082497526531	-0.00464197371579722	0.800761784365777	0.517945796286273	2.63817593076965
miR-148a-3p	-0.0348570424757231	-0.715647429327051	0.262174252628773	0.274911435142139	-0.0570778027657326	0.0298929633025455	0.240283489527249	0	-0.699329559901777	-0.500094618273849	0.415364425832075	-1.05438709800089	0.14568740039557
miR-146a-5p	0.335868179481778	-0.0473479105720553	0.102779930974348	-0.408938678280844	0	-0.626617822070964	-0.0812672302729212	0.565541974235819	0.617896734571074	-0.302340816873857	-0.193899774087109	1.94238608942813	0.971432397474542
miR-146a-3p	-0.233920287531737	0.0471006700002343	0	-0.480369281333276	-0.0514518401547326	-1.21808253270816	-0.149821789790406	0.876832470542053	0.90527232189663	1.43422083004967	-0.374369322934112	0.178746658924104	1.41181996984461
miR-145-5p	-1.04944623235873	-1.35412263548853	-0.859207949670729	0.27609500121153	-0.612784623410905	0	0.155456514347293	1.44020259290947	0.250422708902528	-1.72950191786856	0.568740411496039	0.659987115038962	-2.43583613927291
miR-145-3p	-1.72034997938378	-1.70889987679718	0	0.0898530300860676	-0.171882934200334	0.213645958293323	-0.146881559119103	2.09525880739957	-0.0566525646109035	0.149080193885994	-0.597556461977561	1.99620715986885	0.7892913882524
miR-144-5p	1.17142805772134	-0.708261865052753	0.251832558592554	0.279690912469613	-0.183427279218593	0	0.203468340050902	-0.833023845551024	-0.207695953527324	0.830211701215241	1.00519902479593	-0.103665153469663	-1.83547783985576
miR-144-3p	1.7366312486725	-1.53681888279364	-0.973558408692559	0.871922957195497	-0.992773938230664	-0.694378348973989	1.27071378977347	0.474011829531855	0	-0.176094079004468	3.39828721544563	0.675701275666102	-1.03204844612072
miR-143-5p	-2.19365032823968	0.290911974441914	-2.19365032823968	0.0949688543218103	-2.19365032823968	0	0.129092355367147	1.00194039098885	-2.19365032823968	2.12595370084336	-2.19365032823968	0.207031530671958	-2.19365032823968
miR-143-3p	-0.611657870416616	-1.0576842046075	-0.342325710247334	-0.280344199035298	-0.577350303242678	-0.442929982421445	0	2.19399202418001	0.0159065323059515	0.803871013854783	0.542505465680822	3.60214584582767	1.46847238676835
miR-142-5p	0.936418947772517	-0.414012383594384	-0.771636340393563	-0.781336048083291	-0.88717314625786	-1.23200070124557	-0.339931851547511	0	0.744117354198388	2.31609432990538	2.4933010177337	1.80854391179717	3.10646397066139
miR-142-3p	3.15455001521774	0.830970255068891	-1.11470986783025	0	-1.76854187350699	-0.100790563976827	0.413721368464844	-1.53860121841293	0.360096330789407	-2.02254477555792	2.84862723674383	1.37805819035982	-0.317717650204409
miR-140-5p	-0.208491128113727	-2.54066277513841	0.252708085121419	1.61177493067073	0.70121611168736	0.141828186650747	0.940007260532933	-1.79283069258882	-4.04587186956653	-4.04587186956653	1.36754811189328	0	-0.971468841279852
miR-140-3p	0.787483082651539	-0.325076123507447	-0.364893840881258	1.6534855326283	0.463384681671936	0.0173525875009108	0	-0.277865987233806	-0.57357417410444	0.562562064276896	0.34264428939273	-0.948146902956095	-0.83890343670414
miR-139-5p	-0.311556367222138	0.617085740228443	-0.606358305297269	-0.114410129836982	-0.547962699393483	0.938888201440967	0.0302843733412148	1.89171247164133	0.820847091167503	-0.601094670676779	0.0322682119393445	-0.425426722152126	0
miR-1388-3p	1.40308836342186	0.470340341556194	-0.181100676198422	-0.910587537752747	-0.513503819312904	-1.90411864257787	-1.35162389147569	-0.496643773078929	0.62041734511097	1.68693206165086	1.44993815971306	0	2.67488032940206
miR-135a-1-5p	0	0.940602067955496	0	2.6278815143529	1.13916261505109	3.18968620829383	0.251701721539303	0	2.81303559090446	0	0	0	0
miR-133b-3p	0.687656086559647	-3.26053449378858	0	1.40747484316615	1.62477548717653	0.245451601950324	0.106554774069945	-0.525590363700139	-3.14729520798903	-1.04009233209449	0.374872222916944	-2.77451183900103	-1.78269875741159
miR-133a-5p	0.106414360782725	-1.8005993076389	0	0.690641472271926	0.5481502947423	1.61214053688145	0.840398903381933	-1.49302394249938	-0.97321933194675	-1.09641226029247	0.236034667662861	-4.88410512369894	-5.933827674103
miR-133a-3p_gac-miR-133b-3p	1.41065356826384	-1.95285544032846	-0.74078396199542	1.36388253204522	1.23829504858007	0.0631244855473749	0.628048012051608	-0.821898128409725	0	-4.39348930337358	2.13049447702787	-1.79352744963685	-5.83939931920338
miR-133a-3p	0.095486865402524	-1.20192195352093	0.648998225589965	1.25746374929995	1.43107982789036	0.85099768280846	0	-0.767576081278355	-1.62749136465306	-1.77796612321519	0.327048102074636	-1.93316661756569	-6.33905640597753
miR-130c-3p	0	0	0	0.602283621772331	0	1.71138697320844	3.07618552979517	0	0	0	1.78583007995443	1.38139277115246	3.44597420231729
miR-130c-2-5p	0.136348111044931	-1.26375004340864	0.487343555634768	0.395470915828425	0.886085099264263	0.375350455753961	0	-1.34339273762223	-0.0721215457652047	-4.32632639408456	-1.76650764018863	-1.1522415791534	0.214085692968347
miR-130b-5p	-0.527654163187899	-0.0483524281820262	-0.126214586487245	0.00860688710000979	0.455017424716047	0.00454918272844651	0	0.544753189645634	-0.145995943439754	0.0665552530738172	-1.31433724366206	-0.901063765081838	0.177171243150013
miR-130b-3p	-0.124245116554756	0.18699684672614	0.990684224204319	0	-0.8995214996323	1.20149127842499	2.47986527329053	-2.03868411468339	1.4267717379243	-2.03868411468339	0.521134639212537	-2.03868411468339	-2.03868411468339
miR-1306-5p	-0.238327885631005	0.966907309256738	-0.405354868807036	0.0917011848000557	-0.280989657890489	0.0312782673843639	0.193998047649048	0	-0.161090524885139	0.0639085668391584	0.54702539019919	-1.52677016631373	-6.96207211580938
miR-129-1b/2-3p	0	2.70398091262043	0	0	0	2.19365032823968	1.33621785829156	2.04930152121992	1.58938273032837	0	0	1.87787349326862	0
miR-129-1a/2-5p	0.155973959000118	-1.19086414965171	-1.75692553671705	0.391871527691919	-0.837165792592349	0.34696305399378	0.309044657187793	-4.54041208705291	0.595307334041382	0.00904145328310157	-1.98059333315698	-1.20468311338497	0
miR-128-2-3p	0.118513410576817	0.539820080104176	0.0119352894836524	0.12163071686385	-0.333381219894298	0	-0.305341904414004	-0.0923368236999647	0.241728410660382	1.1640536200738	-0.0835603949202248	-0.0306887106422611	-0.16974526515518
miR-126b-5p	-0.900426966659782	-1.25743487366505	-0.20330479760252	-0.307924735380222	0.172240833495543	0.449544911356458	1.05669820469279	0.539265935394599	0	-0.861268083301771	-0.116258070526541	0.572598988143643	1.31524338378408
miR-126b-3p	-0.493777397173625	-0.957663748651031	-0.23129862122388	-0.857603290615311	0	0.0052578189995014	0.136290334878792	0.390763651999324	-0.0760572258323808	0.177363892295	-0.496247925698967	1.36459343916647	1.18529655995308
miR-125b-2/3-5p	-0.493750084204033	-0.641402190223411	-0.538006425409343	0.0583202048900038	0	0.217203760301098	0.223998334524472	0.194374313125589	0.0135647004012398	0.552766357745554	-0.218328805201082	-1.07320123630663	-0.812957918845701
miR-125b-2-3p	-0.910132424352915	0.571248482911402	0.0487596123794853	0	-0.104019271619548	-0.196303859493745	-0.162348802342622	-0.01276640007229	0.493350186542657	1.5755059745545	-1.21857634760991	0.912509620922989	0.526114576133772
miR-125a-5p	-0.198375966236295	0.154631518629925	-0.209810721938069	0.0819303247399148	0	-0.375695035121263	-0.283040943975942	0.455922518686673	0.202738212436939	1.2458549724106	-0.473577277362391	-0.0222617728299532	0.227348645081001
miR-125a-1-3p_gac-miR-125a-2-3p	-2.30996183476463	2.06528648114424	1.02413259515438	0.818595151521753	1.28956893130898	0.827462653739836	0	-0.739432086697041	-3.72236574315937	-3.72236574315937	-0.661539428526956	0.49929275018709	-3.72236574315937
miR-122-5p	-3.19300110319249	0	-1.06762465202176	-2.59385511071103	-2.7990483263443	-1.73303423218633	-2.13311552699002	7.0005578955415	2.67512284322308	4.19783678268301	2.4213558595286	2.56014735680887	4.02286077437376
miR-122-3p	0	0	0	0	0	2.47236038969555	0	9.36539028280538	5.05081907592605	0	4.18087795528974	4.26245111005976	5.05172340319621
miR-10c-5p	-0.427619980161071	-0.609282495301237	-0.379614387777796	0	0.147169301672427	-0.0265786658328473	-0.0880675142135434	0.886094584426832	0.161608080265429	1.40201636428782	-0.596883815004537	1.31425430339913	2.12012887318668
miR-10b-5p	-0.272869153537298	-1.45837315857432	0.245417850122957	0.233544159914185	0.559815765347336	0.020948738645874	0.168626673389181	-1.05057420269967	-1.10330542539715	0	-1.17677782745583	-0.444128383301063	0.0882251814264805
miR-10545-5p	2.82645257032926	1.90996013273327	0	0	4.61172498108486	0.722404816454243	2.37668896187986	0	1.58938273032837	0	0	0	0
miR-103-3p	0.332858287473051	0.493136921992226	-0.602121316608326	-0.362056252780716	-0.460018896907551	0.116138161407644	-0.100875714576372	0.401699494815997	0.295402946209837	-0.0207560141250873	0.458037585724458	0	-0.253596281742396
miR-101b-5p	0.584305345977016	0	-0.669558508475515	0.023734941029474	-0.482662247852412	0.00320889499269406	-0.0517145102355858	0.281956821422733	0.136162074548636	-0.800394280905528	0.31382903288665	-1.15318201222976	-2.41123929116583
miR-101b-3p	0.536391813505859	-0.373280330636242	0	0.626260314471248	-1.42350933926	0.567593560583952	0.532273192554235	-0.670864953304117	-0.786263096923426	-0.0750634555558651	1.17846896032566	-0.413479727935418	0.233368988362506
miR-101a-3p	-0.20380625220152	-1.03782041156038	-0.329732659338285	0.254229555994717	-0.639193140234719	0.118560359829075	0.563686067115091	-0.838261972995038	-0.387623588019991	0.871205407812035	0.814694533577695	0	0.601745563603778
miR-100-2-5p	-0.141341950278228	-0.498852696403215	0.547067634549904	0.624621312241937	0.614838799274363	0.373016681716333	0	0.506111765558755	-0.35278367317372	1.66529078855825	-0.655886277788158	-0.158083242307747	-0.0616912890181851
miR-1-3p	-0.102390452728937	-1.05354960675709	1.11180908604035	1.10951868294454	1.57470024534289	0.932272238680065	0.946785295799568	-1.45903381370055	-2.24488072163559	1.97551167248356	-0.652727171924013	0	-2.69723047603198
let-7j-5p	-0.334193417943176	0.255271563135999	-0.0907113876789563	-0.388879663989407	0	-0.10436880020289	-0.165871977896126	-0.0489233867452459	0.287962808303288	0.794365008187777	0.47091305092793	0.74583195941803	0.723578735029012
let-7j-3p	0	2.3484134546617	-0.509799652843507	-2.44134408844825	0.239293417157265	-1.45956813928776	-1.0001283624867	0.292075231916789	1.02411176415945	-2.44134408844825	2.59543107318196	1.55701785983792	-0.644552264258516
let-7i-5p	-0.431483284674123	-0.236720051238752	0.381770297194883	-0.341971109478438	0	0.249797111482652	-0.306366435673064	1.16379808081927	-0.114176738794686	1.36041836892761	-0.781445072159064	0.489891522725355	0.614578004949697
let-7h-1-5p	-0.572983769077545	-0.194260745997612	0.199454932429134	0.10193794256641	0.273455700638927	0	-0.10136596236617	-0.456543366810495	-0.267411982675892	1.47549557950554	-0.775313835505376	0.104247990650659	0.97173714989473
let-7h-1-3p	0.0245191019870763	1.01467636274277	0	0.204781058775863	0.706147271303847	0.275609998823986	-0.0217223804995577	1.02152288390566	-0.0180350949540973	-1.3137992492609	-0.215650068400568	-1.03101559564013	-0.228472609957882
let-7g-5p	0.0588873981084284	0.0731564192137064	0.233760111570751	0.045149553177529	0	-0.0333562141658348	-0.257811814199336	-0.204604946078652	-0.578753551176639	1.64429934522602	-0.224923385480661	-0.190176334259256	0.63244042293061
let-7f-5p	0.254438380993756	-0.206392668670485	0.23914896923864	-0.0536749376951828	-0.0117217247144676	0	0.0100612319990443	-0.4108422731495	-0.25273763649715	1.53470808259651	-0.70950998234323	0.766993023868844	1.82268335189791
let-7e-5p	0.307350927321362	0.14972874475127	0.0694967483484987	-0.0957766010757801	-0.0622384192269205	0	-0.181968186722301	-0.366354425704959	-0.34317865012706	2.61224402369967	-0.403568771310857	1.13029604943261	1.84902231884532
let-7d-5p	-1.10887289254664	-0.323792029976547	0.409201863000945	0	0.129480491487195	0.185902933875767	0.0470915758101285	-0.840810006252916	-0.889864383007092	0.774140990065902	-1.68538927064672	-0.0313935080962331	0.213475986645513
let-7c-2/d-3p	-0.464034900485518	-1.49435076510391	0.216816301677051	0	-0.0945933382562609	0.0127796559059252	0.646070578570274	1.43813009060385	-0.643851983805241	-1.29063069475477	-0.376049160490098	0.805189896359334	0.598601248605967
let-7c-2-5p	-0.806815303287417	-0.16087351041271	0.23055560725596	0	0.412623449513401	0.335611768201574	0.155528364516629	-0.975607434503873	-0.591653068729691	1.35435674814242	-0.939556118332344	-0.00785447715905718	0.712047664007038
let-7b-5p	-1.6080070601683	-0.295223233575719	0.240966801898066	0	0.0508339270473002	-0.218144922190994	-0.303255036355864	0.402219678815532	-0.26112648045102	1.5800447549541	-1.35222039280024	0.299704706931701	1.35907869462961
let-7b-1-3p	-0.201398901553874	0.854667527453856	0	0.914622727539765	0.735500896114651	0.110959062640523	0.0328585263992451	1.22975411851299	-0.462657422781417	-0.783854300643434	-0.459356378982168	-1.04654988968671	-0.994313133388461
let-7a-5p_gac-let-7c-2-5p	-0.621407792248771	-1.08850851151034	-0.0999626062221157	0	-0.0450508681795814	-0.561222160571166	-0.838052527598844	0.155664811794409	0.618699105435763	2.18834946671029	0.782986878637693	0.967665741588105	1.56154385444774
let-7a-5p	-0.080972639891371	0.140294250422897	0.27848571979505	0	0.00528715474011321	-0.00830053356657245	-0.25351399729022	-0.604567320258521	-0.511788419033071	1.31492740139693	-1.03025009205998	0.163361731028026	0.750299092971581
let-7a-5-3p	1.57038399287783	1.00070653590433	-1.34064947127655	-0.346056790451842	-0.328365572100783	0.00784104263757879	0	0.254947976973586	0.896970297425111	-0.579957000497433	0.66416296185681	-0.761175488918196	-2.3937681975588
let-7a-4-3p	0	0	0	2.56611321069399	2.38096767597257	2.96795523048572	0	2.43153669208076	0	0	1.78583007995443	0	0
let-7a-3/7-3p	-0.841389533500217	-1.31060687820714	0.0510985928217034	-0.0962629890886735	0.340171515966756	0.143993277010797	0.0354194725215748	0.680808941139431	-0.494104466910037	-0.665943737171076	0	0.298440997981031	-1.42618133752033
REV_let-7f-3p	1.50803814242528	1.53478876285633	-1.5277875878196	-1.5277875878196	0.676226114015396	0.320097102054041	-0.875340566621679	0	0.799443159756081	-1.5277875878196	-1.5277875878196	0.872894271092038	-1.5277875878196
REV_miR-137-1-3p	0	0	0	2.6278815143529	0	1.71138697320844	2.01784019782473	0	0	0	0	0	0
REV_miR-181b-2/3-5p	0.713628408050658	-2.81303559090446	1.28458981908775	-0.246922380210479	1.56837022626351	-0.520377509530487	1.80964427792282	0.280141331450362	0	-2.81303559090446	-2.81303559090446	-2.19473504862659	1.38241213085693
REV_miR-190a-5p	0	-1.91443899812863	0.636865269421842	-1.58209329565163	0.766198507476877	0.86153229482487	0.233190709042473	1.0684946583337	-1.91443899812863	-1.91443899812863	-1.91443899812863	-1.91443899812863	0.658192344637608
REV_miR-19a-1-3p	-1.48940546605761	0.605256635871549	-0.0792199472920716	0	0.101605636943555	0.611559621616422	0.141410338265338	-3.601640657517	0.796987241015885	-3.601640657517	0.370041590242557	-1.0617144427246	-3.601640657517
REV_miR-2184-5p	-1.01229820114339	-3.59836013214301	0.351391393798054	0.304986254214486	0	0.0307445715872481	0.785675116342119	-0.0570448725364754	0.111254838107454	0.538390905512544	-0.175416529482325	-0.123980907657893	-2.74217037590878
REV_miR-29b-1a-5p	0.273241293343654	2.91643165503503	1.58968672446224	0.213795308190192	0	2.14979460444697	-0.0390838312525026	-1.13916261505109	3.62210532444308	-1.13916261505109	-1.13916261505109	-1.13916261505109	-1.13916261505109
REV_miR-9-7-3p	0	0	0	0	1.13916261505109	2.47236038969555	2.01784019782473	0	0	0	0	2.89157281439938	4.68620206912085
