Gene	B9_Immature	B31_Immature	B27_Immature	B11_Immature	B14_Immature	B17_Immature	B19_Immature	B43_Mature	B54_Mature	B60_Mature	B48_Mature	B49_Mature	B59_Mature
miR-ENSGACG00000022167-5p	3.72034113428209	2.16566042377853	1.87152389797374	2.73872538102033	3.50347723154207	0.662384278823245	-0.0600205376309976	2.37151615444976	4.33860736090189	5.66054206592518	5.43397976072941	1.59086503309219	-0.0600205376309976
miR-99a-5p	11.7548348463152	11.8496748525973	12.2040338884781	12.4048176257604	12.7989389048267	12.5606968479117	12.3034761932192	12.7748868648509	12.2716277604297	12.7127881793438	12.6497499292063	11.4329990617868	11.3665627566212
miR-99a-3p	0.575905062636009	-0.0600205376309976	3.36265370972256	2.37400719560471	-0.0600205376309976	2.02732348568495	3.19962555308263	3.23119324246378	2.75301505327347	-0.0600205376309976	-0.0600205376309976	-0.0600205376309976	1.73677128655873
miR-92a-3p	18.0050389349032	18.0483532005614	17.2661218864003	17.5332744844565	17.0617904329921	16.45927567396	16.3528120011185	17.4345821316693	17.129823286759	16.7231990838302	17.4082138056879	16.5886112943478	15.9594312301941
miR-92a-2-5p	5.17109195798879	7.40425440088038	6.29500881881587	6.24333482247501	5.67631692660819	5.99835938469849	6.11186234895616	6.61350168999051	6.63304108865955	8.58761166573956	6.67158666944167	6.66616908966951	7.79251186587555
miR-92a-1-5p	7.9482491092356	8.07171313780436	7.87271305300832	7.79038628512617	7.15828954180517	6.48363092452714	7.12846055050075	8.77139821010926	8.82617395389367	10.4617201522725	8.61026708984436	8.5293582541116	9.78782272152399
miR-9-5p	2.52142943915329	3.99557373245513	5.36502331573704	4.61864801609428	5.26487184141538	4.17823705486046	4.82709524293213	-0.0600205376309976	5.4383109365372	6.5482473542406	4.12085741765874	5.35733027483985	7.09018003508875
miR-9-1/3/5/6-3p	2.05221465382839	3.82652334124392	4.98369452714677	3.9654044428739	5.57522665793733	3.18015485547738	4.09165472007476	3.32087038466557	-0.0600205376309976	4.37908085391401	3.91166171012856	2.4799056771614	6.58352823938548
miR-8159-5p	5.19221362040109	-0.0600205376309976	2.5529252832024	2.68398861510995	3.50347723154207	3.643047480396	3.01616499216417	6.25243376120991	2.26721020994468	6.1716208412734	1.72580954232343	3.55308470299481	5.0955078267548
miR-737-5p	6.9569301253873	7.22026102740578	7.76613578552025	7.01885052785924	7.28106870105423	8.47578023443924	8.3522029507773	5.56470771401341	6.6607873015887	4.86188628646549	7.42955664714498	7.09775534881593	4.75858162265801
miR-733-1-5p	-0.0600205376309976	3.52877786513165	1.77135316562399	-0.0600205376309976	3.99594804621311	-0.0600205376309976	0.191681183908306	-0.0600205376309976	3.11579509884447	3.64821338733278	3.37195965936409	-0.0600205376309976	-0.0600205376309976
miR-730-5p	4.03287167766332	3.82652334124392	1.54737187319878	1.7841997300336	2.62061696797451	2.90793469285472	2.51429348695574	3.03315638472383	3.11579509884447	-0.0600205376309976	-0.0600205376309976	2.83155227676838	-0.0600205376309976
miR-727b-5p	4.66686419985101	4.34768836175293	6.2257257841178	4.96700865504874	6.48833780206943	7.5593112493303	7.68726725799832	6.24099217063815	6.13633874540781	5.34543776842439	5.43397976072941	4.78914928789439	5.59788657637432
miR-727b-3p	4.50748295038393	3.7339384485995	5.35640545955421	4.48094035705012	5.78594559501463	7.83024102965716	6.62348075568283	5.18945713288912	4.90058780452525	4.59194075308425	5.08052715609355	5.6941058468528	4.1354271841304
miR-725-3p	5.21303050943405	8.55363945932809	7.93481167052226	8.15731860796986	8.51134785534155	6.80648616543434	8.61695217084198	7.28848856776809	8.44244145478493	6.06872333851808	4.46564197611677	8.03175042793209	8.78938746369358
miR-724-5p	4.78279340318748	4.52393330080637	4.96113576955651	3.34395294375003	5.32837805339863	4.9193971083113	4.45852885034292	3.48505674082542	3.40543531497669	2.92135440613635	4.30352513298519	4.35496075480962	4.31819549764344
miR-722-3p	4.83744202439529	4.21696594956366	5.64527050238746	6.4705460654846	6.19090722601205	6.24952975300376	5.63744881513648	6.10875485136309	2.26721020994468	-0.0600205376309976	4.46564197611677	4.31831325996732	4.31819549764344
miR-7147-5p	4.16694267565239	4.0732078288331	2.77610930664574	-0.0600205376309976	-0.0600205376309976	2.13362979060868	2.02417345841668	3.23119324246378	2.26721020994468	4.77739487617953	3.66690222459564	1.59086503309219	-0.0600205376309976
miR-7133-3p	7.55457821839862	6.62711749835418	5.74107122022263	4.49690657814884	5.59257463336534	6.15171447393774	6.33412056189225	5.94916798916093	6.0125952675761	5.28551639670887	7.0997877012818	6.06974661492778	7.79251186587555
miR-7132b-5p	9.62382451845716	8.67377447879406	6.43254999962415	5.88530080144096	6.4122201892756	6.00537717413867	6.01321082728719	8.15588525585132	8.91525833785256	7.73255052818378	8.43535764470117	8.25661902551324	9.43397497059196
miR-7132a-5p_gac-miR-7132b-5p	8.4492832512575	7.83035055049725	7.31314038509628	4.49690657814884	6.77334973369525	4.81142665656662	5.2157654553171	8.00509773615759	8.18975690634374	5.51157575668608	7.61380401136518	7.26113692306425	6.87365713832613
miR-7132a-5p	8.20360417569349	7.18572195558976	4.72715487273036	3.89485459561171	5.2863526909326	4.17823705486046	3.48523089959221	6.69961058001785	6.84136695379441	5.95791934142038	6.00823186674592	6.57590962380662	7.13958873660753
miR-7-5p	5.27373743683731	3.2895273997702	5.72107125947242	4.38124427121666	5.75546385877591	6.68935979489292	6.06535056318565	5.28168406596129	5.56117967658107	7.84060339038913	5.26805074632833	5.20506409349538	6.47222303797319
miR-551a-3p	6.97532386467264	7.49167847372195	7.80782079614232	8.25678227206569	8.02195978358811	7.68919146384905	7.50323466542294	10.1229329791556	8.41011038619501	5.15764714610396	6.37770459243646	9.563160330546	6.39294312220264
miR-499a-5p	4.03287167766332	5.43592382527336	6.67708065052399	7.77573719777145	7.17566023754522	9.15128682375295	9.24966009268062	6.14603816830978	7.87139003984975	5.56295934444866	8.10707470835446	7.60712571683877	4.75858162265801
miR-489-3p	6.32430951507375	5.31329630174931	6.87408444763307	6.6382862732945	6.49757621647945	6.7780839228008	6.49776654805199	6.15825485910741	5.82913574814573	4.94170202702993	4.97675462399921	6.20637905349128	6.0751261457961
miR-460-5p	-0.0600205376309976	5.82060940657345	5.44848366146542	3.79507810951222	4.14448847060233	1.65136643557744	4.39725677911565	6.79658456128061	5.15587944207596	-0.0600205376309976	4.74371529780379	5.35733027483985	6.12504424061163
miR-458-3p	4.69673147167729	2.42454176505059	3.99382255291037	3.02959731135825	4.62097294080303	4.27432855346059	3.38779065290481	5.25917415064607	-0.0600205376309976	-0.0600205376309976	4.46564197611677	3.88921348849714	2.51261080513524
miR-456-3p	7.54639977529919	8.60355457873936	7.72655808519298	7.22221653957571	7.19282426818653	7.42967290800571	7.29728616882972	7.50484015750529	7.9854985941672	7.22714838718373	7.77716349437025	7.35005600675031	8.34937899987862
miR-455-5p	6.84135277165872	6.16004476867257	7.40166272572381	6.41700918644711	7.0743405507595	6.28456574077804	6.19342444575372	5.63632655159085	5.61890046510787	5.40296927762637	5.95461078809324	5.72243129213447	3.38595366468629
miR-455-3p	7.89771229936077	7.99897825814994	7.3396163151764	7.64750594880854	8.00262314693921	7.86151692190094	7.03902228013166	7.64165083615349	6.71472841900791	-0.0600205376309976	5.51029643499371	6.75797053670755	6.0751261457961
miR-454b-3p	5.69960676728016	4.68097248621405	5.84944783373805	5.8359435801459	6.19090722601205	6.15171447393774	6.915540696679	2.19302063934671	4.03367869871193	3.44410109713973	3.66690222459564	2.9319966297316	-0.0600205376309976
miR-451-5p	16.5689731354863	15.1248399486685	15.4917554577959	16.4720813739576	16.1966529447284	16.1084364684526	16.2366580905787	16.5616072950232	16.3659888326384	16.7381204143796	17.4406671373663	14.9503734508019	14.1782789524441
miR-429a-3p	3.15860813765575	7.91185348430348	5.41567660304524	5.71147366316407	5.69249749034288	4.54863969410855	6.83002213125439	4.61153503729649	5.96887085430485	-0.0600205376309976	3.37195965936409	5.37528141186466	6.75184901313905
miR-425-5p	11.7894639673788	13.3900402345661	12.0263947288874	12.3669041808381	12.0221703773314	12.0079053964817	11.6888106837825	12.2804114163004	12.4893936922843	11.8963169586828	12.2121133232412	11.5275828998931	11.2893096767305
miR-375a-3p	8.44268861782954	13.1596076605536	10.6076044246975	10.0053028416984	10.3536807837328	8.40722628731651	9.98050326455046	9.18812833076414	12.5499982071881	11.0247558280062	8.32347144877551	9.9187815089632	12.5511088290036
miR-365-2b-5p	4.50748295038393	5.17926911321939	6.43664382101591	6.01292263479206	6.09678235459314	6.10674249733689	5.58345879057499	5.76970686998636	6.35591790681841	3.98604397766617	4.46564197611677	5.72243129213447	5.0955078267548
miR-365-2b-3p	10.9638249601	9.15198430565117	11.1697755239483	11.5540339116446	11.826196717541	11.4594972419833	11.1292033386836	9.96238514810999	9.93953658781803	9.53525013199076	10.2328325539289	8.77901387790117	8.12243678677648
miR-34a-5p	3.72034113428209	3.52877786513165	2.96934780125671	-0.0600205376309976	1.70766090517995	3.27612285579815	2.87946431849447	4.20350375249303	2.26721020994468	-0.0600205376309976	3.66690222459564	-0.0600205376309976	4.48039154942191
miR-338-3p	3.6609754605303	2.83437106472412	4.47983257671483	5.34765218945791	5.8157966062733	5.46886750438225	6.61812002506172	5.06520888262276	5.61890046510787	6.73904283966981	6.2499809940928	5.18484915306926	4.87984581023481
miR-338-1b-5p	-0.0600205376309976	3.00255581304493	2.87596149946157	1.55937871106086	-0.0600205376309976	0.662384278823245	1.65689486046533	-0.0600205376309976	1.52936219269737	3.44410109713973	1.72580954232343	-0.0600205376309976	-0.0600205376309976
miR-338-1a-5p	3.39557881224191	-0.0600205376309976	4.81783217040331	2.98501127289516	2.74994067197417	4.60516612392421	5.11280145834416	4.57554931047436	3.64653589880559	5.51157575668608	3.37195965936409	0.558280004646876	-0.0600205376309976
miR-31a-5p	4.91571932093041	6.4492674988571	6.42844452845435	5.58274225463885	7.32843254692589	4.32007613515139	5.16520181926539	6.42413949885645	8.36021328297889	5.87902063413901	6.67158666944167	6.3311836292679	7.27840724513588
miR-30e-5p	9.58642154042248	8.66439792935196	7.62438175773224	8.57803973833916	8.05048730872861	8.74048170541396	8.65278506488732	9.05561972002108	8.69142316779323	8.4578904541257	10.4923863188307	9.29853322781073	8.75016094006049
miR-30e-3p	10.5895068058209	10.3095715446765	9.83454618035298	10.8455879307469	10.3058378929599	10.8748602626776	10.3059131616036	10.1422817561826	9.92816548222494	10.3026642413806	10.3095885174845	9.80335968489798	10.1187074473714
miR-30c-2-5p	11.7097737532613	11.3866304686563	10.5513740599672	10.8985711417476	11.2679865645852	11.1309296431314	11.0036536809011	12.0358613314088	11.5026295359139	10.9251857869787	11.2560023730119	11.576652441267	11.1665628872379
miR-30c-1-5p_gac-miR-30c-2-5p	5.10580568688026	5.57586266931446	3.72592630043846	4.83506541324054	5.53989206665949	4.5865689844951	4.77023152228361	4.81041804759596	5.15587944207596	4.12928704089449	6.15808330656431	5.52751831621398	2.51261080513524
miR-30c-1-5p	10.0748921115256	9.83417005787267	9.14961077819287	9.57340732530719	9.63615444334928	10.138146469028	9.65401462800076	10.6870739829174	9.81233092457193	9.20005895440942	9.26184411431674	9.80170128962943	10.090717477294
miR-30bb-5p	8.4002076593376	7.50574763656309	7.54507339578702	8.11268352411271	8.56506378507181	8.22834464270561	8.30710855983875	8.9187027009152	8.29973134952745	7.56623941920656	9.07345688422695	8.21735084070985	7.30029847986414
miR-30bb-3p	3.32083145520168	-0.0600205376309976	3.58549778475417	4.57419010755913	2.143993164204	4.32007613515139	3.97907080064002	3.40529796328133	4.59019650057497	5.08919503600918	3.37195965936409	5.14354914782205	5.59788657637432
miR-30a-5p	14.1019528768455	13.4425242136805	13.1692864770371	13.5152257021344	13.6518877871839	13.4190422770849	13.1118540168964	14.0666304667531	13.4827299536524	14.0859952461982	14.2853378990979	13.1922591390666	13.3059023827684
miR-29b-1a/2a-3p	3.53437131134314	-0.0600205376309976	-0.0600205376309976	1.13865853451213	-0.0600205376309976	3.12966567066283	3.43733326448262	4.33846349687141	4.70124740186317	3.98604397766617	4.97675462399921	4.81568532134368	5.44905491081555
miR-29a-3p	6.32430951507375	4.52393330080637	4.47983257671483	5.61235828182331	4.75026612710974	4.67724627424262	5.63213983139249	4.42189678993104	5.9237797361755	4.77739487617953	7.82277002037344	5.30209647450817	6.54737231655993
miR-27e-3p	8.3979367898649	9.31466305273924	10.1066076090561	9.48110895576693	9.74682451042429	9.48830908140371	9.92758363147521	8.9187027009152	8.99916034087977	8.74049536087728	8.21363135393467	8.07358119990751	9.43891733459623
miR-27c-1-5p	7.62228442950958	8.05745656669499	7.84525870185725	7.0889949603792	7.77463027862783	7.37924033953337	7.09604962582743	8.44478645856599	8.80145884504795	9.89740567740211	8.42553724003479	8.93692671797091	9.0951202199979
miR-27c-1-3p	11.5026644956396	11.0060390542064	10.2666527250635	10.3458175184361	10.5113538557779	10.5710239776937	10.2071698194424	10.9330925570413	10.9998487537837	11.7151252395289	12.2063894951351	11.4484494194691	11.6072906695842
miR-27b-5p	4.98996716371435	5.94972309722404	6.19221866310328	5.91531299786989	5.94297221971731	4.2973836675842	5.95486945812795	4.46187113121894	4.70124740186317	6.44246918361378	5.08052715609355	5.62075922258899	4.31819549764344
miR-27b-3p	9.72058477225326	10.450798876888	10.6687032074948	10.7247406124565	10.6258368888876	10.8099576660482	10.4959968453098	10.4317753968122	9.97588564001617	10.7616251911749	10.2043990170759	9.57388768750063	10.1819799274639
miR-27a-5p	4.83744202439529	6.04913834887353	4.05900764894608	3.41289538050567	4.55170444345386	4.20286658201847	4.40972114352641	4.20350375249303	5.37271576206669	5.70696493504818	3.66690222459564	6.29391920801768	6.98597681013825
miR-27a-3p_gac-miR-27b-3p_gac-miR-27e-3p	3.72034113428209	3.52877786513165	4.31170796559092	3.82067657723989	4.84015818266096	3.32181446687043	3.64135904975788	-0.0600205376309976	4.03367869871193	3.20627588339407	5.58277807632084	3.02590065938993	2.51261080513524
miR-27a-3p	5.5274771922013	5.79792068461376	5.10183105719732	4.63316799773027	5.44757317013616	4.87410975891185	6.02945544741807	5.11619926674148	7.04458857184867	5.87902063413901	6.56826782008566	6.88243547599288	7.64633911288072
miR-26b-3p	4.83744202439529	4.14687675575755	3.75244320549117	5.1598541341468	6.20225251262249	5.88877779892119	5.88962648830891	5.63632655159085	5.07569888346329	5.87902063413901	6.33637382758614	-0.0600205376309976	1.73677128655873
miR-26-5p	14.9851819674613	14.4334050897128	14.2184701604026	14.5486880594023	14.5638006740614	14.8505405909078	14.6998577827106	14.6811697116019	14.1729413186512	14.4072211441144	15.1079503799467	13.8987514075641	13.635492639395
miR-24-6-5p	3.53437131134314	2.42454176505059	1.77135316562399	-0.0600205376309976	3.08017804143948	3.02305578605806	2.94943316158909	3.23119324246378	2.26721020994468	2.92135440613635	2.49979821626493	6.06974661492778	5.44905491081555
miR-24-4a-5p	-0.0600205376309976	-0.0600205376309976	3.29210626962716	-0.0600205376309976	-0.0600205376309976	-0.0600205376309976	-0.0600205376309976	-0.0600205376309976	-0.0600205376309976	-0.0600205376309976	-0.0600205376309976	-0.0600205376309976	-0.0600205376309976
miR-24-3p	10.1079167322747	10.0427402154802	9.62315891854007	8.98346235908122	9.05414985212708	9.1192980795065	8.75095483889764	9.44030020364132	9.91382439384127	8.71232562346147	10.7947037499817	10.11315933599	9.63685410142398
miR-24-2-5p	8.05009939112187	8.6549600397447	7.5144136273705	6.61287072256261	6.94524843569283	7.15462992407824	6.93722773524276	7.95695676961076	7.96338750439387	8.88377965109353	8.0183890701326	7.87024308561276	8.12243678677648
miR-23b-2-5p	4.03287167766332	7.0386506049043	6.23044961465788	5.82333584247124	5.46651560636678	4.71197936052193	5.43282810468941	5.01235006317865	5.07569888346329	6.03272602290307	3.91166171012856	6.48789797474272	5.85615073011004
miR-23b-2-3p	9.73144709190014	9.68450164722042	9.89530168044583	9.8620272806187	9.90706864416259	9.88442650350955	10.2211599763113	9.52646824160815	9.30194574315765	9.01871828382611	9.53732644845396	8.63929521607595	7.61174216368696
miR-23a-3p_gac-miR-23b-2-3p	6.22532399970791	4.46754386768103	5.50415987460313	5.3119974918395	4.32138527953697	4.85869245714816	4.93451065490027	4.20350375249303	4.46987927085328	5.79555618467819	6.15808330656431	4.86733654030321	4.99170286556521
miR-23a-3p	14.2956504035295	14.4525410842224	13.4911614608611	13.2775950746605	13.9019708782197	13.5612893575237	13.5255183033812	14.0426331537373	14.5806781140448	14.2810469071114	14.654194753251	14.1779932315802	13.8060930717552
miR-23a-3-5p	4.43845000927375	6.29578785510183	5.61668835246345	4.23660104300991	5.3692137986102	3.96441926897541	4.98536090288006	4.29486479048412	5.61890046510787	3.20627588339407	3.37195965936409	4.86733654030321	5.44905491081555
miR-23a-2-5p	6.17316213262093	7.37389477419625	5.97860372603886	4.80972322935928	5.10482252097609	5.23811976257595	5.29180665716518	5.84721240487638	6.91233614150225	6.23635567115239	5.89891956975835	6.67344189244412	6.35160721599699
miR-23a-1-5p	5.51076081767904	5.57586266931446	6.48092543538496	5.64137855267562	5.85944603571765	5.79469515124266	5.42670840216396	3.48505674082542	2.75301505327347	5.87902063413901	-0.0600205376309976	4.52541265268602	3.38595366468629
miR-22b-5p	8.63621327392489	9.32263279789866	9.88821941423847	11.1668589014979	10.8529111790655	10.4350296588518	10.2698320173222	9.26498640645633	9.06293678962571	10.5083390211037	9.22834459622201	8.44475706051095	8.59939808361936
miR-22b-3p	5.75743490514179	3.2895273997702	5.18205260324594	6.43783606551573	6.38260782231869	5.94095317459008	6.04551918932854	4.68092069410025	3.64653589880559	-0.0600205376309976	5.58277807632084	4.84174206993063	4.75858162265801
miR-22a-5p	7.44005392857766	8.26607861597885	9.07409689076063	9.31374390228409	9.50830818563416	10.1552055345239	9.44472733151345	9.65164635335684	8.67110296485628	8.64238566121264	7.85239261368886	8.33438336106607	8.25164523575025
miR-22a-3p	14.4328184198687	14.2097478915469	15.4332779585286	14.9215240154704	15.416319478165	15.1052699211105	14.7394718026614	15.6028749604024	14.3610914856019	16.5069166555518	14.2525593090194	15.1678731613277	15.6233859617723
miR-223-3p	13.9559526850407	13.7343335698857	12.3330322751138	12.1741801755812	12.5980579126895	12.7811623989697	12.4992473225493	13.4360816317779	14.18329132993	13.5497105549635	14.0166048418943	13.3523417785311	12.922350676078
miR-222c-5p	3.88505283294277	-0.0600205376309976	3.46240017259393	4.6475432981711	1.07914207742009	4.38608744084651	4.16701131835827	3.23119324246378	2.26721020994468	-0.0600205376309976	1.72580954232343	3.19714906444245	1.73677128655873
miR-222a-5p	5.79933392360776	-0.0600205376309976	3.25549524908348	4.03266454993648	3.08017804143948	4.9776502787458	3.53158929403838	1.75196181255634	2.75301505327347	6.10384429149987	4.30352513298519	6.12383957587985	6.65323025954317
miR-222-3p	10.8329388044868	10.2428911183459	9.99409576555723	9.3586695318088	10.1838084960179	10.0728379602158	10.1864929035547	10.7403581471392	10.5895548280902	8.19020643404931	10.0909325149218	10.1514246461343	9.68340977882519
miR-221a-5p	-0.0600205376309976	4.72973700547895	3.42991162891295	3.541620119886	3.99594804621311	2.13362979060868	4.35920423425447	3.88854801190701	3.64653589880559	-0.0600205376309976	3.00080577700142	-0.0600205376309976	-0.0600205376309976
miR-221-3p	10.1023486382369	9.18295944122102	9.43543887232209	9.09124444983991	9.39422644702369	9.53634019382882	9.08407529574403	10.012032113912	9.61370815006775	8.33024796849585	9.22268492983859	9.0585657442425	8.90819236849159
miR-21a-3p	1.35238337076375	-0.0600205376309976	2.42689042808027	-0.0600205376309976	2.143993164204	0.662384278823245	-0.0600205376309976	3.03315638472383	4.99079853829505	4.25958349145204	4.30352513298519	4.61878543315033	4.99170286556521
miR-218b-5p	2.38132355081725	2.64396037498944	1.28211010397214	-0.0600205376309976	-0.0600205376309976	0.921755411529489	0.757555780559733	-0.0600205376309976	-0.0600205376309976	-0.0600205376309976	1.72580954232343	2.60688564979691	-0.0600205376309976
miR-218a-2-5p_gac-miR-218b-5p	-0.0600205376309976	-0.0600205376309976	3.25549524908348	2.79146108941815	1.70766090517995	0.662384278823245	1.47906710681262	1.4677670501886	-0.0600205376309976	-0.0600205376309976	3.00080577700142	3.42105246203832	2.51261080513524
miR-218a-2-5p	6.70839152751511	7.73204723161564	7.9817948570312	7.42358100068822	8.34730077418002	8.49085979292686	8.06954074975531	5.76970686998636	6.9799772804809	6.03272602290307	5.26805074632833	4.67783712477156	6.6868578018507
miR-2188-5p	14.9259807846952	13.8120211620726	13.6156568463962	14.2182298684888	13.7393633175123	13.6731731385666	14.0390335689789	13.5942207849428	13.9218253683369	13.1339816783499	15.221910879497	11.7431559012293	10.7812138056884
miR-2188-3p	12.0075246732022	11.981680939733	12.2504122868828	12.5441119226933	11.9116137166374	12.1568578780395	11.9209498861576	12.8683635347089	13.1229330310575	13.1112387628888	14.0190558320545	12.5459177501119	10.8365690913867
miR-217a-5p	4.20900027494447	2.83437106472412	3.52526148992073	4.63316799773027	3.99594804621311	4.56772898359585	4.98536090288006	5.21307245917532	4.03367869871193	-0.0600205376309976	4.74371529780379	4.64861339226144	-0.0600205376309976
miR-216b-5p	-0.0600205376309976	-0.0600205376309976	2.49128372991948	1.67616414288476	1.07914207742009	4.2973836675842	3.04840799803743	3.63245242591115	-0.0600205376309976	-0.0600205376309976	1.72580954232343	-0.0600205376309976	-0.0600205376309976
miR-214a-3p	12.8460735569609	13.2825513740504	13.2591827712881	13.5276044905792	13.5384867242115	13.7202844045777	13.6687812885762	12.0619023813375	12.2060524366169	12.3624631393517	12.1478664096252	10.8300981171066	11.3794739732031
miR-212b-5p	3.46664346132412	-0.0600205376309976	1.77135316562399	1.43230022644689	-0.0600205376309976	-0.0600205376309976	1.27619732066056	1.75196181255634	3.40543531497669	-0.0600205376309976	-0.0600205376309976	-0.0600205376309976	4.62618153148985
miR-212a-5p	-0.0600205376309976	3.00255581304493	-0.0600205376309976	-0.0600205376309976	-0.0600205376309976	3.60659291018116	0.191681183908306	0.642912716752333	4.33860736090189	-0.0600205376309976	-0.0600205376309976	-0.0600205376309976	3.38595366468629
miR-210-5p	8.80339439774879	8.64863363719026	8.71319801016664	8.73183726226597	8.82931951919532	9.06910737752424	8.39593044144602	10.9803037631803	10.4354444850325	10.0356869515887	10.9939120294366	9.56609389280917	9.45851919613046
miR-210-3p	6.60193033475811	3.2895273997702	4.44773860987614	4.09692809774257	3.57504294830427	5.31920618320409	4.16701131835827	7.18481567276884	6.60475077336708	6.35771319681105	8.05706661079428	6.17597743905096	6.61880015435317
miR-21-5p	14.7870354299131	14.1582800660402	14.1924158145199	14.0353166503524	14.2910145318104	14.3795819416325	14.3181596825824	14.2649697285557	14.9906997775214	15.4681582684588	14.6395351167406	14.4529440687163	15.4914913449341
miR-20b-5p	-0.0600205376309976	0.880581530324498	2.49128372991948	0.542263084141333	-0.0600205376309976	-0.0600205376309976	1.88826630705967	-0.0600205376309976	-0.0600205376309976	-0.0600205376309976	-0.0600205376309976	-0.0600205376309976	-0.0600205376309976
miR-20a-5p	7.14740984146631	4.99206997968669	4.21967771792643	3.9881746780149	4.27915270676817	5.70270723766628	5.98016233069956	4.53864296476941	4.99079853829505	-0.0600205376309976	5.1773336322353	5.97874413685177	-0.0600205376309976
miR-206-1-3p	14.1448615574017	13.4216896094236	14.836712133535	15.3946583087849	15.4374752215829	15.3684827723533	15.0173777912739	12.6500049002633	12.7075315997984	15.5274128839733	13.0066372723327	13.1968404138084	10.3540637253314
miR-205-1-5p	9.3018491204622	13.8613255692378	12.6370478955115	10.7293938845988	11.6097753315488	9.69721427200312	11.8016594395892	9.87348424697013	12.2265041251108	7.66360784377804	9.27283996389446	10.1507734250006	10.2312428223652
miR-204-2b-3p	4.57336295975732	6.02979580729944	5.90368903231325	3.82067657723989	5.22092614549842	5.61366618292084	5.65325954390609	3.23119324246378	4.19418431068836	-0.0600205376309976	3.91166171012856	1.81785295563763	-0.0600205376309976
miR-204-1/2b-5p	12.8886467148494	12.6012394219719	13.4217050520731	12.0117781604353	13.5157196510092	12.5644882166042	13.6176945100359	10.085039777945	11.2702199227501	9.69636467995356	10.0467721878862	9.28909509325867	10.4864671715291
miR-200b-5p	-0.0600205376309976	5.62824649496586	0.268673221908771	-0.0600205376309976	3.50347723154207	0.921755411529489	3.82007405868606	3.70086263692697	3.64653589880559	-0.0600205376309976	-0.0600205376309976	4.16163795571546	4.87984581023481
miR-200b-3p	7.53817470526438	12.9733064882371	10.5861119023349	10.3884335567916	10.6545127692389	9.421018278566	11.7933596529637	8.80868973390593	10.6855375523649	7.97945026379737	6.41788420308554	9.83856171528256	10.9308011640281
miR-200a-3p	5.5274771922013	9.70446288525806	8.00816752803899	7.38977586857929	7.57090293562909	6.36860477812484	8.57329790343076	7.36953198478522	9.37495531743618	6.76121132430553	6.2499809940928	8.51323563727642	10.8934835989938
miR-19b-3p	6.15175760552694	5.4062302095834	5.09148229880112	5.80421521140466	4.04717975242508	5.88116771726852	6.3176792760346	4.61153503729649	4.03367869871193	-0.0600205376309976	6.49503458567812	4.39070034121863	-0.0600205376309976
miR-199-5p	10.729730286622	10.6975172096622	10.9665939433937	11.0178304198697	11.3939205186718	11.4342047436574	11.1088035806161	10.8470341595327	10.2538003305184	10.5534984955257	10.8489813882926	9.21128122239725	10.1401080876294
miR-199-3p	11.9996837224058	12.6711793216364	13.5241487507087	13.2223220318865	13.7216715788433	13.544186203551	13.4345492376931	12.8448180691438	12.4947030517771	11.7653454559305	11.8291838594133	11.6257489551793	11.7171503933673
miR-196d-5p	5.93081153205586	5.57586266931446	6.24919176678447	7.17833706297455	7.06193889734698	7.46573718696784	6.93937861600993	3.40529796328133	4.70124740186317	4.68764571160918	3.91166171012856	4.64861339226144	1.73677128655873
miR-196d-3p	5.68478015234435	4.52393330080637	6.34813512747658	6.078051922124	6.09678235459314	6.79842813452932	6.0810216967864	4.15555786174887	5.9237797361755	5.08919503600918	4.30352513298519	-0.0600205376309976	3.01438249065568
miR-196a-5p	6.86784865222922	7.33502415057559	9.15459008326211	8.72592235347029	9.29439600501685	9.30280917627791	9.22033019643529	5.56470771401341	5.96887085430485	6.41476677753061	4.97675462399921	5.91880746739302	5.52538911931982
miR-194a-5p	4.69673147167729	-0.0600205376309976	2.72346601270486	3.11483708072434	3.08017804143948	0.662384278823245	1.88826630705967	9.3841964714454	4.80435778159609	4.68764571160918	5.1773336322353	5.80421627258796	5.85615073011004
miR-194a-3p	-0.0600205376309976	-0.0600205376309976	-0.0600205376309976	-0.0600205376309976	-0.0600205376309976	-0.0600205376309976	-0.0600205376309976	4.64664495882136	-0.0600205376309976	-0.0600205376309976	-0.0600205376309976	-0.0600205376309976	-0.0600205376309976
miR-193a-2-5p	8.20879555001423	8.27020546546202	9.26173125331107	8.60683217991286	8.97863779651704	8.80826117142838	8.28951190722903	7.65894991660566	7.43038358743614	8.66607771931752	7.74593797184052	7.4165782149438	7.46440821751472
miR-191-5p	12.9286236029586	14.6434963807225	13.3130285855438	13.4466538906899	13.2645247455128	13.2515688662385	12.9744942520442	13.8679223580577	14.4264478550219	14.1945994493584	13.6291985147434	13.0393404078215	13.4133874028779
miR-18c-5p	4.63636550842203	4.57820134372689	3.77848151020113	3.37883594418002	4.71901281780634	4.5865689844951	5.07417201122367	3.9460499232122	3.85305459434359	5.91900927625053	2.49979821626493	3.27570843603694	5.85615073011004
miR-18a/b-5p	6.10797162323682	3.00255581304493	-0.0600205376309976	1.29293738561028	-0.0600205376309976	3.22893668186706	3.89291034420835	3.9460499232122	1.52936219269737	4.37908085391401	4.74371529780379	3.48857846783248	4.75858162265801
miR-18a-3p	5.65466182025673	5.88661014547606	3.21793091242677	5.00099327301582	5.50367028338459	4.74589586369751	4.75076773855961	6.03116692730429	5.37271576206669	-0.0600205376309976	5.1773336322353	4.52541265268602	-0.0600205376309976
miR-184-3p	5.49384847923118	10.2035111292455	9.54615161825354	8.27888209710205	9.12143030651049	7.43747722317032	9.96712483391349	7.75860227716385	9.13888625363655	7.74372734131794	5.58277807632084	9.48781289053342	10.7195936226905
miR-183-5p	8.43163012899315	7.54715017846811	7.55828484036083	5.91531299786989	7.33360048023417	6.03311186288575	6.52666497534053	6.88009152737897	8.18020245467501	9.33919188108434	6.49503458567812	6.93784321016926	8.63428875728036
miR-182b-5p	5.14965646525508	4.21696594956366	0.536200508073934	3.15563985293967	2.74994067197417	1.78786415224264	2.20668004808063	-0.0600205376309976	4.19418431068836	5.79555618467819	4.30352513298519	2.9319966297316	-0.0600205376309976
miR-182a-5p_gac-miR-182b-5p	2.38132355081725	-0.0600205376309976	3.42991162891295	2.73872538102033	3.57504294830427	-0.0600205376309976	3.41277461189655	1.75196181255634	1.52936219269737	-0.0600205376309976	2.49979821626493	3.67404027895356	3.01438249065568
miR-182a-5p	4.91571932093041	5.17926911321939	5.51968053878163	4.7036535494532	5.10482252097609	3.18015485547738	4.51730433372929	3.8286587478329	5.07569888346329	7.40663354959718	4.86493522560819	4.84174206993063	6.71971934592236
miR-181b-2/3-5p_gac-miR-181c-5p	9.16432194457684	9.31066160918087	9.8126625179889	8.45061945371325	9.38180715026012	9.35524920043813	8.78782896686333	8.9453840393029	8.57229684707416	8.41658515577286	8.03139713734154	7.91694953127975	8.75016094006049
miR-181b-1-5p	8.52615348421486	9.07622737991391	9.00202823780352	7.59840274201465	8.69723207352938	8.25655864141132	7.89213943456758	7.72614367281106	7.27748055959439	7.21113250153743	6.91561617853671	6.73034097698628	7.80787550020601
miR-181a-5p	12.7607227286685	12.6623747233129	12.6552773005839	11.7142304727544	12.6783213833378	12.0734399778764	11.4981646436565	12.0762584935129	11.4686935598246	11.9671658872264	11.9641958693694	11.3977558634576	12.1913733088966
miR-181a-3-3p	8.23955751582504	8.10444061440655	8.20220315335	7.65286010959148	7.98302381379277	7.51819758747771	7.26334867155034	7.70131130947536	8.20867805248586	9.63466145785567	7.24086053178815	8.51120758232497	9.3681342585488
miR-181a-2-3p_gac-miR-181a-3-3p	4.07896033402224	0.880581530324498	3.5556939923802	2.68398861510995	3.83033972653032	2.02732348568495	3.64135904975788	5.30384815508248	3.64653589880559	4.94170202702993	-0.0600205376309976	5.07929399895437	3.92609947238284
miR-181a-2-3p	9.20645490729836	9.03801361007301	8.8437888266234	8.87463131842115	9.14366794866996	8.58638318099795	8.36745911759088	10.0485875900816	9.16333948726666	10.5771218808103	8.33400915669637	9.76131692990155	10.1032245528996
miR-181a-1-3p	7.17419610703878	6.77384958204469	6.82807703958511	5.95630804412938	6.89019364673146	6.06704685658682	5.45103298368127	6.68279506011413	7.46226845564268	9.17962846504125	7.04952191242703	6.8949335117448	8.74218600474275
miR-17a-5p	7.12011681625278	4.68097248621405	4.03760487236122	5.18963010400508	5.34894040407976	5.30789772204103	5.56685977102551	2.67339878273404	4.33860736090189	-0.0600205376309976	6.15808330656431	4.16163795571546	-0.0600205376309976
miR-16c-5p	14.5419309928411	15.0732586147752	14.2393646079351	14.2519908982667	14.2628468574109	14.6436249488588	14.2051224733507	13.9083212266826	14.238422621318	13.8091059019185	14.2663793115106	14.3140328804699	13.4274430724852
miR-16a-5p_gac-miR-16c-5p	10.354439018426	10.054751855554	10.1521311640051	10.3502186155096	10.1980457583222	10.3981795373893	10.3119436815043	10.1268235500248	10.1425864013236	9.64363942773414	11.2223653372354	10.2962566645101	9.31536051577558
miR-16a-5p	10.9221606201853	10.6123073248138	10.3579840753639	10.5408415393957	10.5557019674766	10.8565433764596	11.2896463624034	9.75681731953744	10.0247494314365	10.1701739643599	11.2166821192949	10.1778747334837	9.50638939009399
miR-15c-5p	15.7762463821929	16.0274974044276	15.0334086946166	15.2486348387221	14.9114073810339	15.348561816771	14.9622771145913	15.1678235355624	15.1771129254676	14.7645689572993	15.4306954931885	14.4730431334843	13.5447027847454
miR-15c-3p	4.75467269012921	2.64396037498944	4.52667330968631	2.62709292127429	2.86861943036572	0.921755411529489	2.51429348695574	3.32087038466557	1.52936219269737	3.64821338733278	3.66690222459564	2.01393507851739	-0.0600205376309976
miR-15b-1-5p	10.1691202877473	7.33502415057559	7.35267427710489	7.85839383174621	7.03681111414341	7.24930141653323	8.67102050851745	7.03386905618878	5.9237797361755	6.49632750668316	8.44511165371202	5.55927291712121	5.0955078267548
miR-15a-2-5p	12.1458944444469	11.9747435095033	11.184912984583	11.4810361659124	11.2017022343956	11.7891314792848	11.4599079778458	11.8074419246712	12.0096611573526	11.9038096141756	13.1450982530996	11.7489763841336	11.5896212450074
miR-155-5p	7.92950464567776	7.10484620041167	6.29049203915659	5.48206274389378	6.54290120624666	5.00591791198857	5.63744881513648	6.89476863885337	7.39777807791701	7.96996380335913	7.46833669284038	6.75111259544501	8.60820017749712
miR-152a-5p	6.93829884201864	5.94972309722404	6.98725902682901	7.09425202521729	7.16989321344581	7.01209185288753	6.8979532400649	7.86305290122413	5.30399551248367	7.50186864484494	6.2499809940928	6.5913504873191	7.57629512520126
miR-152a-3p	7.44005392857766	6.26303058693265	7.44294979640744	7.48890386515587	7.2376210785312	7.36839453228719	7.73880895158719	6.78086816035161	6.6607873015887	6.84662819010157	7.59640274278287	7.41223756813849	7.71313929134214
miR-150-5p	9.66312163320042	13.5942520033276	9.05091693122177	7.65286010959148	8.11493649755011	8.43347985315843	8.57052515041711	10.2973879491855	12.2839466084657	9.65847965948462	10.4638834175662	10.1810674294867	12.3012975639701
miR-148a-3p	7.43119772081567	6.75040733396434	7.72822901592017	7.74096619843353	7.40897696052566	7.49594772659394	7.70633825281864	7.46605476329139	6.76672520338962	6.96596014501754	7.88141918912347	6.4116676652905	7.61174216368696
miR-146a-5p	11.2339549678489	10.8507388777951	11.0008667193415	10.4891481100863	10.8980867883671	10.2714689662962	10.8168195580942	11.463628762603	11.5159835229382	10.5957459714933	10.70418701428	12.8404728777953	11.8695191858417
miR-146a-3p	5.49384847923118	5.77486943676316	5.72776876676292	5.24739948542964	5.67631692660819	4.50968623405476	5.57794697697252	6.60460123730497	6.63304108865955	7.16198959681259	5.35339944382881	5.90651542568702	7.13958873660753
miR-145-5p	7.85861294488738	7.55393654175758	8.04885122757538	9.18415417845764	8.2952745538352	8.90805917724611	9.0635156915934	10.3482617701556	9.15848188614864	7.17855725937754	9.47679958874215	9.56804629228507	6.47222303797319
miR-145-3p	6.18374647417953	6.19519657676613	7.90409645356332	7.99394948364938	7.73221351936298	8.11774241185664	7.75721489444421	9.99935526096288	7.84744388895241	8.05317664744931	7.30653999158576	9.90030361343217	8.69338784181572
miR-144-5p	11.5795708210631	9.69988089828902	10.6599753219343	10.6878336758114	10.2247154841232	10.4081427633418	10.6116111033927	9.57511891779074	10.2004468098144	11.238354464557	11.4133417881377	10.3044776098721	8.57266492348601
miR-144-3p	8.73846872192058	5.46501859045445	6.02827906455553	7.87376043044358	6.00906353501742	6.3074591242741	8.27255126302156	7.47584930277994	7.00183747324809	6.82574339424362	10.4001246886937	7.67753874891419	5.96978902712737
miR-143-5p	-0.0600205376309976	2.42454176505059	-0.0600205376309976	2.22859864493049	-0.0600205376309976	2.13362979060868	2.26272214597583	3.13557018159753	-0.0600205376309976	4.25958349145204	-0.0600205376309976	2.34066132128064	-0.0600205376309976
miR-143-3p	11.0785105504102	10.6324842162193	11.3478427105795	11.4098242217915	11.1128181175842	11.2472384384054	11.6901684208268	13.8841604450068	11.7060749531328	12.4940394346816	12.2326738865077	15.2923142666545	13.1586408075952
miR-142-5p	8.00306410698195	6.65263277561505	6.29500881881587	6.28530911112614	6.17947201295157	5.83464445796386	6.72671330766192	7.06664515920943	7.81076251340782	9.38273948911481	9.55994617694313	8.8751890710066	10.1731091298708
miR-142-3p	8.09844919691201	5.77486943676316	3.82918931386401	4.94389918169426	3.17535730818727	4.84310861771744	5.35762055015911	3.40529796328133	5.30399551248367	2.92135440613635	7.7925264184381	6.32195737205409	4.62618153148985
miR-140-5p	3.7773602038218	1.44518855679712	4.23855941705695	5.59762626260626	4.68706744362289	4.12767951858628	4.92585859246846	2.19302063934671	-0.0600205376309976	-0.0600205376309976	5.35339944382881	3.98585133193553	3.01438249065568
miR-140-3p	10.8869692921775	9.7744100860185	9.73459236864468	11.7529717421542	10.5628708911979	10.1168387970269	10.0994862095259	9.82162022229214	9.5259120354215	10.6620482738028	10.4421304989187	9.15133930656985	9.2605827728218
miR-139-5p	7.41781063248914	8.34645273993972	7.123008694414	7.61495686987429	7.18140430031779	8.66825520115224	7.75965137305249	9.6210794713526	8.55021409087878	7.12827232903449	7.76163521165062	7.30394027755915	7.72936699971127
miR-1388-3p	8.73487458559711	7.80212656373145	7.15068554597683	6.42119868442251	6.81828240286235	5.42766757959738	5.98016233069956	6.83514244909632	7.95220356728622	9.01871828382611	8.78172438188831	7.33178622217525	10.0066665515773
miR-135a-1-5p	-0.0600205376309976	0.880581530324498	-0.0600205376309976	2.5678609767219	1.07914207742009	3.12966567066283	0.191681183908306	-0.0600205376309976	2.75301505327347	-0.0600205376309976	-0.0600205376309976	-0.0600205376309976	-0.0600205376309976
miR-133b-3p	6.95074639339315	3.00255581304493	6.2630903068335	7.67056514999965	7.88786579401003	6.50854190878383	6.36964508090345	5.73749994313336	3.11579509884447	5.22299797473901	6.63796252975045	3.48857846783248	4.48039154942191
miR-133a-5p	5.98022149725473	4.0732078288331	5.873807136472	6.56444860874393	6.4219574312143	7.48594767335346	6.71420603985393	4.38078319397262	4.90058780452525	4.77739487617953	6.10984180413486	0.989702012773062	-0.0600205376309976
miR-133a-3p_gac-miR-133b-3p	7.19003234983622	3.82652334124392	5.03859481957697	7.1432613136176	7.01767383015246	5.84250326711976	6.407426793624	4.95748065316266	5.77937878157239	1.3858894781988	7.90987325860026	3.98585133193553	-0.0600205376309976
miR-133a-3p	13.7129505165159	12.4155416975925	14.2664618767034	14.8749274004134	15.0485434790038	14.4684613339219	13.6174636511134	12.8498875698351	11.9899722864603	11.8394975278982	13.944511753188	11.6842970335477	7.27840724513588
miR-130c-3p	-0.0600205376309976	-0.0600205376309976	-0.0600205376309976	0.542263084141333	-0.0600205376309976	1.65136643557744	3.01616499216417	-0.0600205376309976	-0.0600205376309976	-0.0600205376309976	1.72580954232343	1.32137223352146	3.38595366468629
miR-130c-2-5p	4.40265396749849	3.00255581304493	4.75364941208833	4.66177677228199	5.15239095571782	4.64165631220752	4.26630585645356	2.92291311883133	4.19418431068836	-0.0600205376309976	2.49979821626493	3.11406427730016	4.48039154942191
miR-130b-5p	9.99225456252901	10.4715562975349	10.3936941392297	10.5285156128169	10.974926150433	10.5244579084454	10.5199087257169	11.0646619153625	10.3739127822772	10.5864639787907	9.20557148205485	9.61884496063507	10.6970799688669
miR-130b-3p	1.85441846049764	2.16566042377853	2.96934780125671	1.97866357705239	1.07914207742009	3.18015485547738	4.45852885034292	-0.0600205376309976	3.40543531497669	-0.0600205376309976	2.49979821626493	-0.0600205376309976	-0.0600205376309976
miR-1306-5p	6.66372369254738	7.86895888743512	6.49669670937135	6.99375276297844	6.6210619202879	6.93332984556275	7.09604962582743	6.90205157817839	6.74096105329325	6.96596014501754	7.44907696837758	5.37528141186466	-0.0600205376309976
miR-129-1b/2-3p	-0.0600205376309976	2.64396037498944	-0.0600205376309976	-0.0600205376309976	-0.0600205376309976	2.13362979060868	1.27619732066056	1.98928098358892	1.52936219269737	-0.0600205376309976	-0.0600205376309976	1.81785295563763	-0.0600205376309976
miR-129-1a/2-5p	4.63636550842203	3.2895273997702	2.72346601270486	4.87226307711383	3.64322575682956	4.82735460341569	4.7894362066097	-0.0600205376309976	5.07569888346329	4.48943300270501	2.49979821626493	3.27570843603694	4.48039154942191
miR-128-2-3p	13.1129757433503	13.5342824128777	13.0063976222571	13.1160930496373	12.6610811128792	12.9944623327735	12.6891204283595	12.9021255090735	13.2361907434339	14.1585159528473	12.9109019378533	12.9637736221312	12.8247170676183
miR-126b-5p	7.79099620113345	7.43398829412819	8.48811837019071	8.38349843241301	8.86366400128878	9.14096807914969	9.74812137248603	9.23068910318783	8.69142316779323	7.83015508449146	8.57516509726669	9.26402215593688	10.0066665515773
miR-126b-3p	12.3038765330097	11.8399901815323	12.5663553089595	11.9400506395681	12.7976539301834	12.8029117491829	12.9339442650622	13.1884175821827	12.721596704351	12.9750178224784	12.3014060044844	14.1622473693498	13.9829504901364
miR-125b-2/3-5p	13.9471462379104	13.799494131891	13.9028898967051	14.4992165270044	14.4408963221144	14.6581000824155	14.6648946566389	14.63527063524	14.4544610225157	14.99366267986	14.2225675169133	13.3676950858078	13.6279384032687
miR-125b-2-3p	5.57649466958532	7.05787557684964	6.53538670631772	6.48662709393824	6.38260782231869	6.29032323444449	6.32427829159562	6.47386069386595	6.9799772804809	8.06213306849274	5.26805074632833	7.39913671486123	7.01274167007201
miR-125a-5p	13.6706614687864	14.0236689536526	13.6592267130846	13.9509677597626	13.8690374350227	13.4933423999014	13.5859964910467	14.3249599537093	14.0717756474596	15.1148924074333	13.3954601576603	13.8467756621927	14.0963860801037
miR-125a-1-3p_gac-miR-125a-2-3p	1.35238337076375	5.72763168667261	4.68647780068275	4.48094035705012	4.95191413683735	4.48980785926821	3.66234520552837	2.92291311883133	-0.0600205376309976	-0.0600205376309976	3.00080577700142	4.16163795571546	-0.0600205376309976
miR-122-5p	6.41693735889349	9.60993846208597	8.54231381006422	7.01608335137494	6.81089013574168	7.87690422989964	7.47682293509595	16.6104963576275	12.2850613053091	13.807775244769	12.0312943216146	12.1700858188948	13.6327992364597
miR-122-3p	-0.0600205376309976	-0.0600205376309976	-0.0600205376309976	-0.0600205376309976	-0.0600205376309976	2.41233985206456	-0.0600205376309976	9.30536974517438	4.99079853829505	-0.0600205376309976	4.12085741765874	4.20243057242876	4.99170286556521
miR-10c-5p	9.30427625536831	9.12261374022814	9.35228184775158	9.73189623552938	9.87906553720181	9.70531756969653	9.64382872131584	10.6179908199562	9.89350431579481	11.1339125998172	9.13501242052484	11.0461505389285	11.8520251087161
miR-10b-5p	12.9529009653379	11.7673969603009	13.4711879689982	13.4593142787894	13.7855858842226	13.2467188575211	13.3943967922644	12.1751959161756	12.1224646934781	13.2257701188752	12.0489922914194	12.7816417355742	13.3139953003017
miR-10545-5p	2.76643203269826	1.84993959510227	-0.0600205376309976	-0.0600205376309976	4.55170444345386	0.662384278823245	2.31666842424887	-0.0600205376309976	1.52936219269737	-0.0600205376309976	-0.0600205376309976	-0.0600205376309976	-0.0600205376309976
miR-103-3p	9.46585026652641	9.62612890104558	8.53087066244503	8.77093572627264	8.6729730821458	9.249130140461	9.03211626447698	9.53469147386935	9.42839492526319	9.11223596492827	9.59102956477781	9.13299197905335	8.87939569731096
miR-101b-5p	8.79133317647972	8.2070278305027	7.53746932202719	8.23076277153218	7.72436558265029	8.2102367254954	8.15531332026712	8.48898465192544	8.34318990505134	7.40663354959718	8.52085686338935	7.05384581827295	5.79578853933687
miR-101b-3p	4.43845000927375	3.52877786513165	3.90205819576789	4.52831851023914	2.47854885650789	4.46965175635185	4.43433138832213	3.23119324246378	3.11579509884447	3.82699474021203	5.08052715609355	3.48857846783248	4.1354271841304
miR-101a-3p	11.2092369683	10.3752228089411	11.0833105611632	11.6672727764962	10.7738500802668	11.5316035803306	11.9767292876166	10.5747812475064	11.0254196324815	12.2842486283135	12.2277377540792	11.4130432205015	12.0147887841053
miR-100-2-5p	14.5762281997338	14.2187174536088	15.2646377845619	15.3421914622539	15.3324089492863	15.0905868317283	14.717570150012	15.2236819155707	14.3647864768383	16.3828609385702	14.0616838722238	14.5594869077042	14.6558788609938
miR-1-3p	14.0724433025626	13.1212841485344	15.2866428413319	15.2843524382361	15.7495340006344	15.1071059939716	15.1216190510911	12.715799941591	11.9299530336559	16.1503454277751	13.5221065833675	14.1748337552915	11.4776032792596
let-7j-5p	9.62479583063557	10.2142608117147	9.86827786089979	9.57010958458934	9.95898924857875	9.85462044837586	9.79311727068262	9.9100658618335	10.246952056882	10.7533542567665	10.4299022995067	10.7048212079968	10.6825679836078
let-7j-3p	2.38132355081725	4.72973700547895	1.87152389797374	-0.0600205376309976	2.62061696797451	0.921755411529489	1.38119518833054	2.67339878273404	3.40543531497669	-0.0600205376309976	4.97675462399921	3.93834141065516	1.73677128655873
let-7i-5p	8.74563024374627	8.94039347718164	9.55888382561528	8.83514241894195	9.17711352842039	9.42691063990304	8.87074709274733	10.3409116092397	9.06293678962571	10.537531897348	8.39566845626133	9.66700505114575	9.79169153337009
let-7h-1-5p	11.2339549678489	11.6126779909288	12.0063936693556	11.9088766794929	12.0803944375654	11.8069387369265	11.7055727745603	11.350395370116	11.5395267542506	13.282434316432	11.0316249014211	11.9111867275771	12.7786758868212
let-7h-1-3p	8.16406174549159	9.15421900624728	8.13954264350451	8.34432370228038	8.84568991480836	8.4151526423285	8.11782026300496	9.16106552741017	8.12150754855042	6.82574339424362	7.92389257510395	7.10852704786439	7.91107003354663
let-7g-5p	14.1693250526693	14.1835940737746	14.3441977661316	14.1555872077384	14.1104376545609	14.077081440395	13.8526258403615	13.9058327084822	13.5316841033842	15.7547369997869	13.8855142690802	13.9202613203016	14.7428780774915
let-7f-5p	11.1568151797165	10.6959841300523	11.1415257679614	10.8487018610276	10.8906550740083	10.9023767987228	10.9124380307218	10.4915345255733	10.6496391622256	12.4370848813193	10.1928668163796	11.6693698225916	12.7250601506207
let-7e-5p	15.0913020955083	14.9336799129382	14.8534479165354	14.6881745671111	14.72171274896	14.7839511681869	14.6019829814646	14.417596742482	14.4407725180599	17.3961951918866	14.3803823968761	15.9142472176195	16.6329734870322
let-7d-5p	12.6688264388236	13.4539073013937	14.1869011943712	13.7776993313703	13.9071798228575	13.963602265246	13.8247909071804	12.9368893251173	12.8878349483632	14.5518403214362	12.0923100607235	13.746305823274	13.9911753180158
let-7c-2/d-3p	4.03287167766332	3.00255581304493	4.71372287982589	4.49690657814884	4.40231323989257	4.50968623405476	5.14297715671911	5.93503666875269	3.85305459434359	3.20627588339407	4.12085741765874	5.30209647450817	5.0955078267548
let-7c-2-5p	12.0547775034525	12.7007192963272	13.0921484139959	12.8615928067399	13.2742162562533	13.1972045749415	13.0171211712566	11.8859853722361	12.2699397380103	14.2159495548824	11.9220366884076	12.8537383295809	13.573640470747
let-7b-5p	13.0962656149444	14.409049441537	14.9452394770108	14.7042726751127	14.75510660216	14.4861277529217	14.4010176387569	15.1064923539283	14.4431461946617	16.2843174300668	13.3520522823125	15.0039773820444	16.0633513697424
let-7b-1-3p	9.4863020736503	10.542368502658	9.68770097520418	10.6023237027439	10.4232018713188	9.7986600378447	9.72055950160342	10.9174550937172	9.22504355242276	8.90384667456074	9.22834459622201	8.64115108551746	8.69338784181572
let-7a-5p_gac-let-7c-2-5p	8.77392604118341	8.30682532192185	9.29537122721007	9.39533383343218	9.3502829652526	8.83411167286102	8.55728130583334	9.55099864522659	10.0140329388679	11.5836833001425	10.1783207120699	10.3629995750203	10.9568776878799
let-7a-5p	17.1250496443154	17.3463165346297	17.4845080040019	17.2060222842068	17.2113094389469	17.1977217506402	16.9525082869166	16.6014549639483	16.6942338651737	18.5209496856037	16.1757721921468	17.3693840152348	17.9563213771784
let-7a-5-3p	8.84399800067144	8.27432054369794	5.93296453651706	6.92755721734177	6.94524843569283	7.28145505043119	7.27361400779361	7.5285619847672	8.17058430521872	6.69365700729618	7.93777696965042	6.51243851887541	4.87984581023481
let-7a-4-3p	-0.0600205376309976	-0.0600205376309976	-0.0600205376309976	2.50609267306299	2.32094713834157	2.90793469285472	-0.0600205376309976	2.37151615444976	-0.0600205376309976	-0.0600205376309976	1.72580954232343	-0.0600205376309976	-0.0600205376309976
let-7a-3/7-3p	5.57649466958532	5.1072773248784	6.46898279590724	6.32162121399687	6.7580557190523	6.56187748009634	6.45330367560712	7.09869314422497	5.9237797361755	5.75194046591446	6.41788420308554	6.71632520106657	4.99170286556521
REV_let-7f-3p	2.97580519261388	3.00255581304493	-0.0600205376309976	-0.0600205376309976	2.143993164204	1.78786415224264	0.592426483566921	1.4677670501886	2.26721020994468	-0.0600205376309976	-0.0600205376309976	2.34066132128064	-0.0600205376309976
REV_miR-137-1-3p	-0.0600205376309976	-0.0600205376309976	-0.0600205376309976	2.5678609767219	-0.0600205376309976	1.65136643557744	1.95781966019373	-0.0600205376309976	-0.0600205376309976	-0.0600205376309976	-0.0600205376309976	-0.0600205376309976	-0.0600205376309976
REV_miR-181b-2/3-5p	3.46664346132412	-0.0600205376309976	4.03760487236122	2.50609267306299	4.32138527953697	2.23263754374298	4.56265933119629	3.03315638472383	2.75301505327347	-0.0600205376309976	-0.0600205376309976	0.558280004646876	4.1354271841304
REV_miR-190a-5p	1.85441846049764	-0.0600205376309976	2.49128372991948	0.272325164846002	2.62061696797451	2.71595075532251	2.08760916954011	2.92291311883133	-0.0600205376309976	-0.0600205376309976	-0.0600205376309976	-0.0600205376309976	2.51261080513524
REV_miR-19a-1-3p	2.05221465382839	4.14687675575755	3.46240017259393	3.541620119886	3.64322575682956	4.15317974150243	3.68303045815134	-0.0600205376309976	4.33860736090189	-0.0600205376309976	3.91166171012856	2.4799056771614	-0.0600205376309976
REV_miR-2184-5p	3.46664346132412	0.880581530324498	4.83033305626557	4.783927916682	4.47894166246751	4.50968623405476	5.26461677880963	4.42189678993104	4.59019650057497	5.01733256798006	4.30352513298519	4.35496075480962	1.73677128655873
REV_miR-29b-1a-5p	1.35238337076375	3.99557373245513	2.66882880188233	1.29293738561028	1.07914207742009	3.22893668186706	1.04005824616759	-0.0600205376309976	4.70124740186317	-0.0600205376309976	-0.0600205376309976	-0.0600205376309976	-0.0600205376309976
REV_miR-9-7-3p	-0.0600205376309976	-0.0600205376309976	-0.0600205376309976	-0.0600205376309976	1.07914207742009	2.41233985206456	1.95781966019373	-0.0600205376309976	-0.0600205376309976	-0.0600205376309976	-0.0600205376309976	2.83155227676838	4.62618153148985
