Gene	D12_M_MPP	D13_M_MPP	D20_M_MPP	D47_M_MPP	D61_M_MPP	D27_G_F	D28_G_F	D29_G_F	D31_G_F	D35_G_F	D36_G_F	D38_G_F	D41_G_F	D44_G_F
a103_gac-miR-ENSGACG00000022167-5p	0	36	76	100	124	17	140	126	165	105	185	44	63	110
a109_gac-miR-ENSGACG00000022167-3p	0	6	8	0	128	10	12	8	49	14	32	2	6	6
a10_gac-miR-99a-5p	5137	18274	15077	25907	6578	10957	19585	19082	36703	16242	27910	70371	13548	10300
a57_gac-miR-99a-3p	0	6	0	0	0	10	11	21	38	9	1	66	0	3
a165_gac-miR-92a-3p	703097	1628249	1139090	660250	697040	734628	490084	632707	418813	365763	787878	731993	1277953	528429
a44_gac-miR-92a-2-5p	551	89	225	351	313	173	364	556	175	228	299	312	780	208
a181_gac-miR-9-5p	0	121	161	39	128	77	52	32	313	72	192	255	87	108
a46_gac-miR-9-1/3/5/6-3p	0	6	33	34	0	0	2	25	27	6	39	59	40	20
a167_gac-miR-8159-5p	0	17	74	13	200	20	259	12	148	149	134	81	295	64
a125_gac-miR-737-5p	2820	2237	4969	2881	356	1227	1743	2314	1139	940	1375	1331	4591	647
a177_gac-miR-730-5p	0	99	136	413	233	75	198	207	75	84	209	233	96	180
a168_gac-miR-727b-5p	38	0	0	0	0	0	0	47	26	8	1	14	5	0
a124_gac-miR-727b-3p	0	38	26	45	0	1	43	40	27	11	54	133	1	16
a232_gac-miR-725-3p	189	6400	1619	566	0	2162	33	107	1022	229	501	1964	6454	108
a223_gac-miR-724-5p	0	158	220	289	507	506	99	350	442	84	482	774	1464	1076
a248_gac-miR-722-3p	0	68	108	243	95	28	220	109	109	35	292	120	85	185
a217_gac-miR-7147-5p	0	61	29	50	0	8	28	0	2	0	12	4	0	2
a156_gac-miR-7133-3p	1124	2122	1028	418	100	1017	180	724	100	367	735	398	486	463
a99_gac-miR-7132b-5p	0	2519	662	379	326	1368	214	786	580	1051	963	870	640	488
a98_gac-miR-7132a-5p_gac-miR-7132b-5p	0	1005	318	237	242	494	88	239	156	463	391	309	382	172
a100_gac-miR-7132a-5p	0	510	147	236	0	222	35	199	183	260	193	117	144	118
a202_gac-miR-7-5p	0	504	535	848	350	318	113	206	455	99	200	157	256	179
a105_gac-miR-551a-3p	6327	5109	2358	14052	4839	2844	5591	8131	630	973	5071	2225	2782	3920
a224_gac-miR-499a-5p	134	238	1770	3530	1373	1159	1674	1187	2809	231	14712	3730	1868	2677
a182_gac-miR-489-3p	0	28	22	137	0	91	69	134	31	73	96	279	265	57
a75_gac-miR-460-5p	309	73	58	61	0	68	192	58	135	75	171	100	46	190
a47_gac-miR-458-3p	0	555	412	424	155	275	206	60	89	76	242	103	199	220
a60_gac-miR-456-3p	618	695	830	538	610	512	487	791	501	426	926	890	1128	452
a164_gac-miR-455-5p	84	695	712	617	431	304	690	409	680	421	855	1185	394	494
a102_gac-miR-455-3p	982	1096	671	1628	251	439	958	659	566	547	1102	1350	309	576
a155_gac-miR-454b-3p	0	882	1089	612	0	224	115	108	119	47	124	429	687	177
a1_gac-miR-451-5p	56574	236483	133870	357129	61618	241087	180487	248214	274938	92855	117984	406458	324730	51506
a134_gac-miR-429a-3p	0	798	351	29	81	135	23	15	153	67	44	76	286	89
a17_gac-miR-425-5p	13175	102244	60578	17058	35047	30368	13176	26631	15212	21423	24883	49107	61608	20816
a247_gac-miR-375a-3p	6498	28729	16026	3975	8286	5712	2204	2502	4867	4375	3046	6958	27535	3275
a116_gac-miR-365-2b-5p	898	62	66	276	0	63	444	105	142	175	274	108	188	42
a136_gac-miR-365-2b-3p	687	1691	1262	7184	504	1881	1382	2625	4370	1266	6285	17909	2693	933
a205_gac-miR-34a-5p	0	29	6	36	0	15	31	12	16	6	16	73	38	8
a174_gac-miR-338-3p	0	294	285	1063	306	126	239	119	346	61	337	634	149	123
a3_gac-miR-338-1b-5p	0	8	0	32	0	2	0	0	0	0	2	12	0	0
a4_gac-miR-338-1a-5p	92	12	26	11	132	11	24	25	29	12	20	49	24	30
a43_gac-miR-31a-5p	576	1260	1323	864	219	1441	828	1498	910	467	1628	1884	1677	607
a214_gac-miR-30e-5p	1073	8304	4946	12895	3853	2880	1567	1214	1018	1110	2372	2687	2112	1538
a95_gac-miR-30e-3p	2126	11671	7364	14784	10157	4874	5934	5932	3125	3148	10817	7555	8704	5648
a212_gac-miR-30c-2-5p	7290	47251	23915	36986	28121	26815	12507	16753	15620	8688	33973	24590	39949	17221
a211_gac-miR-30c-1-5p_gac-miR-30c-2-5p	94	501	189	494	21	465	486	273	454	139	522	501	515	282
a213_gac-miR-30c-1-5p	4112	12123	6852	16323	5815	3709	6120	5756	3423	1748	8546	4646	4034	6913
a210_gac-miR-30bb-5p	171	1544	641	2168	845	862	924	649	558	297	1545	1581	1293	373
a89_gac-miR-30bb-3p	0	133	86	125	0	65	46	50	81	29	91	127	50	26
a208_gac-miR-30a-5p	14889	56939	37218	45111	39603	34363	26155	27254	27013	15492	70536	62207	45303	25278
a110_gac-miR-301c-5p	0	30	15	0	0	14	0	0	4	0	3	8	76	1
a111_gac-miR-301b-5p	0	14	48	0	0	2	0	13	6	33	6	50	21	21
a145_gac-miR-29b-1a/2a-3p	0	178	23	156	0	82	26	35	73	31	94	89	17	33
a107_gac-miR-29b-1a-5p	0	0	11	52	0	54	49	52	17	19	31	21	22	22
a146_gac-miR-29a-3p	47	652	315	1279	199	389	297	279	265	132	264	715	153	76
a33_gac-miR-29a-3b-5p	0	60	139	26	152	48	53	68	47	14	75	64	115	24
a228_gac-miR-27e-3p	263	2331	2380	5237	1024	818	1316	1606	2095	857	2184	4901	1937	1560
a59_gac-miR-27c-1-5p	567	1325	952	952	741	468	299	292	379	406	795	1265	646	379
a231_gac-miR-27c-1-3p	4112	24160	14216	11567	3634	6635	3316	3876	4686	4641	5204	12414	4728	4219
a36_gac-miR-27b-5p	727	319	321	464	181	207	251	236	333	218	404	640	447	306
a230_gac-miR-27b-3p	5039	12431	10449	11098	3760	4221	5116	5219	5406	4617	6822	10760	6408	4067
a42_gac-miR-27a-5p	1	286	161	67	145	74	107	98	62	231	187	172	263	69
a227_gac-miR-27a-3p_gac-miR-27b-3p_gac-miR-27e-3p	0	98	70	124	0	39	26	49	40	53	136	128	25	71
a229_gac-miR-27a-3p	560	1236	614	1035	341	236	220	71	131	217	217	297	247	167
a74_gac-miR-26b-3p	500	288	455	547	411	230	262	372	186	139	174	311	814	69
a73_gac-miR-26a-1b-3p	0	506	351	182	186	256	141	211	109	98	319	396	311	111
a226_gac-miR-26-5p	63713	260688	274315	259636	109397	155305	123039	151036	96248	54526	191156	266607	213662	70901
a197_gac-miR-24-6-5p	25	151	87	239	0	33	98	43	59	68	80	88	45	32
a206_gac-miR-24-3p	1410	6435	4954	4252	976	2481	1583	1664	2461	1789	1948	6226	3062	1811
a198_gac-miR-24-3-5p	0	4	9	0	0	13	0	0	17	11	6	25	36	0
a199_gac-miR-24-2-5p	493	1174	506	462	662	337	261	355	589	403	567	1132	530	432
a119_gac-miR-23b-2-5p	883	144	157	184	171	66	258	248	145	171	170	199	255	90
a50_gac-miR-23b-2-3p	3591	5754	4841	5097	955	2017	4585	2740	4129	2962	3962	5652	3439	2577
a49_gac-miR-23a-3p_gac-miR-23b-2-3p	259	150	69	153	0	34	31	33	14	53	68	86	43	18
a51_gac-miR-23a-3p	59413	159924	119961	59897	29117	44133	60636	38990	58473	51005	58613	111291	68989	45467
a114_gac-miR-23a-3-5p	328	406	397	326	212	144	390	183	193	182	338	340	363	238
a112_gac-miR-23a-2-5p	0	436	316	370	155	171	126	181	303	179	171	481	125	76
a118_gac-miR-23a-1-5p	0	75	80	89	0	37	60	55	222	56	88	124	32	28
a79_gac-miR-22b-5p	2479	2047	2740	2150	1135	1498	3493	4108	1992	1556	2353	4421	6803	1189
a14_gac-miR-22b-3p	141	248	188	135	116	73	108	98	112	56	102	236	231	52
a45_gac-miR-22a-5p	1926	2187	2208	3225	360	1131	3599	3204	2113	1371	3411	5862	4421	1019
a13_gac-miR-22a-3p	50206	131658	108935	93826	90274	35130	68791	73495	104895	66388	155545	237791	129189	106072
a219_gac-miR-223-5p	421	3538	3195	803	1014	1152	350	447	792	801	843	1754	2641	768
a173_gac-miR-223-3p	17047	105852	73131	33042	22288	71416	16901	33812	32267	39008	36222	105419	106510	22038
a201_gac-miR-222c-5p	188	145	85	338	127	54	46	46	21	18	125	123	115	47
a200_gac-miR-222a-5p	178	321	124	980	108	140	68	32	34	46	160	115	61	108
a39_gac-miR-222-3p	3573	9168	4749	11304	4306	4013	5997	6348	4704	3386	9843	8494	8002	4957
a25_gac-miR-221a-5p	0	45	22	0	0	7	40	2	20	0	4	1	0	0
a40_gac-miR-221-3p	3998	6000	3492	6613	1654	3599	5556	5590	3526	1882	7798	6165	6654	3068
a77_gac-miR-21a-3p	161	172	63	186	0	11	5	0	5	10	14	0	32	4
a237_gac-miR-218a-2-5p_gac-miR-218b-5p	0	26	1	20	0	19	0	0	1	4	4	12	0	9
a239_gac-miR-218a-2-5p	0	532	564	804	441	303	244	254	795	110	407	405	145	272
a15_gac-miR-2188-5p	11581	26037	19218	44477	8101	35686	30548	38235	31969	10481	21453	69073	46500	8249
a108_gac-miR-2188-3p	28739	52738	77947	69149	82995	59560	76469	78741	79053	28203	66658	178443	154404	27285
a5_gac-miR-2184-5p	0	300	212	546	308	68	50	82	147	89	159	294	115	76
a142_gac-miR-217a-5p	165	10	20	20	54	11	36	25	88	33	59	39	40	36
a135_gac-miR-216b-5p	0	0	0	26	0	7	7	15	2	0	3	5	0	7
a58_gac-miR-214a-3p	4465	4069	3017	18582	2618	2938	8852	7702	7734	7109	5627	14956	7049	3926
a26_gac-miR-212a-5p	0	69	67	10	0	39	73	44	107	17	104	146	0	56
a38_gac-miR-210-5p	513	4252	3009	3862	1176	2037	2374	2227	2124	1191	3605	4388	3210	2266
a94_gac-miR-210-3p	148	1513	534	1553	144	683	250	379	203	143	540	563	387	212
a52_gac-miR-21-5p	107227	391938	277116	317490	160536	157103	117849	133790	157583	148233	227448	329855	366226	131629
a56_gac-miR-20b-5p	204	12	0	0	0	3	0	0	0	0	1	0	0	2
a126_gac-miR-20a-5p	0	1099	438	1013	71	400	197	125	92	64	281	263	215	105
a203_gac-miR-206-1-3p	4325	2428	24509	79510	5111	2566	33001	14571	91455	2536	120134	92268	30863	20393
a240_gac-miR-205-1a-3p	0	256	154	27	0	63	8	51	88	29	40	148	288	49
a178_gac-miR-205-1-5p	4581	40547	17665	5876	2345	20050	2657	4607	8402	3558	11247	29948	55127	5353
a101_gac-miR-204-2b-3p	0	6	0	0	0	0	16	30	10	13	10	26	34	25
a233_gac-miR-204-1/2b-5p	873	2437	2727	10302	1527	3258	1166	3456	5338	2717	11975	13166	10405	9844
a234_gac-miR-202-5p	509	28	30	0	0	17	0	2	48	4	22	31	0	43
a67_gac-miR-200b-5p	0	111	72	0	0	20	0	0	22	1	12	2	44	10
a133_gac-miR-200b-3p	3960	39540	19716	2727	2794	6678	1260	1007	5325	2027	2244	4776	31823	2417
a128_gac-miR-200a-3p	350	7446	2864	431	427	1155	81	84	905	211	276	607	2043	358
a220_gac-miR-19b-3p	507	1213	815	845	0	636	425	423	40	68	414	397	817	114
a157_gac-miR-19b-2-5p	0	94	122	100	169	55	103	138	55	52	67	100	308	25
a106_gac-miR-19a-1-5p	0	0	0	48	0	3	0	0	0	0	0	0	0	0
a222_gac-miR-19a-1-3p	0	248	187	221	0	98	37	16	3	12	50	37	391	26
a72_gac-miR-199-5p	3743	13335	6610	21304	5501	7452	9044	10038	8204	7879	10033	22478	4661	5287
a20_gac-miR-199-3p	11613	29862	42172	48126	13321	14825	44853	29720	40640	31774	35960	87705	32608	29109
a153_gac-miR-196d-5p	0	13	70	61	0	8	79	44	120	35	88	305	28	79
a69_gac-miR-196d-3p	0	45	124	196	119	59	189	135	323	136	234	793	228	136
a154_gac-miR-196a-5p	0	173	684	216	120	100	701	443	1196	291	614	900	546	116
a216_gac-miR-194b-5p	0	0	0	36	0	11	2	2	3	17	0	6	15	2
a215_gac-miR-194a-5p	0	350	353	1219	384	277	1736	778	984	441	1066	225	372	1254
a71_gac-miR-194a-3p	0	0	0	0	0	1	13	0	30	5	8	0	15	1
a207_gac-miR-193a-2-5p	1065	226	154	1603	1	406	950	1537	1687	618	1134	4295	950	339
a131_gac-miR-18c-5p	0	223	178	22	344	209	33	27	68	44	104	88	52	51
a130_gac-miR-18a/b-5p	0	259	177	302	178	126	17	53	38	32	40	138	112	37
a32_gac-miR-18a-3p	0	199	253	150	0	166	115	131	50	78	129	125	406	73
a204_gac-miR-184-3p	2383	13995	8361	1037	624	2532	256	363	3256	1462	698	2944	17537	291
a159_gac-miR-183-5p	161	1196	770	212	340	395	67	91	460	91	276	599	382	244
a243_gac-miR-182b-5p	0	30	31	38	0	22	0	0	9	0	14	12	10	6
a241_gac-miR-182a-5p_gac-miR-182b-5p	0	39	37	23	0	13	4	0	6	7	18	2	0	4
a242_gac-miR-182a-5p	0	227	258	60	292	78	20	8	97	36	42	206	233	73
a8_gac-miR-181b-2/3-5p_gac-miR-181c-5p	1084	2125	2138	2806	1069	1023	1809	1903	1725	839	2368	3292	1801	1860
a88_gac-miR-181b-2-3p	0	0	4	79	0	0	0	0	21	0	2	0	0	0
a7_gac-miR-181b-1-5p	75	1582	969	967	340	582	540	535	585	365	650	910	984	467
a6_gac-miR-181a-5p	4315	31860	19841	30336	11563	16089	12194	13413	13529	7193	17695	26996	14290	13597
a23_gac-miR-181a-3-3p	646	689	724	543	725	368	310	394	472	293	598	966	738	358
a21_gac-miR-181a-2-3p_gac-miR-181a-3-3p	0	87	75	48	1	40	105	75	61	44	188	189	155	61
a22_gac-miR-181a-2-3p	474	1336	860	2277	2872	702	1223	993	847	663	3106	2600	1592	1703
a24_gac-miR-181a-1-3p	0	501	120	399	212	229	71	117	109	54	234	345	213	102
a2_gac-miR-17a-5p	102	703	219	380	0	105	36	78	58	79	164	181	170	66
a31_gac-miR-17a-1-3p	0	7	7	38	0	4	12	13	6	0	3	12	0	0
a115_gac-miR-1788-5p	0	24	0	0	0	0	0	0	0	0	0	0	31	0
a150_gac-miR-16c-5p	77685	345634	433016	271277	178808	244875	158362	210284	128152	82089	190396	279133	377826	125561
a149_gac-miR-16a-5p_gac-miR-16c-5p	3811	19944	17967	13731	8108	11388	8931	7133	6971	4557	8629	14792	13817	5425
a151_gac-miR-16a-5p	1381	13992	16799	12818	6874	9059	4663	5068	5039	3134	6403	7045	11721	4324
a152_gac-miR-15c-5p	63535	162149	132000	115245	88489	105889	74467	101621	48799	46996	94455	111205	179681	57189
a147_gac-miR-15b-1-5p	122	965	191	686	0	696	296	169	218	88	240	685	279	106
a148_gac-miR-15a-2-5p	14405	75384	75608	52344	16500	56312	29705	39143	30538	20874	37537	62530	57125	24202
a225_gac-miR-155-5p	263	2243	729	1025	1311	704	165	328	286	321	1075	665	414	423
a235_gac-miR-153c-3p	0	0	1	45	0	0	0	0	0	0	0	0	0	0
a16_gac-miR-152a-5p	156	1116	625	1299	811	549	413	415	440	399	710	1173	966	376
a169_gac-miR-152a-3p	389	2255	1541	1597	174	792	656	529	633	581	583	1057	986	507
a29_gac-miR-150-5p	5177	7871	2681	16310	4507	4491	7931	3117	2848	2747	4688	4248	7173	5554
a78_gac-miR-150-3p	0	7	6	148	0	11	22	9	7	3	5	8	0	14
a170_gac-miR-148a-3p	250	1047	1034	2055	189	474	868	454	590	330	845	784	962	584
a183_gac-miR-146a-5p	10778	73128	47580	60768	37964	17306	15515	13237	15192	9754	40792	24951	22793	39473
a53_gac-miR-146a-3p	1107	797	824	1044	324	414	390	566	327	156	725	575	721	473
a121_gac-miR-145-5p	1793	5218	5226	5694	1200	2672	6666	2246	1821	1890	5626	5075	3107	2019
a113_gac-miR-145-3p	140	4043	5355	2065	2874	1415	4019	1499	1517	1627	3549	2730	3100	2679
a48_gac-miR-144-5p	1668	11437	11311	56815	17416	8745	3407	5218	3344	1776	5155	4330	21062	3323
a80_gac-miR-144-3p	503	1160	810	6405	928	667	208	175	210	111	137	222	344	141
a120_gac-miR-143-5p	0	60	82	40	0	46	38	16	1	0	41	90	111	31
a55_gac-miR-143-3p	9464	54550	68857	121726	112070	23691	47936	17451	18360	21069	84307	68504	35801	43884
a66_gac-miR-142-5p	407	3156	880	3078	1230	741	136	128	160	378	454	311	308	262
a218_gac-miR-142-3p	590	1264	677	1268	136	490	82	98	53	156	169	222	228	127
a65_gac-miR-140-5p	65	387	342	652	0	185	60	132	39	68	151	248	289	51
a139_gac-miR-140-3p	3460	15812	6759	14454	5828	9831	4520	5366	6377	2922	7542	14542	10719	3222
a180_gac-miR-139-5p	1180	1863	1747	2174	601	933	1025	1471	1137	1458	1052	1728	2005	807
a54_gac-miR-1388-3p	143	2086	1124	1598	1516	1074	289	647	179	400	1473	1015	423	635
a160_gac-miR-135c-5p	0	32	18	77	0	49	15	20	16	1	20	22	67	24
a162_gac-miR-135b-5p	0	9	20	30	0	5	15	0	6	0	2	14	0	0
a161_gac-miR-135a-1-5p	0	3	11	0	0	4	14	0	0	0	9	53	0	0
a246_gac-miR-133b-3p	0	9	12	137	0	4	7	19	238	0	436	512	57	30
a41_gac-miR-133a-5p	0	17	69	171	0	40	41	41	261	4	187	424	102	23
a245_gac-miR-133a-3p_gac-miR-133b-3p	0	39	18	286	0	3	38	15	200	5	508	878	108	36
a236_gac-miR-133a-3p	739	2533	9469	31305	300	3024	7211	6651	46906	423	54975	102348	12615	6777
a64_gac-miR-130c-3p	0	97	74	119	0	25	19	15	10	9	4	39	20	15
a104_gac-miR-130c-2-5p	0	223	313	128	129	116	71	90	93	63	73	199	400	123
a30_gac-miR-130b-5p	6717	10406	9500	5849	6785	5296	3574	4648	2973	3976	3910	10311	15267	4783
a62_gac-miR-130b-3p	0	191	176	118	0	54	11	16	35	20	27	79	95	38
a70_gac-miR-1306-5p	1252	154	210	265	130	152	252	395	73	80	79	162	453	66
a12_gac-miR-129-1b/2-3p	0	0	0	0	0	0	0	7	5	0	17	34	0	0
a96_gac-miR-129-1a/2-5p	0	11	7	34	0	16	13	0	180	0	54	47	0	13
a166_gac-miR-128-2-3p	20053	36020	53094	26567	30399	26521	31270	44253	21746	17784	32018	42508	77761	17165
a68_gac-miR-126b-5p	2670	5858	3931	4466	1086	1984	3269	4648	2892	1688	4727	6232	2926	1423
a179_gac-miR-126b-3p	65183	170403	82745	217750	73301	40704	53394	65184	43984	50942	99858	91762	71468	43003
a175_gac-miR-125b-2/3-5p	33070	49765	52828	104588	27330	39575	108705	96676	132493	68575	119653	239876	110018	47230
a28_gac-miR-125b-2-3p	0	42	133	208	183	12	156	116	155	132	97	153	138	45
a176_gac-miR-125a-5p	43604	100264	51159	119043	65384	40737	59557	58474	65913	41834	64424	94793	76476	55987
a61_gac-miR-125a-1-3p_gac-miR-125a-2-3p	0	43	42	74	0	26	66	12	80	45	99	133	31	22
a129_gac-miR-124-3p	0	0	12	0	0	0	14	0	21	0	18	3	26	4
a123_gac-miR-122-5p	4982	6872	32060	31438	75676	3486	617165	235841	287013	94073	215550	87567	92594	283633
a11_gac-miR-122-3p	0	152	127	474	413	61	1637	500	1065	232	1146	415	112	881
a141_gac-miR-10c-5p	3511	10489	4717	8896	8742	4608	7631	10061	2587	3404	17351	10284	7460	7037
a140_gac-miR-10b-5p	14837	37422	65116	28155	25789	10033	35508	17734	28762	22659	48637	66923	32211	16552
a132_gac-miR-10545-5p	0	17	4	15	66	0	8	43	19	3	23	14	23	2
a90_gac-miR-10545-3p	0	31	3	23	0	5	35	27	14	19	17	22	35	16
a37_gac-miR-103-3p	1389	4496	4090	3347	1818	2845	2274	3082	1432	1229	2970	5445	4616	1077
a172_gac-miR-101b-5p	838	1459	1397	2218	40	1240	2010	2176	1477	722	1728	2591	2043	749
a19_gac-miR-101b-3p	0	118	73	371	0	84	35	10	37	39	46	48	79	43
a138_gac-miR-101a-3p	7721	19798	14546	15213	6053	8739	5663	5132	4791	4277	7629	12498	16406	2817
a9_gac-miR-100-2-5p	24856	92264	88873	79851	64393	44415	86760	72395	134722	59105	165279	265075	86381	64755
a18_gac-miR-1-3p	868	8213	58496	129289	23584	4454	12870	10770	160941	2472	116461	130999	46318	31981
a194_gac-let-7j-5p	2297	16109	15745	15273	12514	8559	6186	7735	7645	4360	10035	11017	13881	7786
a92_gac-let-7j-3p	145	576	288	254	311	234	77	153	86	115	261	319	348	128
a192_gac-let-7i-5p	729	3880	2955	3571	2968	1549	1717	1804	2705	993	3877	4149	1497	2151
a184_gac-let-7h-1-5p	13627	27450	37463	32723	41365	17700	28446	26825	22200	19775	31547	40803	51106	21372
a82_gac-let-7h-1-3p	2583	1898	1605	1071	201	647	746	1190	671	481	780	1037	3367	536
a191_gac-let-7g-5p	35732	111586	154150	142540	137177	104094	101917	132083	136896	52644	122840	186830	193838	77638
a84_gac-let-7g-1-3p	0	10	0	0	0	16	10	13	0	0	8	23	0	0
a186_gac-let-7f-5p	4929	24206	24820	28363	31223	13164	13236	13490	17717	11845	27029	24674	28558	16538
a185_gac-let-7e-5p	58401	298007	343103	205277	355976	135579	106073	119277	155175	107633	215288	252512	306157	171348
a83_gac-let-7e-1-3p	192	362	387	167	0	162	93	86	41	62	100	144	477	50
a193_gac-let-7d-5p	39157	34684	35295	84904	59504	16271	59547	53887	50483	39787	43800	78371	64411	39780
a91_gac-let-7c-2/d-3p	0	93	89	89	169	22	43	96	95	57	134	178	204	33
a189_gac-let-7c-2-5p	10288	11033	16192	52299	24048	9108	48106	42759	63182	40841	39856	85507	36991	27889
a190_gac-let-7b-5p	182043	63508	77153	246195	252435	49355	371754	258049	163782	178414	132984	218227	304515	124872
a81_gac-let-7b-1-3p	4408	2867	2021	4443	280	1248	3018	3144	2445	1355	2917	3394	6114	1638
a187_gac-let-7a-5p_gac-let-7c-2-5p	1150	1630	1831	2979	1225	1929	4017	2413	3313	2055	3717	7397	4069	2406
a188_gac-let-7a-5p	457081	801342	984027	1181453	1331474	578961	1110439	1031757	1067004	746327	1150805	1548913	1962339	826059
a85_gac-let-7a-5-3p	318	1610	1147	498	132	586	261	374	360	303	492	730	1238	320
a158_gac-let-7a-3/7-3p	180	404	457	754	555	227	365	384	185	129	317	512	1098	160
a267_REV_gac-let-7b-5p_gac-let-7c-2-5p	0	4	0	0	0	0	6	0	0	2	0	28	8	2
a257_REV_gac-let-7f-3p	0	30	36	0	0	9	3	0	14	13	7	3	65	1
a266_REV_gac-let-7i-1-3p	0	15	11	52	0	0	0	0	0	0	0	0	0	3
a253_REV_gac-miR-103a-5p	0	18	1	0	0	8	5	0	4	1	6	15	7	2
a252_REV_gac-miR-10c-3p	0	0	0	82	0	4	0	8	0	0	3	0	0	2
a260_REV_gac-miR-132-3p	0	48	56	34	0	19	70	43	13	19	83	109	38	26
a250_REV_gac-miR-181b-2/3-5p	0	58	46	55	175	20	38	64	52	16	55	59	32	24
a268_REV_gac-miR-190a-5p	0	21	14	62	0	35	2	15	3	0	20	10	12	3
a261_REV_gac-miR-191-5p	18294	124861	105269	24937	33519	37528	24636	41492	24295	38289	32276	65703	87779	38833
a269_REV_gac-miR-27b-3p_gac-miR-27c-1-3p	0	110	108	35	103	57	26	63	45	21	49	75	44	14
a256_REV_gac-miR-730-3p	0	3	4	0	0	4	21	19	0	11	21	0	0	0
