		B9_F	B31_F	B43_F	B54_F	B60_F	B27_F	C17_F	C19_F	C31_F	O25_F	O32_F	O55_F	O59_F	O63_F	T9_F	T26_F	T31_F	T32_F	T44_F	T47_F	T13_F	T23_F	B11_M	B14_M	B17_M	B19_M	B48_M	B49_M	B59_M	C13_M	C15_M	C20_M	O49_M	O51_M	O29_M	O33_M	O38_M	O39_M	O46_M	O53_M	T1_M	T3_M	T12_M	T41_M	T43_M	T45_M	T63_M	T69_M
nomCol	Gene	B9_F	B31_F	B43_F	B54_F	B60_F	B27_F	C17_F	C19_F	C31_F	O25_F	O32_F	O55_F	O59_F	O63_F	T9_F	T26_F	T31_F	T32_F	T44_F	T47_F	T13_F	T23_F	B11_M	B14_M	B17_M	B19_M	B48_M	B49_M	B59_M	C13_M	C15_M	C20_M	O49_M	O51_M	O29_M	O33_M	O38_M	O39_M	O46_M	O53_M	T1_M	T3_M	T12_M	T41_M	T43_M	T45_M	T63_M	T69_M
miR-ENSGACG00000022167-5p	miR-ENSGACG00000022167-5p	23	4	7	10	30	11	0	0	0	423	192	528	11	50	0	0	0	0	0	0	0	0	23	18	2	0	18	4	0	0	45	0	724	99	757	340	139	274	1310	221	0	0	0	0	0	0	0	0
miR-ENSGACG00000022167-3p	miR-ENSGACG00000022167-3p	0	0	7	0	0	0	0	0	0	248	145	39	25	189	0	0	0	0	0	0	0	0	0	0	0	0	0	0	0	0	0	0	84	327	581	111	0	219	208	55	0	0	0	0	0	0	0	0
miR-99a-5p	miR-99a-5p	6502	4184	11636	2565	4058	19219	1832	3851	2090	28722	17763	17890	15332	11023	1262	3334	7995	483	4106	1233	290	3257	21818	12354	19378	27641	2736	5385	1112	2447	1792	2551	29281	8309	16561	13503	9032	10627	20504	22558	648	713	1156	4384	4887	22329	283	6297
miR-99a-3p	miR-99a-3p	1	0	14	3	0	38	0	0	0	0	0	0	0	0	0	0	0	0	0	0	0	0	17	0	10	45	0	0	1	0	0	0	0	0	0	0	0	0	0	0	0	0	0	0	0	0	0	0
miR-92a-3p	miR-92a-3p	495068	307391	294150	74410	65407	642180	185199	162168	144894	190588	165790	236304	646080	182022	80127	678029	714525	48906	432500	84353	65392	23330	763324	237197	289043	457723	74066	192011	26844	269084	217030	268664	269996	193519	125756	172328	55290	93309	207015	247822	266948	55441	121523	149662	128655	576572	132046	450015
miR-92a-2-5p	miR-92a-2-5p	66	191	161	51	232	316	471	198	23	0	0	0	0	0	183	3191	1070	87	687	136	198	38	301	87	202	373	43	196	93	34	107	90	0	0	0	0	0	0	0	0	701	20	145	225	188	1001	289	1481
miR-92a-1-5p	miR-92a-1-5p	463	304	724	235	852	951	498	1054	465	568	238	245	520	213	0	0	0	0	0	0	0	0	887	246	284	760	166	718	372	715	419	1014	367	317	266	299	132	122	277	296	0	0	0	0	0	0	0	0
miR-9-5p	miR-9-5p	9	17	0	22	56	164	528	842	385	328	344	1957	2647	0	1	522	123	41	14	4	0	29	95	65	55	150	7	78	57	1793	3564	382	39	2700	34	85	1004	271	147	123	111	0	0	58	39	139	50	179
miR-9-1/3/5/6-3p	miR-9-1/3/5/6-3p	6	15	15	0	12	125	0	0	0	43	105	604	181	11	0	0	0	6	0	0	0	0	59	81	26	88	6	9	40	0	0	0	8	392	33	8	153	131	32	152	0	0	0	0	0	1	0	0
miR-8159-5p	miR-8159-5p	67	0	125	2	43	20	0	0	0	41	3369	147	0	0	28	0	26	0	31	7	0	0	22	18	37	39	1	21	14	0	0	0	0	9733	2	0	1069	1	37	0	0	0	0	15	2	69	0	10
miR-737-5p	miR-737-5p	232	168	77	52	17	883	240	184	32	1712	2811	1127	1503	163	72	1302	1353	80	62	23	186	138	518	268	1139	1782	73	265	11	598	1007	646	118	741	457	896	55	703	459	459	137	12	232	144	273	239	76	295
miR-733-1-5p	miR-733-1-5p	0	12	0	4	7	10	21	272	0	0	0	0	0	0	0	0	0	0	0	0	0	0	0	26	0	1	4	0	0	0	200	58	0	0	0	0	0	0	0	0	0	0	0	0	0	0	0	0
miR-730-5p	miR-730-5p	29	15	12	4	0	8	0	0	0	6	5	16	0	0	23	0	0	1	66	15	8	143	10	9	21	26	0	12	0	0	0	83	14	0	7	7	0	9	24	11	11	80	4	14	90	207	7	279
miR-728b-5p	miR-728b-5p	0	0	0	0	0	0	0	0	0	0	0	0	0	0	0	0	0	0	0	0	0	0	0	0	27	0	0	0	0	0	0	0	0	0	0	0	0	0	0	0	0	0	0	0	0	0	0	0
miR-727b-5p	miR-727b-5p	46	22	124	36	24	301	113	47	21	18	0	0	0	0	0	0	0	0	0	0	0	0	122	154	602	1122	18	52	20	398	367	60	13	0	2	0	0	0	6	0	0	0	0	0	0	0	0	0
miR-727b-3p	miR-727b-3p	41	14	59	15	14	163	164	84	158	0	0	0	0	0	0	0	0	0	0	0	0	0	86	94	727	534	14	99	7	322	219	120	0	0	0	0	0	0	0	0	0	0	0	0	0	0	0	0
miR-725-3p	miR-725-3p	68	425	258	180	40	993	6233	2838	33	50	1626	3388	2197	1050	234	183	100	42	354	14	12	81	1145	631	356	2142	9	508	186	37	9014	20356	1031	500	733	1416	159	2396	477	5546	32	50	56	750	2066	343	42	804
miR-724-5p	miR-724-5p	50	25	17	5	4	123	258	7726	489	1299	60	130	9	0	0	0	197	0	0	0	0	6	37	68	94	115	8	38	8	436	202	540	164	41	629	99	63	42	111	1659	0	115	0	0	13	39	0	2
miR-722-3p	miR-722-3p	52	20	113	2	0	200	77	224	0	209	2201	256	85	41	0	13	12	0	0	5	0	30	353	125	241	267	9	37	8	90	157	291	55	143	14	145	62	128	29	21	0	90	13	19	15	97	0	90
miR-7147-5p	miR-7147-5p	32	18	14	2	16	24	0	0	0	0	3	0	84	0	0	0	0	0	0	0	0	0	0	0	11	17	5	4	0	0	98	0	0	0	1	0	0	0	12	0	0	0	0	0	0	0	0	0
miR-7133-3p	miR-7133-3p	352	111	101	33	23	214	0	19	24	432	401	457	2046	166	3	19	0	1	36	0	11	0	87	82	225	436	58	129	93	206	84	323	96	110	224	238	0	169	433	302	0	0	0	95	45	40	0	17
miR-7132b-5p	miR-7132b-5p	1483	462	472	250	128	348	89	1283	252	0	0	0	0	0	0	0	0	0	0	0	0	0	234	146	203	348	147	594	291	974	1320	493	0	0	0	0	0	0	0	0	0	0	0	0	0	0	0	0
miR-7132a-5p_gac-miR-7132b-5p	miR-7132a-5p_gac-miR-7132b-5p	656	257	425	151	27	644	364	190	1	657	937	720	1454	96	1037	13193	5328	345	1986	346	867	463	87	188	87	198	83	297	49	373	212	407	245	1467	411	721	148	598	544	898	2192	853	1470	1176	2175	4958	1425	4350
miR-7132a-5p	miR-7132a-5p	553	164	171	59	37	104	61	107	158	0	0	0	0	0	0	0	0	0	0	0	0	0	56	66	55	56	27	184	59	102	529	113	0	0	0	0	0	0	0	0	0	0	0	0	0	0	0	0
miR-7-5p	miR-7-5p	71	10	63	24	138	211	0	633	311	1005	614	6012	2524	220	3	961	673	36	80	55	16	33	80	92	328	361	16	70	37	92	50	119	3164	587	145	187	195	128	121	457	95	0	122	33	62	178	38	221
miR-551a-3p	miR-551a-3p	235	203	1850	176	21	909	176	0	44	330	58	185	184	16	121	311	470	66	354	134	25	125	1227	449	659	987	35	1472	35	93	68	86	123	51	42	144	764	213	305	151	8	43	10	100	149	1331	0	696
miR-499a-5p	miR-499a-5p	29	48	116	121	28	413	58	9802	1104	15990	144	100	177	117	242	0	91	0	148	39	2	0	878	249	1821	3324	117	378	11	776	330	134	151	20	2721	330	257	758	607	1357	18	10	10	187	142	1970	5	174
miR-489-5p	miR-489-5p	0	0	0	0	0	30	0	0	0	0	0	0	0	0	0	0	0	0	0	0	0	0	0	0	1	0	0	0	0	0	0	0	0	0	0	0	0	0	0	0	0	0	0	0	0	0	0	0
miR-489-3p	miR-489-3p	149	44	117	29	18	474	0	90	0	149	33	82	142	35	104	1	0	3	179	17	0	31	397	155	349	489	13	142	28	98	21	444	99	125	56	43	0	21	153	234	0	0	0	106	39	201	5	99
miR-460-5p	miR-460-5p	0	63	183	18	0	174	65	0	123	11	712	42	16	0	16	43	7	0	162	38	0	3	52	29	7	110	11	78	29	88	23	0	0	208	3	13	70	0	14	0	35	0	0	56	37	335	2	51
miR-458-3p	miR-458-3p	47	5	62	0	0	61	83	33	44	40	77	0	0	0	0	0	0	0	0	10	2	0	29	41	59	52	9	27	2	140	7	176	24	39	4	19	121	30	17	17	0	0	0	21	1	51	1	53
miR-456-3p	miR-456-3p	350	440	300	131	90	859	17	127	172	540	1204	728	594	309	100	973	399	19	77	42	40	90	597	252	550	855	93	316	137	61	214	76	294	1046	210	346	303	321	267	345	67	88	87	38	81	323	40	314
miR-455-5p	miR-455-5p	214	80	81	25	25	685	23	34	115	640	515	171	196	51	20	0	142	14	0	31	2	67	340	232	247	395	26	101	4	324	35	40	241	165	234	270	228	242	157	136	3	0	1	123	157	383	30	230
miR-455-3p	miR-455-3p	447	289	330	54	0	656	140	0	45	612	682	714	318	91	50	98	135	5	176	91	0	83	803	443	743	714	19	209	28	534	95	144	169	181	335	519	213	496	431	285	0	0	116	111	338	769	14	219
miR-454b-3p	miR-454b-3p	96	28	6	8	6	231	0	202	0	77	101	62	0	0	3	469	0	0	0	0	0	0	226	125	225	655	5	13	0	138	31	122	29	41	32	48	0	36	13	6	0	0	0	21	2	0	1	14
miR-451-5p	miR-451-5p	182963	40515	160611	43822	66087	187721	9227	33034	20650	157458	127905	36596	42204	24853	14753	181682	64519	16367	32241	34694	12334	31886	365810	130219	226646	422315	75751	61682	7810	18961	17335	7331	61040	53930	49250	39381	14792	42510	37214	107352	17662	6238	19894	31267	32164	285371	42682	131833
miR-429a-3p	miR-429a-3p	15	272	39	32	0	170	689	2103	0	231	613	655	378	41	84	211	255	8	50	15	4	53	207	88	72	617	4	79	45	30	768	2955	439	23	245	550	109	261	240	680	25	6	105	50	164	88	30	152
miR-425-5p	miR-425-5p	6660	12172	8259	2983	2304	16992	103616	123258	21237	7541	5930	21095	42011	5781	2806	15018	20342	1165	2911	1219	2733	1158	21252	7210	13209	18050	2020	5750	1054	64621	79792	183260	13535	9843	5380	14710	3718	11018	12434	20162	3442	1527	1748	5827	3101	7125	535	6662
miR-375a-3p	miR-375a-3p	653	10375	967	3111	1259	6353	186864	444945	5381	959	2656	966824	45009	15906	4734	11649	3707	481	3684	804	499	936	4132	2267	1086	5520	136	1884	2528	31510	178498	416761	410991	4766	5915	13761	3601	11654	9132	55274	1222	1455	1068	3726	3097	1167	1063	4206
miR-365-2b-5p	miR-365-2b-5p	41	40	89	42	9	349	213	254	192	27	31	69	12	47	131	80	122	12	0	13	0	4	256	117	218	257	9	101	14	33	0	0	124	2	28	43	38	8	114	25	4	32	33	12	39	117	0	96
miR-365-2b-3p	miR-365-2b-3p	3757	644	1655	509	448	9382	1325	1427	741	929	501	388	369	753	191	1353	1377	120	355	567	74	492	12096	6294	9031	12245	512	854	117	4010	2083	1880	754	507	471	390	177	292	1053	1504	134	14	485	752	789	8933	120	712
miR-34a-5p	miR-34a-5p	23	12	29	2	0	28	0	0	0	86	135	0	306	0	0	0	0	0	0	0	0	0	0	4	28	35	5	0	9	0	0	0	5	0	2	20	0	4	4	0	0	0	0	0	0	30	0	0
miR-338-3p	miR-338-3p	22	7	54	25	64	87	0	76	54	205	290	90	96	99	21	62	88	0	0	32	0	7	160	96	139	532	32	69	12	136	0	0	172	157	102	36	176	115	91	55	12	0	0	200	99	355	15	175
miR-338-1b-5p	miR-338-1b-5p	0	8	0	1	6	26	0	0	0	0	0	0	0	0	0	0	44	0	18	8	14	0	8	0	2	12	1	0	0	0	0	0	0	0	0	0	0	0	0	0	0	11	0	32	4	1	15	12
miR-338-1a-5p	miR-338-1a-5p	18	0	38	6	27	111	0	0	0	16	20	0	42	0	0	0	0	0	0	0	0	0	28	10	75	184	4	1	0	0	0	0	16	0	17	3	51	36	28	0	0	0	0	7	5	31	0	0
miR-31a-5p	miR-31a-5p	55	98	141	170	35	347	304	447	193	1608	266	5	148	2	0	264	275	23	0	3	24	3	189	277	61	191	43	155	65	14	288	543	167	0	178	268	111	354	135	464	0	0	0	34	96	103	5	140
miR-30e-5p	miR-30e-5p	1445	459	882	214	212	800	569	2037	596	10003	3486	1325	3190	274	254	2886	1612	85	339	304	73	158	1534	458	1369	2196	613	1225	181	1287	1197	1535	1077	911	844	741	744	490	989	1561	76	125	332	584	794	1009	351	1658
miR-30e-3p	miR-30e-3p	2898	1438	1875	505	763	3716	37282	89370	5439	4721	6140	9593	12249	1442	517	23178	9835	1656	1712	1157	1340	1406	7401	2193	6021	6918	540	1739	468	13385	38809	125486	1124	5786	1296	2334	960	2160	1646	6732	2281	1135	2007	1950	1505	3299	580	3385
miR-30c-2-5p	miR-30c-2-5p	6302	3035	6971	1505	1175	6110	21141	20279	1748	9428	21543	14916	15483	3871	534	19482	6222	451	4386	1704	966	639	7678	4274	7191	11224	1041	5949	968	14526	21812	61196	2331	7977	2208	6680	1770	8839	3809	7184	1048	825	1701	3945	5263	10566	995	6791
miR-30c-1-5p_gac-miR-30c-2-5p	miR-30c-1-5p_gac-miR-30c-2-5p	63	53	45	18	10	50	337	295	2	196	214	345	45	67	15	126	10	15	148	27	11	4	111	79	74	144	30	88	2	148	171	1458	12	105	44	120	0	107	54	83	1	4	3	7	72	240	26	171
miR-30c-1-5p	miR-30c-1-5p	2028	1034	2736	466	355	2310	22498	30715	623	3364	3377	4802	1224	607	127	2613	2605	90	1028	287	76	389	3062	1378	3612	4401	261	1737	459	3759	15863	77077	889	1126	895	3615	817	2917	1475	2251	176	24	228	1062	1092	1554	117	1665
miR-30bb-5p	miR-30bb-5p	634	205	802	163	114	757	446	236	26	1949	1579	945	1411	389	39	1878	567	40	130	91	98	167	1110	655	959	1727	229	578	66	352	428	1066	404	900	338	474	128	787	565	495	36	0	129	400	376	811	106	420
miR-30bb-3p	miR-30bb-3p	17	0	16	12	20	45	0	61	41	74	119	114	199	0	6	565	523	10	0	9	4	35	92	6	61	81	4	67	20	49	0	5	34	88	38	33	0	47	4	0	8	0	0	38	15	57	20	61
miR-30a-5p	miR-30a-5p	33090	12623	28490	5939	10513	37527	12062	22805	9424	37681	42720	37403	56965	8623	4605	48631	37712	4313	11335	7115	5667	5702	47111	22315	35134	48410	8502	18234	4266	12399	12920	20175	21226	34876	12350	15631	12015	15765	13539	25757	8800	2581	6713	12000	13013	54151	6704	38620
miR-301b-5p	miR-301b-5p	0	0	0	3	0	0	0	0	0	0	0	0	0	0	0	0	0	0	0	0	0	0	0	0	12	6	1	9	3	0	0	0	0	0	0	0	0	0	0	0	0	0	0	0	0	0	0	0
miR-29b-1a/2a-3p	miR-29b-1a/2a-3p	20	0	32	13	9	0	43	141	0	147	156	7	278	0	32	178	209	7	18	16	30	49	5	0	25	54	13	53	18	0	104	51	78	97	19	11	46	24	41	48	5	0	0	32	11	58	1	31
miR-29a-3p_gac-miR-29b-1a/2a-3p	miR-29a-3p_gac-miR-29b-1a/2a-3p	0	0	0	0	0	18	0	0	0	0	4	0	0	0	0	0	0	0	0	0	0	0	0	0	0	0	2	0	0	0	0	57	26	0	4	6	0	0	5	0	0	0	0	0	0	0	0	0
miR-29a-3p	miR-29a-3p	149	25	34	31	16	87	0	155	0	0	0	0	0	0	1	799	658	10	65	44	10	70	193	45	79	266	96	75	39	37	98	8	0	0	0	0	0	0	0	0	80	76	118	161	113	407	98	357
miR-27e-3p	miR-27e-3p	633	721	802	265	258	4488	652	1516	751	1028	2782	1858	1196	224	533	1485	2125	70	360	110	35	149	2872	1488	2301	5321	126	523	292	601	948	1363	1013	591	876	1202	963	1745	878	2249	409	5	68	648	809	4805	85	1687
miR-27c-1-5p	miR-27c-1-5p	369	301	577	231	576	933	0	0	0	0	0	0	0	0	69	386	849	28	79	116	46	30	544	378	531	743	146	953	230	0	0	0	0	0	0	0	0	0	0	0	110	127	14	290	160	534	43	709
miR-27c-1-3p	miR-27c-1-3p	5459	2331	3245	1062	2032	5015	698	1795	1075	3206	3792	912	6126	871	414	5824	6436	226	1366	993	331	199	5233	2529	4877	6460	2012	5443	1314	1424	702	1024	1254	1496	1607	1800	706	1692	1186	2300	924	214	637	2404	2734	6091	505	4503
miR-27b-5p	miR-27b-5p	58	69	35	13	52	294	56	328	19	249	348	587	9	8	18	182	70	4	1	33	2	0	239	105	60	334	14	94	8	91	245	482	284	69	119	129	0	162	97	80	44	0	93	94	59	217	6	300
miR-27b-3p	miR-27b-3p	1586	1586	2292	522	1049	6628	999	3672	839	9796	9896	6788	4427	934	879	2532	6669	340	2034	556	410	1038	6806	2738	5756	7893	502	1483	489	891	845	3290	4457	3772	2392	3962	2525	3911	2019	4844	853	81	973	1928	1577	8646	308	5513
miR-27a-5p	miR-27a-5p	52	74	29	21	31	64	101	36	31	35	43	44	42	0	10	3	188	9	0	11	3	0	39	39	56	111	5	151	53	0	191	226	17	0	25	64	0	28	41	51	57	0	7	58	48	226	28	278
miR-27a-3p_gac-miR-27b-3p_gac-miR-27e-3p	miR-27a-3p_gac-miR-27b-3p_gac-miR-27e-3p	23	12	0	8	5	77	15	69	1	51	43	0	0	10	48	24	188	4	0	20	0	30	53	48	29	63	20	14	2	83	0	88	38	0	22	26	0	5	19	64	8	4	6	34	52	146	18	226
miR-27a-3p	miR-27a-3p	85	62	56	68	35	136	56	582	337	703	249	4	152	0	21	130	497	13	0	11	6	9	96	74	91	352	40	228	84	12	126	449	164	25	120	117	48	59	110	246	0	7	187	34	92	310	28	508
miR-26b-3p	miR-26b-3p	52	19	81	17	35	51	89	196	49	166	121	285	58	65	91	22	16	9	0	44	70	0	140	126	187	319	34	0	1	0	268	248	15	27	58	71	73	19	41	30	0	87	62	101	36	199	40	82
miR-26-5p	miR-26-5p	61036	25088	43621	9583	13135	77661	31833	43878	14846	159794	191704	74712	138603	23779	7709	54920	46899	3038	20497	13607	6763	4688	96437	41988	94771	145547	15037	29756	5361	40973	41198	62794	60751	76358	44026	49775	30509	55321	40906	59782	9818	3772	7628	20239	23655	95006	8194	66579
miR-24-6-5p	miR-24-6-5p	20	5	14	2	4	10	0	0	0	8	15	0	72	0	0	0	0	0	0	0	0	0	0	13	23	37	2	129	18	0	0	0	13	0	3	21	0	0	6	0	0	0	0	0	0	0	0	0
miR-24-4a-5p	miR-24-4a-5p	0	0	0	0	0	36	0	0	0	0	0	0	0	0	0	0	0	0	0	0	0	0	0	0	0	0	0	0	0	0	0	0	0	0	0	0	0	0	0	0	0	0	0	0	0	0	0	0
miR-24-3p	miR-24-3p	2075	1195	1152	500	253	3209	601	1954	1600	3732	2286	1106	3218	373	160	2151	2260	107	153	195	153	109	2033	920	1781	2351	756	2156	335	888	513	845	1949	679	1206	1373	1835	1107	956	1181	229	209	414	535	854	1583	153	1535
miR-24-2-5p	miR-24-2-5p	497	456	411	129	285	741	66	122	0	181	91	16	318	21	69	226	527	10	386	106	25	8	390	212	454	665	110	454	117	90	205	215	115	76	141	134	27	110	162	77	120	7	127	201	318	585	46	488
miR-23b-2-5p	miR-23b-2-5p	29	148	52	17	39	302	84	64	41	110	46	273	9	70	115	422	1009	22	257	89	8	117	224	75	81	231	6	173	24	112	22	362	253	0	78	142	254	83	170	126	19	13	4	302	189	173	46	797
miR-23b-2-3p	miR-23b-2-3p	1598	932	1223	327	313	3876	1204	996	956	6422	4576	3373	2192	1133	447	2286	2854	75	529	256	80	397	3741	1663	3029	6523	316	775	82	1144	752	3204	2765	1686	1415	3290	1553	1856	2127	2502	213	36	533	700	862	3802	114	2143
miR-23a-3p_gac-miR-23b-2-3p	miR-23a-3p_gac-miR-23b-2-3p	139	24	29	11	33	181	0	0	0	37	20	0	4	2	25	53	0	13	52	37	9	26	156	33	90	162	30	55	13	0	0	0	12	35	5	33	7	16	16	11	15	0	92	12	76	125	72	242
miR-23a-3p	miR-23a-3p	37845	25423	28020	12713	12035	46908	17018	20839	12276	30418	19983	16299	42196	11382	4685	19150	14582	1281	6089	3011	1607	2104	39956	26539	38775	64487	10979	36111	6034	25885	18555	42151	19271	8034	14635	21832	9413	13944	19342	22077	3824	1748	2225	8250	12070	28048	1734	17758
miR-23a-3-5p	miR-23a-3-5p	39	88	31	25	5	196	0	0	102	115	105	54	3	2	0	0	11	10	119	0	0	0	72	70	47	168	4	55	18	132	100	172	172	71	68	90	83	81	32	60	0	0	0	0	38	113	0	59
miR-23a-2-5p	miR-23a-2-5p	134	187	94	62	45	253	0	341	70	40	60	0	90	0	0	0	0	0	0	0	0	0	109	58	118	209	25	197	34	217	52	89	75	163	38	13	2	19	27	16	0	0	0	0	0	0	0	0
miR-23a-1-5p	miR-23a-1-5p	84	53	17	3	35	360	0	0	0	7	20	31	60	0	0	0	0	0	0	0	0	0	197	99	175	230	0	43	4	75	61	123	0	68	6	14	0	20	29	170	0	0	0	0	0	0	0	0
miR-22b-5p	miR-22b-5p	747	725	1020	277	880	3857	222	359	163	1259	766	1286	1231	680	550	1757	2133	270	1107	535	194	290	9248	3205	4438	6747	255	677	163	228	710	1087	781	649	362	615	492	799	1027	1400	579	107	233	771	581	6635	377	1524
miR-22b-3p	miR-22b-3p	100	10	41	6	0	144	0	43	0	71	86	100	23	3	2	263	142	9	70	9	8	2	345	143	194	356	20	54	11	0	0	0	22	28	33	0	49	27	29	0	0	0	3	0	15	209	3	56
miR-22a-5p	miR-22a-5p	325	348	1334	211	241	2192	1051	193	94	2606	9475	2871	2566	699	168	1300	956	88	538	344	81	301	2557	1261	3655	3806	98	627	128	976	1136	1182	370	1751	638	1419	327	2218	1037	879	206	186	380	563	814	3584	71	1167
miR-22a-3p	miR-22a-3p	41620	21485	82635	10918	56301	180264	71065	219356	124117	59251	226601	235182	324588	44677	11536	96059	125230	15346	27742	13022	6936	23262	124877	75817	113073	149599	8311	71719	21266	97371	100911	130788	41186	239042	23298	36351	70853	72252	57044	98918	10883	8038	15293	31238	28304	91142	4664	105049
miR-223-3p	miR-223-3p	29905	15453	18402	9652	7249	21017	8120	2296	3022	29175	41299	96756	110392	10638	5142	19438	11689	1407	8252	7202	3864	2140	18594	10748	22578	31659	7057	20374	3270	12865	12534	6598	19393	96892	32766	44183	15879	113078	53947	28156	5894	993	2854	16935	16758	22606	2465	9375
miR-222c-5p	miR-222c-5p	26	0	14	2	0	41	0	34	0	23	40	0	0	41	13	506	107	30	0	27	0	73	97	2	64	93	1	16	1	0	0	97	0	91	13	0	0	8	0	11	0	0	0	42	49	70	0	86
miR-222a-5p	miR-222a-5p	103	0	4	3	41	35	55	111	79	30	212	57	151	56	30	289	0	0	0	57	0	0	62	13	98	58	8	134	42	262	203	32	0	89	6	61	0	23	0	184	0	0	0	70	116	71	42	89
miR-222-3p	miR-222-3p	3431	1373	2839	799	176	4151	3200	3005	1385	2721	13965	1084	5490	447	461	2774	1451	194	1122	599	80	215	2638	2015	3452	6368	464	2214	346	3465	3947	4881	830	2892	768	1729	568	1503	1512	1269	369	85	208	1637	1519	2495	257	2549
miR-221a-5p	miR-221a-5p	0	29	23	6	0	40	0	53	0	42	148	54	84	0	0	93	7	2	0	0	0	19	43	26	11	107	3	0	0	0	79	83	7	0	4	11	43	15	35	19	46	0	0	0	1	0	0	0
miR-221-3p	miR-221-3p	2067	658	1713	406	194	2817	2642	757	214	3842	16465	2861	7387	847	484	3582	1141	135	683	635	78	173	2191	1165	2379	2963	254	1037	202	2116	2739	3782	966	2997	1024	1932	755	2130	1114	2424	230	80	66	982	1399	2933	418	2339
miR-21a-3p	miR-21a-3p	3	0	12	16	11	18	0	0	0	0	0	0	0	0	35	504	144	16	8	4	19	102	0	6	2	0	8	46	13	93	67	35	0	0	0	0	0	0	0	0	0	0	5	74	7	26	8	67
miR-218b-5p	miR-218b-5p	8	6	0	0	0	6	0	0	0	0	0	0	0	0	0	0	0	0	0	0	0	0	0	0	3	4	1	10	0	0	0	0	0	0	0	0	0	0	0	0	0	0	0	0	0	0	0	0
miR-218a-2-5p_gac-miR-218b-5p	miR-218a-2-5p_gac-miR-218b-5p	0	0	3	0	0	35	0	0	0	28	3	0	0	0	0	0	214	8	0	8	0	0	24	4	2	10	3	19	2	0	0	0	0	3	3	9	0	9	0	19	0	0	0	17	5	43	0	46
miR-218a-2-5p	miR-218a-2-5p	195	240	89	65	39	1026	117	241	42	894	332	155	301	128	10	513	461	35	243	24	26	24	687	563	1151	1464	16	48	43	174	67	291	203	436	198	329	186	174	181	231	19	1	0	134	253	225	2	131
miR-2188-5p	miR-2188-5p	58582	16308	20534	8052	5434	51136	1700	2489	1192	32343	26860	11065	18140	7369	1010	3782	4218	448	3625	4921	597	2357	76694	23710	41902	92059	16273	6677	741	2737	2357	1547	10917	17213	12346	11103	2553	13265	6728	30988	1242	335	1480	3154	1889	23432	5587	12006
miR-2188-3p	miR-2188-3p	7747	4585	12415	4628	5349	19847	4035	32524	17546	40759	28847	13562	24642	13204	1956	15926	20743	5623	6229	8609	2591	2496	24030	6678	14646	21202	7069	11649	770	8622	3389	2486	15098	26166	12691	11637	9868	8470	6737	28221	3305	2258	2722	4317	2397	26636	6019	38775
miR-217a-5p	miR-217a-5p	33	7	60	8	0	43	0	0	0	0	373	0	0	37	0	82	196	0	167	1	28	3	96	26	73	168	11	47	0	0	0	0	0	788	0	0	52	0	8	0	0	8	4	63	18	154	22	87
miR-216b-5p	miR-216b-5p	0	0	19	0	0	19	0	0	0	0	104	0	0	0	0	0	0	0	0	10	0	0	9	2	60	40	1	0	0	0	37	0	0	310	0	0	41	0	0	0	0	0	0	3	0	22	1	0
miR-214a-3p	miR-214a-3p	13855	11298	7098	2451	3183	39940	4095	4291	8549	16006	10315	6502	5522	5827	587	874	2396	265	5438	1379	68	983	47517	20628	43293	71220	1932	3545	1122	7235	1826	2109	22462	6367	12889	10446	11997	8984	15094	10093	354	276	437	1773	3958	12244	228	2724
miR-212b-5p	miR-212b-5p	19	0	4	5	0	10	0	0	0	0	0	447	25	0	0	0	0	0	0	0	0	0	7	0	0	8	0	0	10	0	0	0	346	0	0	0	0	0	8	0	0	0	0	0	0	0	0	0
miR-212a-5p	miR-212a-5p	0	8	1	10	0	0	0	0	36	5	0	0	1	0	22	824	413	13	36	110	15	31	0	0	36	1	0	0	4	0	0	0	36	0	0	7	18	0	5	0	36	51	6	85	237	371	49	525
miR-210-5p	miR-210-5p	839	454	3353	718	634	1706	389	1195	907	1574	4497	2270	3871	975	553	5187	7147	471	789	571	534	473	1707	787	1720	1837	868	1475	296	306	860	1215	1799	2182	1088	1379	2157	1831	1413	922	1367	45	766	1413	1923	6923	839	4307
miR-210-3p	miR-210-3p	181	10	240	50	49	85	0	0	0	220	582	106	763	79	6	520	99	17	229	177	48	0	65	19	125	93	113	139	41	0	0	0	40	336	100	115	106	117	60	157	6	0	107	253	294	1041	197	459
miR-21-5p	miR-21-5p	53203	20732	32689	16892	27404	76271	52097	103867	36534	254684	265330	79448	260515	30183	37602	393440	252287	22638	74569	44024	31117	20980	67561	34754	68375	111711	10868	43693	19408	79583	60090	100749	46047	94967	55143	76745	32165	98781	69476	58103	33616	11659	23896	105553	96627	278672	29202	283738
miR-20b-5p	miR-20b-5p	0	1	0	0	0	19	0	0	0	0	0	0	0	0	0	0	0	0	0	0	0	0	2	0	0	15	0	0	0	0	0	0	0	0	0	0	0	0	0	0	0	0	0	0	0	0	0	0
miR-20a-5p	miR-20a-5p	265	35	37	16	0	72	247	0	24	619	431	67	321	5	33	465	555	30	42	46	33	45	60	32	164	340	15	121	0	99	72	76	48	124	48	94	102	67	93	2	41	0	5	96	133	235	103	257
miR-206-1-3p	miR-206-1-3p	34089	12442	10671	3470	28553	119212	4076	6216	12953	14317	7301	10762	11659	9227	17074	9638	4938	3616	6072	6136	1117	6743	173346	76937	135705	181380	3504	18292	551	2195	628	1191	13864	4732	11505	13709	21624	25671	14941	12833	3063	6901	4784	11235	7595	56896	706	23167
miR-205-1-5p	miR-205-1-5p	1186	16875	1556	2486	122	25948	51891	7577	297	994	10177	24179	15682	5065	563	2093	1462	103	885	63	149	220	6828	5417	2660	19519	263	2213	506	2812	85240	124221	20125	3247	8532	25521	3645	21153	17293	27852	334	80	416	3903	2082	1094	86	3329
miR-204-2b-3p	miR-204-2b-3p	43	73	14	9	0	240	90	0	25	0	0	0	0	0	22	111	150	20	58	32	13	8	53	63	154	270	6	5	0	68	7	0	0	0	0	0	0	0	0	0	3	0	106	99	30	12	8	134
miR-204-1/2b-5p	miR-204-1/2b-5p	14270	7045	1802	1281	501	44703	6521	1349	9543	2045	759	326	3282	1518	5698	8757	31658	2290	7398	4792	1255	5413	16614	20305	19429	68742	450	1217	604	56620	5962	2609	1722	359	846	1350	268	166	6872	1202	2713	3150	2214	11403	3015	11978	1216	14046
miR-200b-5p	miR-200b-5p	0	55	20	6	0	1	58	3	0	8	32	196	125	31	23	0	0	0	0	15	0	0	0	18	3	72	0	33	12	57	76	214	26	0	23	71	0	49	69	74	0	0	0	30	80	48	0	69
miR-200b-3p	miR-200b-3p	348	9118	743	854	152	6259	80653	37891	118	8600	20639	52969	26503	7438	1498	4107	2787	148	916	134	396	289	5390	2793	2196	19407	36	1782	822	2016	67410	219846	7662	8606	6456	24248	1132	17073	12130	28498	558	692	1483	2794	6618	1685	252	3948
miR-200a-3p	miR-200a-3p	85	945	273	344	65	1045	4794	14730	251	1208	4522	4552	2222	814	515	527	1248	49	244	63	24	10	671	328	262	2078	32	710	801	237	6243	12993	1948	894	1127	2076	611	1881	1605	3474	48	81	58	572	1408	624	246	1587
miR-19b-3p	miR-19b-3p	132	47	39	8	0	135	0	0	0	945	461	358	456	58	1	549	189	34	0	48	103	17	221	27	186	431	38	39	0	0	0	0	84	268	103	234	0	75	160	359	5	45	16	64	48	194	100	188
miR-199-5p	miR-199-5p	3194	1882	3057	633	908	8149	517	140	1171	2327	4226	1628	2147	716	312	784	2251	129	2145	735	94	1318	8340	4664	8874	12073	785	1153	475	1166	323	196	2075	2415	1969	2118	1228	2175	1909	2368	305	3	213	693	2814	7956	157	2092
miR-199-3p	miR-199-3p	7705	7395	12214	2994	2104	47993	6676	4361	6909	37120	43625	15519	17484	7773	2194	5436	12711	1151	11544	4504	873	4946	38454	23421	38318	60546	1549	6155	1418	16596	2745	3847	9261	18231	14697	18422	6922	23659	13987	12114	1886	714	2110	6620	15658	38885	834	13752
miR-196d-5p	miR-196d-5p	113	53	16	13	15	306	0	48	186	0	0	0	0	0	8	0	3	9	0	2	22	2	579	230	564	666	6	47	1	0	0	0	0	0	0	0	0	0	0	0	1	0	0	11	22	86	0	111
miR-196d-3p	miR-196d-3p	95	25	28	31	20	328	69	0	14	0	0	0	0	0	8	0	0	17	18	14	0	0	268	117	354	365	8	0	3	61	13	0	0	0	0	0	0	0	0	0	5	0	8	55	10	132	0	47
miR-196a-5p	miR-196a-5p	218	182	77	32	51	2318	0	106	0	0	0	0	0	0	196	60	328	30	157	73	21	124	1700	1087	2023	3257	13	116	19	183	228	232	0	0	0	0	0	0	0	0	44	0	41	55	109	470	4	236
miR-194a-5p	miR-194a-5p	47	0	1108	14	15	23	130	0	9	12303	12694	586	522	0	1	43	117	11	0	18	28	2	31	13	2	15	15	107	24	82	216	117	691	496	210	526	729	411	293	0	0	0	24	122	66	136	49	203
miR-194a-3p	miR-194a-3p	0	0	40	0	0	0	0	0	0	0	152	35	2	0	0	0	0	0	0	0	0	0	0	0	0	0	0	0	0	0	0	0	0	0	0	4	0	0	0	0	0	0	0	0	0	0	0	0
miR-193a-2-5p	miR-193a-2-5p	555	349	334	89	245	2497	184	37	134	332	135	0	58	46	203	1	263	40	191	92	0	61	1565	873	1435	1706	91	331	74	137	0	18	507	272	120	124	238	61	214	345	6	34	0	44	113	1819	12	359
miR-191-5p	miR-191-5p	14671	29021	24824	11424	11335	41459	0	0	0	0	0	0	0	0	5328	25999	29744	2148	5170	2000	2676	2380	44924	17060	31283	44013	5395	16400	4596	0	0	0	0	0	0	0	0	0	0	0	3198	1877	2311	7577	5033	12055	1286	15870
miR-18c-5p	miR-18c-5p	45	26	24	7	36	52	111	122	0	0	0	0	0	0	31	92	379	53	0	14	0	0	38	44	74	179	2	17	24	64	224	31	0	0	0	0	0	0	0	0	1	0	0	50	28	77	25	131
miR-18a/b-5p	miR-18a/b-5p	128	8	24	1	12	0	0	0	0	44	65	0	5	0	0	352	179	0	71	4	1	2	6	0	27	76	11	20	11	0	0	0	31	0	2	27	15	24	13	150	1	0	0	21	4	60	17	29
miR-18a-3p	miR-18a-3p	93	66	107	21	0	34	277	60	61	87	83	82	281	121	0	0	0	0	0	0	0	0	125	77	83	142	15	43	0	69	75	0	59	0	35	64	0	56	62	146	0	0	0	0	0	0	0	0
miR-184-3p	miR-184-3p	83	1336	358	292	129	3042	24362	57666	1357	673	1002	2880	1536	1710	268	1740	453	77	65	26	75	134	1246	964	553	5469	20	1397	710	871	31926	48980	1386	869	904	651	190	709	1077	2824	114	2	24	385	733	143	14	677
miR-183-5p	miR-183-5p	648	211	194	150	391	764	5044	43318	424	577	250	2720	4837	197	7	651	190	57	32	35	26	91	239	278	207	499	38	237	167	525	7440	11106	626	672	214	695	31	307	189	1443	59	10	128	78	21	256	16	419
miR-182b-5p	miR-182b-5p	65	20	0	9	33	2	2	141	35	90	89	151	1243	50	18	102	0	11	33	19	5	45	32	10	8	20	8	13	0	110	138	1	109	76	37	3	0	32	24	162	0	0	9	25	9	58	0	64
miR-182a-5p_gac-miR-182b-5p	miR-182a-5p_gac-miR-182b-5p	8	0	4	1	0	40	420	8994	52	21	0	23	115	0	0	9	121	1	0	5	2	0	23	19	0	53	2	23	3	30	1151	1497	5	0	4	9	0	7	0	18	0	0	0	3	3	16	7	20
miR-182a-5p	miR-182a-5p	55	40	22	17	102	183	7521	18901	32	350	28	729	233	31	0	333	258	11	0	0	0	61	101	58	26	120	12	54	44	306	7316	12627	136	52	55	217	68	105	96	248	35	0	2	7	5	90	6	119
miR-181b-2/3-5p_gac-miR-181c-5p	miR-181b-2/3-5p_gac-miR-181c-5p	1078	719	817	197	206	3660	1405	6102	1234	908	7029	2199	2306	200	474	1729	3321	249	814	328	207	298	1404	1155	2098	2412	111	469	181	1917	1773	3172	674	1792	509	1535	965	773	699	1461	461	32	312	837	813	2333	231	2796
miR-181b-1-5p	miR-181b-1-5p	692	611	350	80	89	2085	145	79	131	119	167	149	425	111	105	615	875	14	46	52	109	142	776	718	978	1294	51	205	94	343	153	86	157	117	69	78	141	104	184	200	116	0	59	198	160	350	60	346
miR-181a-5p	miR-181a-5p	13059	7350	7169	1470	2420	26278	2883	6357	3472	5015	18748	5674	10757	965	1252	9553	12339	515	4787	1490	732	1336	13517	11363	13823	15815	1701	5255	1970	8665	4525	8493	4774	4213	3046	3804	3094	2878	2808	3952	1426	389	1926	2935	4027	14028	1119	9875
miR-181a-3-3p	miR-181a-3-3p	567	311	344	153	480	1196	124	356	395	190	347	230	179	122	0	0	0	0	0	0	0	0	806	437	585	835	64	709	278	826	348	383	89	202	78	125	109	115	145	268	0	0	0	0	0	0	0	0
miR-181a-2-3p_gac-miR-181a-3-3p	miR-181a-2-3p_gac-miR-181a-3-3p	30	1	64	6	18	44	277	325	150	45	94	66	51	0	1263	17138	14701	1355	3642	1240	897	1572	22	23	10	63	0	64	6	159	329	649	0	62	3	20	0	7	4	81	1883	960	1077	2965	2588	5579	659	7807
miR-181a-2-3p	miR-181a-2-3p	1110	595	1757	297	923	1868	5171	6761	1856	594	2263	1202	1552	331	0	0	0	0	0	0	0	0	1885	979	1230	1801	137	1689	463	4511	4523	10334	278	1321	173	661	116	244	523	946	0	0	0	0	0	0	0	0
miR-181a-1-3p	miR-181a-1-3p	270	123	169	91	350	459	495	332	119	39	12	334	126	0	101	334	115	3	0	15	0	0	246	204	212	234	56	230	180	371	574	1043	48	78	17	61	0	0	26	28	14	17	3	74	110	240	53	343
miR-17a-5p	miR-17a-5p	260	28	9	10	0	63	74	0	0	224	272	153	179	41	1	468	772	25	15	78	51	31	143	69	124	254	30	33	0	0	161	36	46	204	19	23	0	29	38	4	0	0	3	12	68	283	81	61
miR-16c-5p	miR-16c-5p	44890	39092	25529	10028	8677	78794	30862	22198	13807	81673	82292	94522	201888	23400	7478	151759	117727	8904	32797	15423	19634	2756	78510	34082	82108	103292	8391	39682	4641	52505	47138	44908	61964	95844	42073	46722	33611	44062	34304	45586	24455	6852	10408	27173	34066	90473	11603	85429
miR-16a-5p_gac-miR-16c-5p	miR-16a-5p_gac-miR-16c-5p	2462	1205	1855	586	483	4632	963	1091	865	19601	15720	10138	20666	3340	617	14135	8177	699	1839	1406	1284	532	5249	2035	4326	6947	1017	2448	268	2224	1445	2280	6719	12529	6149	6895	4567	6323	4296	8398	1111	234	1226	2063	2856	6614	911	5458
miR-16a-5p	miR-16a-5p	3650	1774	1435	540	696	5343	654	1897	589	0	0	0	0	0	141	2444	2558	129	388	288	300	336	5991	2608	5945	13686	1013	2255	306	1267	1551	779	0	0	0	0	0	0	0	0	288	138	215	793	663	1652	171	1275
miR-15c-5p	miR-15c-5p	105615	75744	61122	19222	16827	136626	24766	23997	9194	84198	56580	38477	107034	21742	5716	66882	52851	5566	27583	11196	7507	4581	156659	53428	133844	174583	18807	44306	5034	33401	34820	37095	54018	45772	43860	40769	16424	39154	31023	67720	12859	2055	7926	16421	21208	81054	10401	36151
miR-15c-3p	miR-15c-3p	49	6	15	1	7	90	0	0	0	10	8	0	45	4	0	0	0	0	0	0	0	0	21	11	3	26	5	6	0	0	0	0	9	0	5	0	110	3	13	0	0	0	0	0	0	0	0	0
miR-15b-1-5p	miR-15b-1-5p	2165	182	216	31	54	662	185	20	65	125	145	93	11	63	32	567	555	22	46	128	73	58	930	226	485	2224	148	90	14	45	64	0	195	300	102	78	19	99	32	381	23	0	126	179	135	722	235	332
miR-15a-2-5p	miR-15a-2-5p	8527	4563	5950	2139	2316	9481	1653	5139	4441	28470	28123	14387	35563	5869	3717	54855	29650	3111	10815	6490	4350	1529	11499	4082	11350	15401	3857	6704	1298	2746	3156	2820	13737	18248	10258	9590	7484	8973	6553	16204	6124	1559	3921	7971	10193	35517	9613	38356
miR-155-5p	miR-155-5p	457	155	196	87	151	315	1512	3821	842	207	206	487	1214	64	329	8566	4492	388	1496	950	354	113	176	160	100	267	75	208	164	5504	2871	9813	135	322	120	502	30	266	352	192	760	134	418	1032	1646	3079	297	2378
miR-152a-5p	miR-152a-5p	229	69	385	20	109	513	755	908	782	256	1204	961	232	123	29	354	89	19	54	37	15	114	546	248	411	647	32	186	80	669	818	1166	507	718	98	142	326	225	239	419	0	5	22	104	200	596	13	317
miR-152a-3p	miR-152a-3p	325	86	181	52	69	705	56	120	155	1122	2853	728	445	214	44	293	238	27	196	35	38	213	719	260	527	1163	82	330	88	413	58	112	373	792	242	407	113	338	722	296	16	0	14	83	195	408	38	585
miR-150-5p	miR-150-5p	1524	14023	2088	2587	488	2157	28434	7351	5031	8344	1646	53423	13204	4746	2221	18203	10309	513	8643	1133	648	349	806	479	1106	2074	601	2260	2126	18945	26686	72722	44019	2790	4777	83994	4684	27061	24525	35507	2799	326	7062	2843	5933	30804	4635	40101
miR-148a-3p	miR-148a-3p	323	121	292	56	75	860	152	36	109	12060	5533	2032	906	173	71	741	1260	38	418	327	30	213	857	293	576	1137	100	164	82	586	309	273	698	1367	394	493	1125	575	775	424	25	18	103	460	734	1069	211	1328
miR-146a-5p	miR-146a-5p	4531	2093	4688	1519	935	8345	10628	18149	4157	78858	84230	53724	189173	52986	2695	53125	30293	4928	8617	3171	2292	4504	5780	3307	3962	9860	710	14288	1576	9785	12548	17423	10848	78312	19282	40646	5528	49168	19103	64295	2187	1771	3553	9217	10258	20031	793	30288
miR-146a-3p	miR-146a-3p	83	61	160	51	86	212	360	950	114	2568	2912	2265	7801	2403	0	0	0	0	0	0	0	0	149	87	70	256	17	115	59	116	565	595	929	2581	751	1349	1364	1680	761	3385	0	0	35	0	9	3	2	23
miR-145-5p	miR-145-5p	435	212	2163	296	87	1075	306	306	264	1605	2673	634	1615	1094	81	634	582	11	434	121	24	69	2337	543	1538	2921	303	1477	37	804	121	463	3541	388	972	2895	1051	1418	1447	1035	41	27	215	374	56	407	25	508
miR-145-3p	miR-145-3p	135	82	1698	119	160	972	116	293	102	975	1812	888	685	425	134	696	887	37	374	20	0	244	1022	367	888	1178	67	1860	174	500	130	675	1281	758	283	1322	1082	762	358	854	80	17	173	212	93	436	12	1291
miR-144-5p	miR-144-5p	5758	942	1265	610	1460	6588	342	995	1066	8369	5594	1968	3962	998	216	3881	4379	1255	513	1158	441	509	6634	2073	4356	8552	1161	2462	160	960	560	151	1544	2842	2024	2240	539	1748	1765	3844	258	321	861	682	620	2896	875	4808
miR-144-3p	miR-144-3p	802	49	294	66	68	262	0	73	61	953	238	285	534	119	3	842	762	22	38	129	5	85	940	110	251	1686	575	397	26	120	48	0	206	275	181	169	99	8	179	834	0	8	27	62	100	210	206	486
miR-143-5p	miR-143-5p	0	5	13	0	11	0	0	0	22	22	47	69	0	0	0	0	0	0	0	0	0	0	15	0	11	21	0	8	0	0	0	39	0	0	0	24	55	12	0	3	0	0	0	0	0	0	0	0
miR-143-3p	miR-143-3p	4068	1799	25105	1733	3487	10615	4765	34776	27387	34322	42160	16774	12050	15740	1213	18305	15445	1190	4077	1170	372	2435	10945	3838	7795	18067	2049	78180	3852	10640	3035	5314	25879	13532	6156	16278	13579	9058	9256	11317	1284	1459	1694	6503	2405	5592	491	23495
miR-142-5p	miR-142-5p	481	113	221	116	403	316	247	1892	1110	321	170	268	1273	121	66	7497	2788	199	922	210	200	53	310	124	180	574	321	913	486	666	1050	321	138	413	123	144	0	105	129	241	658	6	438	316	741	860	413	1227
miR-142-3p	miR-142-3p	514	61	16	20	4	54	0	0	116	294	132	118	570	7	9	1672	106	37	152	135	21	91	120	14	89	219	94	154	10	394	817	303	62	138	49	68	0	74	171	200	193	0	23	155	255	196	241	488
miR-140-5p	miR-140-5p	24	2	6	0	0	73	77	0	0	124	191	0	166	47	0	0	75	2	0	28	28	44	191	43	53	161	17	29	3	0	0	66	89	49	44	79	51	60	55	72	0	0	13	2	3	763	0	58
miR-140-3p	miR-140-3p	3562	992	1501	382	979	3467	1290	789	1027	2611	2626	1452	1079	627	60	5607	4362	443	1731	1000	408	694	13885	2621	3559	5995	592	1106	258	1472	1005	819	930	1546	729	1321	210	500	479	2498	536	231	612	995	753	20159	1125	3306
miR-139-5p	miR-139-5p	320	368	1306	194	84	564	59	246	73	885	5238	674	288	158	491	1650	1426	50	541	122	177	116	785	250	1302	1180	92	306	89	155	97	90	605	862	370	647	649	683	746	480	224	39	7	1215	480	694	62	978
miR-1388-3p	miR-1388-3p	800	252	188	128	313	575	645	1304	1774	305	473	1040	1260	55	560	4124	4788	436	796	112	244	120	341	194	135	340	187	312	433	1232	1446	1484	294	208	199	363	49	512	289	776	529	125	283	638	746	1928	639	2542
miR-135a-1-5p	miR-135a-1-5p	0	1	0	3	0	0	0	0	0	58	19	9	235	0	0	0	0	0	0	1	0	0	20	2	25	1	0	0	0	0	0	0	15	0	59	39	70	65	36	42	0	0	0	0	0	128	0	14
miR-133b-3p	miR-133b-3p	231	8	87	4	22	309	0	0	0	15	11	0	381	8	0	0	99	0	153	31	0	21	816	409	289	447	42	20	9	0	0	0	10	0	22	0	0	37	12	34	0	0	0	29	11	410	10	23
miR-133a-5p	miR-133a-5p	117	18	33	15	16	235	0	0	0	40	18	0	0	0	69	249	39	32	103	28	0	73	377	147	572	569	29	2	0	0	0	0	0	0	29	0	0	11	24	0	93	68	134	54	94	1307	1	290
miR-133a-3p_gac-miR-133b-3p	miR-133a-3p_gac-miR-133b-3p	273	15	50	28	1	130	0	0	0	0	0	0	0	0	7	0	0	0	0	67	4	10	565	223	181	459	102	29	0	0	0	0	0	0	0	0	0	0	0	0	0	0	0	72	19	999	10	89
miR-133a-3p	miR-133a-3p	25269	6194	12257	2110	2215	80288	250	549	94	7926	1741	2482	3444	1369	1446	1067	2021	867	9183	5613	513	2334	120908	58756	72720	68731	6713	6410	65	209	153	331	925	1345	3711	2351	140	5275	4166	3613	1194	2245	1250	7369	4669	117050	654	12130
miR-130c-3p	miR-130c-3p	0	0	0	0	0	0	70	35	0	5	4	142	0	0	17	0	377	1	0	4	9	0	2	0	7	39	1	3	4	0	0	44	0	0	3	11	36	0	0	0	55	0	0	21	19	27	15	28
miR-130c-2-5p	miR-130c-2-5p	38	8	11	9	0	106	74	170	60	15	15	121	26	0	82	532	238	31	62	2	41	8	98	60	77	100	2	15	9	90	29	0	22	0	2	17	40	0	15	0	4	3	0	119	31	40	13	97
miR-130b-5p	miR-130b-5p	1915	1609	3555	688	929	5477	5971	14540	4771	1250	927	3712	1913	650	1031	7418	3832	310	1155	244	460	467	5940	3488	4722	8025	251	1530	699	6051	7959	10913	772	1480	400	871	939	943	902	1225	532	1038	603	2093	733	2104	199	1759
miR-130b-3p	miR-130b-3p	5	4	0	5	0	28	0	59	0	1	3	0	144	0	0	243	118	5	0	0	2	73	12	2	26	115	2	0	0	0	0	0	0	0	0	4	0	0	0	0	3	10	67	77	11	11	11	17
miR-1306-5p	miR-1306-5p	189	264	197	55	75	364	0	0	0	442	74	324	128	165	0	0	0	0	0	0	0	0	509	169	389	743	74	79	0	0	0	0	328	254	91	215	41	127	155	102	0	0	0	0	0	0	0	0
miR-129-1b/2-3p	miR-129-1b/2-3p	0	6	5	1	0	0	0	32	0	0	0	0	0	0	19	0	0	3	83	14	5	25	0	0	11	8	0	5	0	0	57	61	0	0	0	0	0	0	0	0	0	116	4	72	3	82	19	65
miR-129-1a/2-5p	miR-129-1a/2-5p	45	10	0	17	13	23	239	1037	0	0	0	14	0	0	2	25	229	4	61	7	0	57	114	20	88	146	2	17	9	0	225	400	14	0	3	3	0	0	8	91	0	0	0	11	0	2	0	51
miR-128-2-3p	miR-128-2-3p	16671	13452	12709	5006	11055	33520	10903	20019	13154	18106	28617	27977	34205	8384	4626	36006	28156	2819	9354	4994	3313	2835	35724	11228	26176	36113	3279	15563	3056	18349	17061	26033	17731	22775	7805	10691	9693	12765	8943	17005	5618	2073	4025	7936	6862	27995	3886	23486
miR-126b-5p	miR-126b-5p	415	195	996	214	137	1459	175	477	139	4219	2604	640	1114	436	274	1376	2748	210	883	350	141	515	1340	806	1808	4698	162	1196	433	625	147	125	862	316	1073	1042	418	701	1560	879	539	0	299	2430	952	1876	156	4433
miR-126b-3p	miR-126b-3p	9514	4156	15499	3504	4867	24707	6171	18967	4173	65946	53751	11742	26359	13778	3541	34288	39716	3913	16496	6036	2077	5460	15808	12343	22921	42793	2149	35719	6821	20894	8151	8310	11093	11441	15715	18520	3854	11475	30208	22382	4923	1773	4513	32319	16075	25893	2405	75540
miR-125b-2/3-5p	miR-125b-2/3-5p	29723	16167	42255	11648	19723	62402	21661	54177	22964	81041	49992	32586	30748	31937	7410	13923	28219	2464	34865	7373	1272	12876	93186	38559	82936	142062	8140	20592	5333	26779	14617	18869	79911	22593	44015	48970	15008	38126	89547	41970	4355	2586	8195	18073	21300	132762	1484	24487
miR-125b-2-3p	miR-125b-2-3p	88	150	146	65	161	374	0	168	194	100	85	105	5	105	204	223	647	34	428	89	8	75	357	143	248	433	16	327	54	146	7	116	79	155	39	45	154	47	77	185	306	291	98	254	177	583	37	745
miR-125a-5p	miR-125a-5p	24539	18885	34077	8934	21452	52704	10503	19676	7699	48738	18840	15567	24455	12817	6966	51280	31888	3325	41633	6640	3154	8350	63724	25940	36991	67248	4588	28703	7379	18075	7171	16079	38448	9869	20967	30261	6656	20276	29994	27504	8941	4425	10288	14716	14528	77535	7306	33497
miR-125a-1-3p_gac-miR-125a-2-3p	miR-125a-1-3p_gac-miR-125a-2-3p	3	59	11	0	0	101	0	0	0	0	0	0	0	0	0	0	0	0	0	0	0	0	86	52	69	64	3	33	0	0	0	0	0	0	0	0	0	0	0	0	0	0	0	0	0	0	0	0
miR-122-5p	miR-122-5p	159	885	166147	2589	8669	1515	63	788	958	418734	1944070	17290	5657	814	5383	1281	1819	126	313	20	743	393	517	193	751	969	1782	8977	5351	1110	428	1363	14242	160993	6719	3854	287619	2223	26923	157	1118	168	1558	97	625	1362	110	45719
miR-122-3p	miR-122-3p	0	0	1049	16	0	0	0	0	0	4823	4588	319	0	60	0	0	12	0	0	0	19	0	0	0	14	0	7	34	13	0	0	0	185	866	89	36	464	22	139	0	0	0	0	0	0	28	0	102
miR-10c-5p	miR-10c-5p	1188	631	2608	493	1358	2659	1841	1771	1619	2186	8918	30602	15963	4437	454	600	882	114	449	104	77	511	3418	1631	2675	4370	239	4118	1557	2991	2314	2293	5164	13319	1820	3968	2668	7806	4500	11222	581	385	260	236	153	783	56	527
miR-10b-5p	miR-10b-5p	14920	3952	7678	2313	5791	46263	16684	18459	19342	4018	2523	5409	12087	6369	3418	30903	50095	8147	10829	4912	3221	14995	45320	24482	31178	58884	1804	13717	4290	43020	18194	10481	3464	6988	1362	3640	1257	1139	6962	13750	6322	5736	8025	14079	9899	24302	682	19662
miR-10545-5p	miR-10545-5p	11	3	0	1	0	0	0	0	0	22	19	0	1	0	0	299	0	0	0	0	0	0	0	39	2	22	0	0	0	0	0	43	18	0	10	9	0	9	21	0	0	0	0	0	3	0	0	0
miR-103-3p	miR-103-3p	1329	895	1230	357	334	1503	864	518	417	3721	3056	1105	2370	291	154	5653	1321	230	398	417	274	205	1754	706	1949	2858	328	1092	198	884	1034	1495	782	1505	705	786	157	743	673	1056	624	109	212	773	858	1653	539	1902
miR-101b-5p	miR-101b-5p	832	334	595	168	102	753	0	253	212	999	1654	378	1039	299	221	998	273	26	717	228	54	14	1205	365	947	1554	156	257	23	324	145	222	410	772	492	423	288	382	361	634	11	0	29	275	275	1707	394	1117
miR-101b-3p	miR-101b-3p	39	12	14	4	8	57	0	0	0	121	132	0	148	163	0	472	334	11	104	7	0	0	89	8	68	113	14	20	7	0	0	0	0	142	15	2	31	16	35	85	12	0	0	28	31	22	70	239
miR-101a-3p	miR-101a-3p	4454	1505	2531	1081	3015	8836	1119	1230	967	26657	7871	6471	14243	5765	380	16334	3579	996	1963	1650	933	829	13084	3034	9494	22038	2042	5311	1743	1059	2084	1800	2015	4326	1895	3339	946	1116	2593	8788	2360	490	1093	1453	1539	4474	2715	11937
miR-100-2-5p	miR-100-2-5p	45970	21619	63535	10946	51662	160377	40494	83458	46174	88728	108798	136199	126863	87546	7988	29116	47979	9053	26288	10045	5139	25071	167155	71533	111928	147345	7281	47042	10875	57581	24756	44455	90905	130728	46797	61192	32597	63933	87434	177793	9217	8673	14041	23121	24820	90545	1349	45811
miR-1-3p	miR-1-3p	32420	10103	11169	2024	43972	162842	1665	61876	13010	20331	6169	4032	13948	4781	6944	11591	27127	7355	11215	9734	3362	12909	160586	95516	113217	194971	5009	36032	1201	3522	729	1388	3573	5502	5494	2897	3475	5509	11807	7867	4353	10547	11051	16526	12326	63140	484	35441
let-7j-5p	let-7j-5p	1484	1346	1596	630	1043	3804	1651	10058	4127	5416	13232	4711	9871	1432	1369	23791	15764	1247	2099	1441	928	965	3055	1724	2967	4847	587	3250	692	2782	3155	5500	2877	6441	2053	2542	3992	2767	1996	2687	1760	447	1775	2111	2746	5666	898	9778
let-7j-3p	let-7j-3p	8	29	9	5	0	11	0	98	19	73	138	0	291	0	1	105	170	6	4	6	24	0	0	9	3	9	13	28	1	95	55	0	82	102	36	16	23	41	24	116	0	0	0	7	32	58	4	38
let-7i-5p	let-7i-5p	806	556	2152	277	898	3069	0	1336	627	3502	2700	3522	11477	220	337	6358	5695	330	1947	726	411	919	1834	1002	2205	2555	143	1582	373	621	675	1375	765	5555	537	668	2925	1673	622	1140	488	534	1003	1705	1783	5777	348	5237
let-7h-1-5p	let-7h-1-5p	4531	3550	4334	1544	6023	16758	19438	43637	14955	14587	31090	32022	38512	5075	7082	83025	44008	4564	9971	5282	7101	3237	15470	7507	11491	18261	891	7502	2960	27221	28241	49384	8036	38553	5562	8081	12291	10754	5862	14069	8105	6732	5727	10347	10171	26614	4411	35376
let-7h-1-3p	let-7h-1-3p	538	645	949	144	68	1145	100	460	137	130	187	53	269	177	142	1795	1088	58	333	141	45	90	1304	796	1092	1514	103	267	101	353	412	422	68	87	66	86	149	61	143	178	195	68	82	394	547	1293	159	559
let-7g-5p	let-7g-5p	34672	21099	25485	6144	33426	84733	25198	96084	42018	48491	72330	60935	74685	14675	17007	211912	137714	18089	40400	17616	15442	9430	73435	30665	55441	80900	6444	30203	11551	39170	37035	64982	37445	80110	19951	27979	38286	34289	18373	37603	26168	12677	20996	30909	33066	116347	13552	121175
let-7f-5p	let-7f-5p	4295	1880	2389	833	3352	9200	9279	46254	16609	56928	38161	25843	36707	6089	3141	74760	37514	4279	5898	2958	3224	1780	7417	3290	6137	10536	498	6344	2852	15898	15447	19986	12128	28166	7055	10380	17710	13618	7868	11917	3609	2011	3743	5600	7460	15796	2672	28282
let-7e-5p	let-7e-5p	65695	35487	36337	11538	104284	120603	145044	516807	177138	96198	200073	287204	462025	51701	24640	606259	337549	54744	56409	52914	62379	31826	106227	46845	90496	136000	9081	120315	42816	206614	192891	293701	61734	318911	40774	63149	84884	87922	43668	123426	57816	37919	53312	83661	97908	141649	18055	200812
let-7d-5p	let-7d-5p	12253	12723	13019	3932	14520	75980	25513	100597	46394	56311	31020	49836	75712	25713	15932	92035	45264	6765	21688	8792	3098	5073	56512	26635	51247	79354	1859	26772	6860	54162	18534	43883	48322	38503	20349	36986	54985	24297	24616	39862	8043	10333	7328	17332	12417	47661	5699	52124
let-7c-2/d-3p	let-7c-2/d-3p	29	8	100	7	5	103	0	0	0	69	71	25	0	8	20	137	219	8	0	14	31	100	87	35	70	188	7	75	14	83	0	53	45	0	11	79	35	29	68	16	7	0	4	87	123	314	8	235
let-7c-2-5p	let-7c-2-5p	8005	7548	6283	2562	11504	35573	8196	44922	23082	62277	25313	59408	31802	23588	4220	7311	10402	1537	10254	2914	846	2246	29946	17175	30126	45333	1652	14420	5136	13436	6684	15258	65645	25791	25825	25934	43305	27089	28832	47174	1469	2593	2381	8454	6975	19696	580	17613
let-7b-5p	let-7b-5p	16479	24668	58578	11557	48251	128526	130867	329864	160434	202383	212097	155145	100014	69600	48009	106712	63051	12098	90732	25689	8214	10866	107419	47942	73616	118315	4452	64017	28849	175921	97279	228138	158825	138896	56897	99767	282491	99446	91478	141413	16161	21300	17603	58952	38201	141798	18280	167830
let-7b-1-3p	let-7b-1-3p	1348	1690	3210	310	289	3356	0	0	0	0	0	0	0	0	631	4596	2901	330	4558	987	431	730	6252	2379	2854	4609	255	776	174	0	0	0	0	0	0	0	0	0	0	0	600	435	377	3897	3033	7679	473	3113
let-7a-5p_gac-let-7c-2-5p	let-7a-5p_gac-let-7c-2-5p	822	358	1244	536	1855	2556	638	3485	1195	2348	2936	1825	2130	875	964	5872	3260	1122	1477	1870	705	592	2706	1130	1461	2055	493	2564	837	1386	826	1110	1700	2101	1409	837	1329	1482	708	2216	1059	485	761	1585	1522	6515	1439	8490
let-7a-5p	let-7a-5p	269005	188954	165109	55018	227407	747133	391096	1293105	527049	894510	1401594	1055155	1058478	302153	200391	957707	598741	126093	298400	186506	97050	67705	608409	263099	482235	693635	31522	329886	107146	551347	427019	789401	794153	1164680	438115	524120	1018228	656778	394737	808909	129317	114832	110761	300960	330346	858195	100649	1035377
let-7a-5-3p	let-7a-5-3p	863	350	305	149	62	245	2	204	75	99	472	158	1361	102	1	412	581	21	168	96	51	17	486	212	496	841	104	176	12	463	362	189	220	521	176	165	180	169	224	252	33	0	23	246	216	880	46	231
let-7a-4-3p	let-7a-4-3p	0	0	7	0	0	0	0	0	0	0	0	0	0	0	0	0	1	0	62	0	0	0	19	7	21	0	1	0	0	0	0	0	0	0	0	0	0	0	0	0	0	0	0	0	0	11	0	0
let-7a-3/7-3p	let-7a-3/7-3p	88	38	226	31	32	357	226	95	31	230	545	188	82	78	104	532	979	19	83	143	24	6	318	186	300	474	36	203	13	104	117	297	81	102	109	198	15	178	168	169	101	105	19	405	334	653	34	272
REV_let-7f-3p	REV_let-7f-3p	13	8	3	2	0	0	0	0	0	0	3	0	0	0	0	0	0	0	0	0	0	0	0	6	8	3	0	8	0	0	0	0	0	0	0	0	0	2	0	73	0	0	0	0	0	0	0	0
REV_miR-137-1-3p	REV_miR-137-1-3p	0	0	0	0	0	0	46	0	0	0	0	0	0	0	0	0	0	0	0	0	0	0	20	0	7	16	0	0	0	0	0	0	34	0	0	0	0	0	0	0	0	0	0	0	0	0	0	0
REV_miR-181b-2/3-5p	REV_miR-181b-2/3-5p	19	0	12	3	0	63	0	0	0	5	120	0	0	0	0	0	0	0	0	0	0	0	19	33	12	124	0	1	7	0	0	0	18	20	4	10	0	9	22	0	0	0	0	0	0	0	0	0
REV_miR-190a-5p	REV_miR-190a-5p	5	0	11	0	0	19	0	0	0	82	111	0	98	1	0	0	0	0	0	0	0	0	1	9	18	18	0	0	2	0	0	0	37	140	9	6	63	8	46	0	0	0	0	0	0	0	0	0
REV_miR-193a-2-3p	REV_miR-193a-2-3p	0	0	12	0	0	0	0	0	0	0	0	0	0	0	0	0	0	0	0	0	0	0	0	0	5	0	5	0	0	0	0	0	0	0	0	0	0	0	0	0	0	0	0	0	0	0	0	0
REV_miR-19a-1-3p	REV_miR-19a-1-3p	6	19	0	10	0	41	0	0	0	178	34	0	1	2	0	0	0	0	0	0	0	0	43	20	54	65	6	9	0	0	0	0	19	74	39	50	0	0	16	306	0	0	0	0	0	0	0	0
REV_miR-2184-5p	REV_miR-2184-5p	19	1	34	12	19	112	0	0	0	109	75	0	0	0	0	0	0	0	0	0	0	0	107	37	70	205	8	38	1	0	0	0	39	18	43	27	0	18	55	60	0	0	0	0	0	0	0	0
REV_miR-24-3-5p	REV_miR-24-3-5p	0	0	0	0	0	1	0	0	0	0	0	0	68	0	0	0	0	0	0	0	0	0	0	0	0	15	0	13	0	0	0	0	0	0	4	0	0	0	0	0	0	0	0	0	0	0	0	0
REV_miR-29b-1a-5p	REV_miR-29b-1a-5p	3	17	0	13	0	22	0	0	0	0	0	0	0	0	0	0	0	0	0	0	0	0	6	2	27	6	0	0	0	0	0	0	0	0	0	0	0	0	0	0	0	0	0	0	0	0	0	0
REV_miR-7bb-3p	REV_miR-7bb-3p	0	0	0	0	0	0	0	0	0	0	0	0	0	0	0	0	0	0	0	0	0	0	17	9	0	5	0	0	0	0	0	0	0	0	0	0	0	0	0	0	0	0	0	0	0	0	0	0
REV_miR-9-7-3p	REV_miR-9-7-3p	0	0	0	0	0	0	0	0	0	0	0	0	0	0	0	0	0	0	0	0	0	0	0	2	14	16	0	12	10	0	0	0	0	0	0	0	0	0	0	0	0	0	0	0	0	0	0	0
miR-96-5p	miR-96-5p	0	0	0	0	0	0	0	0	0	0	0	0	0	0	0	0	0	0	0	0	0	0	0	0	0	0	0	0	0	0	0	0	0	0	0	0	0	0	0	0	0	0	0	0	0	0	0	0
miR-9-7-3p	miR-9-7-3p	0	0	0	0	0	0	296	684	159	0	0	0	0	0	0	0	0	0	0	0	0	0	0	0	0	0	0	0	0	963	1021	289	0	0	0	0	0	0	0	0	0	0	0	0	0	0	0	0
miR-26a-1b-3p	miR-26a-1b-3p	0	0	0	0	0	0	65	34	0	67	168	121	384	5	26	85	139	0	0	29	17	4	0	0	0	0	0	0	0	160	104	91	95	93	51	43	36	35	77	108	0	0	101	21	16	39	9	72
miR-223-5p	miR-223-5p	0	0	0	0	0	0	1074	726	227	0	0	0	0	0	116	2003	804	206	215	409	458	150	0	0	0	0	0	0	0	542	993	451	0	0	0	0	0	0	0	0	273	172	110	1016	947	1050	158	851
miR-2184-5p	miR-2184-5p	0	0	0	0	0	0	0	0	0	0	0	0	0	0	0	257	64	0	9	23	0	0	0	0	0	0	0	0	0	38	0	0	0	0	0	0	0	0	0	0	0	0	0	3	56	93	0	35
miR-214a-5p	miR-214a-5p	0	0	0	0	0	0	0	0	0	0	0	0	0	0	0	0	67	0	0	9	0	0	0	0	0	0	0	0	0	10	41	0	0	0	0	0	0	0	0	0	0	0	0	33	10	12	0	0
miR-205-1b-3p	miR-205-1b-3p	0	0	0	0	0	0	66	64	0	0	0	0	0	0	0	0	0	0	0	0	0	0	0	0	0	0	0	0	0	0	0	127	0	0	0	0	0	0	0	0	0	0	0	0	0	0	0	0
miR-205-1a-3p	miR-205-1a-3p	0	0	0	0	0	0	77	0	0	0	0	0	0	0	0	0	0	0	0	0	0	0	0	0	0	0	0	0	0	0	182	396	0	0	0	0	0	0	0	0	0	0	0	0	0	0	0	0
miR-200a-5p	miR-200a-5p	0	0	0	0	0	0	326	81	0	0	0	0	0	0	0	0	0	0	0	0	0	0	0	0	0	0	0	0	0	0	259	519	0	0	0	0	0	0	0	0	0	0	0	0	0	0	0	0
miR-19a-1-3p	miR-19a-1-3p	0	0	0	0	0	0	0	0	0	0	0	0	0	0	0	84	307	17	0	8	5	0	0	0	0	0	0	0	0	0	88	0	0	0	0	0	0	0	0	0	0	0	0	17	29	4	19	80
miR-194b-5p	miR-194b-5p	0	0	0	0	0	0	0	0	0	0	2	0	0	0	0	0	0	0	0	0	0	0	0	0	0	0	0	0	0	0	0	39	0	0	0	25	0	4	0	0	0	0	0	0	0	0	0	0
miR-181b-3-3p	miR-181b-3-3p	0	0	0	0	0	0	74	0	0	0	0	0	0	0	0	40	0	0	15	6	0	0	0	0	0	0	0	0	0	0	0	0	0	0	0	0	0	0	0	0	0	0	0	0	2	25	0	8
miR-150-3p	miR-150-3p	0	0	0	0	0	0	0	271	3	18	0	213	0	0	54	421	429	21	181	48	10	0	0	0	0	0	0	0	0	198	139	182	87	0	16	133	75	27	45	60	0	0	5	91	40	286	65	645
miR-135c-5p	miR-135c-5p	0	0	0	0	0	0	0	0	0	20	954	335	60	0	0	0	37	0	0	0	0	0	0	0	0	0	0	0	0	42	0	0	242	0	13	19	0	18	7	0	0	0	6	0	0	0	0	0
miR-10545-3p	miR-10545-3p	0	0	0	0	0	0	0	29	35	179	195	209	288	21	0	0	0	0	0	0	0	0	0	0	0	0	0	0	0	0	126	125	38	198	29	32	0	57	78	295	0	0	0	0	0	0	0	0
let-7e-1-3p	let-7e-1-3p	0	0	0	0	0	0	5	22	86	120	104	47	324	19	18	229	156	19	63	28	28	0	0	0	0	0	0	0	0	61	99	40	53	59	40	126	59	126	62	53	37	2	18	62	58	102	27	80
REV_let-7f-5p_REV_gac-let-7g-5p	REV_let-7f-5p_REV_gac-let-7g-5p	0	0	0	0	0	0	0	59	0	0	0	0	0	0	0	0	0	0	0	0	0	0	0	0	0	0	0	0	0	67	14	0	0	0	0	0	0	0	0	0	0	0	0	0	0	0	0	0
REV_miR-1306-5p	REV_miR-1306-5p	0	0	0	0	0	0	206	102	4	0	0	0	0	0	5	64	0	0	123	11	0	0	0	0	0	0	0	0	0	332	135	122	0	0	0	0	0	0	0	0	0	0	0	2	15	32	19	63
REV_miR-18a/b-5p	REV_miR-18a/b-5p	0	0	0	0	0	0	0	0	31	0	0	0	0	0	0	0	0	0	0	0	0	0	0	0	0	0	0	0	0	0	0	54	0	0	0	0	0	0	0	0	0	0	0	0	0	0	0	0
REV_miR-190b-5p	REV_miR-190b-5p	0	0	0	0	0	0	0	0	0	0	0	0	0	0	0	0	0	0	0	0	0	0	0	0	0	0	0	0	0	0	0	44	0	0	0	0	0	0	0	0	0	0	0	0	0	0	0	0
REV_miR-191-5p	REV_miR-191-5p	0	0	0	0	0	0	82940	187202	36265	9875	7952	36602	39796	7836	0	0	0	0	0	0	0	0	0	0	0	0	0	0	0	51170	71652	243602	21048	11337	6023	17887	8286	12418	12244	24253	0	0	0	0	0	0	0	0
REV_miR-19b-3p	REV_miR-19b-3p	0	0	0	0	0	0	0	0	0	0	0	0	0	0	0	0	0	0	0	0	0	0	0	0	0	0	0	0	0	232	0	68	0	0	0	0	0	0	0	0	0	0	0	0	0	0	0	0
REV_miR-210-3p	REV_miR-210-3p	0	0	0	0	0	0	328	10	0	0	0	0	0	0	0	0	0	0	0	0	0	0	0	0	0	0	0	0	0	131	53	0	0	0	0	0	0	0	0	0	0	0	0	0	0	0	0	0
REV_miR-733-3p	REV_miR-733-3p	0	0	0	0	0	0	0	842	0	0	0	0	0	0	0	0	0	0	0	0	0	0	0	0	0	0	0	0	0	0	0	0	0	0	0	0	0	0	0	0	0	0	0	0	0	0	0	0
REV_miR-8159-5p	REV_miR-8159-5p	0	0	0	0	0	0	0	0	14	0	0	0	0	0	0	0	0	0	0	0	0	0	0	0	0	0	0	0	0	37	0	48	0	0	0	0	0	0	0	0	0	0	0	0	0	0	0	0
REV_miR-9-1/3/5/6-3p	REV_miR-9-1/3/5/6-3p	0	0	0	0	0	0	0	69	0	0	0	0	0	0	0	0	0	0	0	0	0	0	0	0	0	0	0	0	0	0	1	32	0	0	0	0	0	0	0	0	0	0	0	0	0	0	0	0
miR-8160a-5p_gac-miR-8160b-5p	miR-8160a-5p_gac-miR-8160b-5p	0	0	0	0	0	0	0	0	0	0	0	0	0	0	0	0	0	0	0	0	0	0	0	0	0	0	0	0	0	0	0	0	0	71	0	0	0	0	0	0	0	0	0	0	0	0	0	0
miR-8160a-5p	miR-8160a-5p	0	0	0	0	0	0	0	0	0	0	0	0	0	0	0	0	0	0	0	0	0	0	0	0	0	0	0	0	0	0	0	0	27	0	2	0	0	0	5	2	0	0	0	0	0	0	0	0
miR-7132b-3p	miR-7132b-3p	0	0	0	0	0	0	0	0	0	678	709	1839	3955	278	0	0	0	0	0	0	0	0	0	0	0	0	0	0	0	0	0	0	672	1132	275	668	405	693	670	615	0	0	0	0	0	0	0	0
miR-33-5p	miR-33-5p	0	0	0	0	0	0	0	0	0	29	3	0	14	0	0	0	0	0	0	0	0	0	0	0	0	0	0	0	0	0	0	0	0	0	3	0	0	0	14	0	0	0	0	0	0	0	0	0
miR-216a-1-3p	miR-216a-1-3p	0	0	0	0	0	0	0	0	0	0	0	0	0	0	0	0	0	0	0	0	0	0	0	0	0	0	0	0	0	0	0	0	0	63	0	0	0	0	0	0	0	0	0	0	0	0	0	0
miR-19c-3p	miR-19c-3p	0	0	0	0	0	0	0	0	0	16	28	0	32	0	0	0	0	0	0	0	0	0	0	0	0	0	0	0	0	0	0	0	0	0	5	12	0	0	0	0	0	0	0	0	0	0	0	0
miR-183a-3p	miR-183a-3p	0	0	0	0	0	0	0	0	0	0	3	0	111	0	0	0	0	0	0	0	0	0	0	0	0	0	0	0	0	0	0	0	0	0	0	0	0	0	0	0	0	0	0	0	0	0	0	0
miR-181b-2-3p	miR-181b-2-3p	0	0	0	0	0	0	0	0	0	2	31	0	0	0	0	0	0	0	0	0	0	0	0	0	0	0	0	0	0	0	0	0	0	0	0	0	0	0	0	0	0	0	0	0	0	0	0	0
miR-17a-1-3p	miR-17a-1-3p	0	0	0	0	0	0	0	0	0	16	10	23	95	0	0	0	0	0	0	0	0	0	0	0	0	0	0	0	0	0	0	0	14	0	4	27	0	10	0	0	0	0	0	0	0	0	0	0
miR-135a-2-5p	miR-135a-2-5p	0	0	0	0	0	0	0	0	0	30	0	788	0	0	0	0	0	0	0	0	0	0	0	0	0	0	0	0	0	0	0	0	255	0	0	0	0	0	0	0	0	0	0	0	0	0	0	0
miR-132b-5p	miR-132b-5p	0	0	0	0	0	0	0	0	0	0	0	46	0	0	37	0	0	0	0	0	0	0	0	0	0	0	0	0	0	0	0	0	33	0	0	0	0	0	0	0	0	0	0	0	0	0	0	0
miR-132-3p	miR-132-3p	0	0	0	0	0	0	0	0	0	13	0	94	0	0	72	990	555	30	0	90	41	0	0	0	0	0	0	0	0	0	0	0	318	0	7	0	0	0	8	8	331	0	58	27	257	444	100	619
miR-125a-1-3p	miR-125a-1-3p	0	0	0	0	0	0	0	0	0	33	23	0	0	0	0	79	448	10	0	3	37	51	0	0	0	0	0	0	0	0	0	0	59	63	19	14	0	10	10	0	84	0	0	26	26	80	17	185
miR-101a-5p	miR-101a-5p	0	0	0	0	0	0	0	0	0	0	0	22	0	0	0	0	0	0	0	0	0	0	0	0	0	0	0	0	0	0	0	0	0	54	0	0	0	0	0	0	0	0	0	0	0	0	0	0
REV_let-7a-5p_gac-let-7g-5p	REV_let-7a-5p_gac-let-7g-5p	0	0	0	0	0	0	0	0	0	7	5	66	0	0	4	437	434	61	100	60	71	70	0	0	0	0	0	0	0	0	0	0	0	0	0	0	0	0	0	47	154	132	172	73	73	263	54	314
REV_miR-135b-3p	REV_miR-135b-3p	0	0	0	0	0	0	0	0	0	4	0	52	0	0	0	0	0	0	0	0	0	0	0	0	0	0	0	0	0	0	0	0	0	0	0	0	0	0	0	0	0	0	0	0	0	0	0	0
REV_miR-135b-5p	REV_miR-135b-5p	0	0	0	0	0	0	0	0	0	9	10	0	0	0	0	0	33	0	0	0	0	0	0	0	0	0	0	0	0	0	0	0	0	0	8	5	0	4	1	8	0	0	0	0	6	0	0	44
REV_miR-21a-3p	REV_miR-21a-3p	0	0	0	0	0	0	0	0	0	0	0	0	0	0	0	0	0	0	0	0	0	0	0	0	0	0	0	0	0	0	0	0	0	0	0	0	0	0	0	0	0	0	0	0	0	0	0	0
REV_miR-29a-3p	REV_miR-29a-3p	0	0	0	0	0	0	0	0	0	9240	237	0	347	120	0	0	0	0	0	0	0	0	0	0	0	0	0	0	0	0	0	0	432	137	200	111	352	78	73	109	0	0	0	0	0	0	0	0
REV_miR-29b-2a-5p	REV_miR-29b-2a-5p	0	0	0	0	0	0	0	0	0	26	20	0	11	0	0	0	0	0	0	0	0	0	0	0	0	0	0	0	0	0	0	0	63	103	12	23	0	30	19	0	0	0	0	0	0	0	0	0
REV_miR-727b-3p	REV_miR-727b-3p	0	0	0	0	0	0	0	0	0	24	24	0	136	0	0	0	0	0	0	0	0	0	0	0	0	0	0	0	0	0	0	0	50	0	2	13	0	9	2	87	0	0	0	0	0	0	0	0
REV_miR-96-5p	REV_miR-96-5p	0	0	0	0	0	0	0	0	0	32	0	0	0	0	0	0	0	0	0	0	0	0	0	0	0	0	0	0	0	0	0	0	11	0	0	0	0	6	7	0	0	0	0	0	0	0	0	0
miR-301c-5p	miR-301c-5p	0	0	0	0	0	0	0	0	0	0	0	0	0	0	5	20	108	9	68	0	5	0	0	0	0	0	0	0	0	0	0	0	0	0	0	0	0	0	0	0	0	0	0	20	0	3	0	3
miR-301a-5p	miR-301a-5p	0	0	0	0	0	0	0	0	0	0	0	0	0	0	0	0	0	0	0	1	0	0	0	0	0	0	0	0	0	0	0	0	0	0	0	0	0	0	0	0	0	0	0	40	18	49	0	13
miR-29b-2b-3p	miR-29b-2b-3p	0	0	0	0	0	0	0	0	0	0	0	0	0	0	0	121	68	0	0	0	0	0	0	0	0	0	0	0	0	0	0	0	0	0	0	0	0	0	0	0	0	0	123	1	0	0	11	10
miR-29b-1a-5p	miR-29b-1a-5p	0	0	0	0	0	0	0	0	0	0	0	0	0	0	8	430	16	20	306	21	15	31	0	0	0	0	0	0	0	0	0	0	0	0	0	0	0	0	0	0	2	1	0	45	42	275	18	110
miR-24-3-5p	miR-24-3-5p	0	0	0	0	0	0	0	0	0	0	0	0	0	0	0	0	0	0	0	0	0	0	0	0	0	0	0	0	0	0	0	0	0	0	0	0	0	0	0	0	108	0	0	2	0	0	0	0
miR-217a-5p_gac-miR-217b-5p	miR-217a-5p_gac-miR-217b-5p	0	0	0	0	0	0	0	0	0	0	0	0	0	0	0	0	43	0	0	2	0	0	0	0	0	0	0	0	0	0	0	0	0	0	0	0	0	0	0	0	0	0	0	0	2	0	0	0
miR-212-3p	miR-212-3p	0	0	0	0	0	0	0	0	0	0	0	0	0	0	0	110	0	0	0	0	2	0	0	0	0	0	0	0	0	0	0	0	0	0	0	0	0	0	0	0	71	0	0	0	0	20	0	0
miR-19b-2-5p	miR-19b-2-5p	0	0	0	0	0	0	0	0	0	0	0	0	0	0	19	170	0	7	60	0	0	0	0	0	0	0	0	0	0	0	0	0	0	0	0	0	0	0	0	0	0	0	0	3	11	26	0	6
miR-138bb-3p	miR-138bb-3p	0	0	0	0	0	0	0	0	0	0	0	0	0	0	0	0	0	0	0	0	0	46	0	0	0	0	0	0	0	0	0	0	0	0	0	0	0	0	0	0	0	0	0	0	0	0	0	0
miR-1388-5p	miR-1388-5p	0	0	0	0	0	0	0	0	0	0	0	0	0	0	0	655	159	82	169	14	24	35	0	0	0	0	0	0	0	0	0	0	0	0	0	0	0	0	0	0	87	2	101	66	94	161	13	178
miR-132a-5p	miR-132a-5p	0	0	0	0	0	0	0	0	0	0	0	0	0	0	0	0	55	0	0	0	0	0	0	0	0	0	0	0	0	0	0	0	0	0	0	0	0	0	0	0	0	0	0	0	0	0	0	0
miR-129-1a-3p_gac-miR-129-1b/2-3p	miR-129-1a-3p_gac-miR-129-1b/2-3p	0	0	0	0	0	0	0	0	0	0	0	0	0	0	0	0	94	0	31	0	0	0	0	0	0	0	0	0	0	0	0	0	0	0	0	0	0	0	0	0	2	0	0	0	13	0	0	22
miR-124-3p	miR-124-3p	0	0	0	0	0	0	0	0	0	0	0	0	0	0	0	66	0	0	37	0	0	0	0	0	0	0	0	0	0	0	0	0	0	0	0	0	0	0	0	0	0	0	0	1	2	29	1	5
miR-103a-5p	miR-103a-5p	0	0	0	0	0	0	0	0	0	0	0	0	0	0	0	45	0	0	0	0	0	0	0	0	0	0	0	0	0	0	0	0	0	0	0	0	0	0	0	0	0	0	0	0	0	0	0	0
let-7g-1-3p	let-7g-1-3p	0	0	0	0	0	0	0	0	0	0	0	0	0	0	0	0	15	0	0	4	0	0	0	0	0	0	0	0	0	0	0	0	0	0	0	0	0	0	0	0	0	0	0	0	16	9	0	4
let-7f-3p	let-7f-3p	0	0	0	0	0	0	0	0	0	0	0	0	0	0	0	0	0	0	0	12	14	0	0	0	0	0	0	0	0	0	0	0	0	0	0	0	0	0	0	0	33	0	0	29	13	61	0	29
REV_miR-181a-2-3p	REV_miR-181a-2-3p	0	0	0	0	0	0	0	0	0	0	0	0	0	0	0	0	66	0	0	0	0	0	0	0	0	0	0	0	0	0	0	0	0	0	0	0	0	0	0	0	0	0	0	0	0	0	0	0
REV_miR-183a-3p	REV_miR-183a-3p	0	0	0	0	0	0	0	0	0	0	0	0	0	0	0	0	83	0	0	0	0	0	0	0	0	0	0	0	0	0	0	0	0	0	0	0	0	0	0	0	0	0	0	0	0	0	0	0
REV_miR-18a-3p	REV_miR-18a-3p	0	0	0	0	0	0	0	0	0	0	0	0	0	0	46	133	67	17	0	1	20	4	0	0	0	0	0	0	0	0	0	0	0	0	0	0	0	0	0	0	2	0	0	57	8	23	0	16
REV_miR-7132b-3p	REV_miR-7132b-3p	0	0	0	0	0	0	0	0	0	0	0	0	0	0	780	38792	14317	741	3418	828	950	492	0	0	0	0	0	0	0	0	0	0	0	0	0	0	0	0	0	0	2432	166	1308	3046	3030	7064	2566	8544
REV_miR-723-3p	REV_miR-723-3p	0	0	0	0	0	0	0	0	0	0	0	0	0	0	0	60	0	0	0	0	0	0	0	0	0	0	0	0	0	0	0	0	0	0	0	0	0	0	0	0	0	0	0	0	0	0	0	0
