Gene	B9_F	B31_F	B27_F	O25_F	O32_F	O55_F	O59_F	O63_F	T9_F	T26_F	T31_F	T32_F	T13_F	T23_F	B11_M	B14_M	B17_M	B19_M	O49_M	O51_M	O29_M	O33_M	O38_M	O39_M	O46_M	O53_M	T1_M	T3_M	T12_M
miR-ENSGACG00000022167-5p	23.8312192655744	5.32082207736782	4.18225605537405	195.443813725799	71.792384181132	262.59457576442	3.73894791480811	73.9337172918872	0	0	0	0	0	0	9.67350683106228	16.3403314069431	0.959862714626688	0	589.83693488436	63.2446340609463	800.680813200296	263.078850281058	181.656489675047	205.497587189686	1154.62263262031	130.745382117281	0	0	0
miR-ENSGACG00000022167-3p	0	0	0	114.586443981083	54.2182068034591	19.3961902553265	8.49760889729116	279.469451363334	0	0	0	0	0	0	0	0	0	0	68.4341195169699	208.898942807368	614.525168387545	85.8875070035218	0	164.248071512924	183.329395103072	32.5384435133504	0	0	0
miR-99a-5p	6736.98207238107	5565.57989292674	7307.16173893036	13270.7735646156	6641.91729275754	8897.38060686642	5211.41358453072	16299.4273141695	3499.36924722363	1317.53125511747	3498.04679690854	2581.13652040308	1579.13723654082	10516.6965407417	9176.37269739638	11214.9141222986	9300.10984201798	8080.52515312067	23854.9934949571	5308.0774183071	17516.6115553634	10448.0991627798	11803.751185216	7970.1564199445	18072.0476788144	13345.4947049847	1923.37172536968	4375.56208734203	3195.11717655784
miR-99a-3p	1.03613996806845	0	14.4477936458376	0	0	0	0	0	0	0	0	0	0	0	7.1499833099156	0	4.79931357313344	13.1552270862281	0	0	0	0	0	0	0	0	0	0	0
miR-92a-3p	512959.741711712	408893.204796043	244160.108512737	88059.6821994625	61991.9759030723	117523.008771658	219605.406254475	269151.261778078	222182.218440798	267943.731066599	312625.626961986	261352.096618702	356079.110937508	75331.4492770965	321044.344709295	215326.532707371	138720.799311921	133810.000168657	219963.553965522	123626.649887275	133012.43902882	133340.74150363	72257.4626916067	69980.9283324175	182461.224650301	146613.493606646	792346.042197507	340232.170665259	335882.547272351
miR-92a-2-5p	68.3852378925178	254.069254194314	120.144810318018	0	0	0	0	0	507.436269605328	1261.02046643066	468.156356809523	464.925211749623	1078.16956150028	122.700174561923	126.596763310859	78.9782684668914	96.9461341772955	109.042215625846	0	0	0	0	0	0	0	0	2080.68453624096	122.736664441572	400.771618166857
miR-92a-1-5p	479.732805215693	404.382477879955	361.575046241884	262.439920085707	88.9926428911949	121.847861860384	176.750265063656	314.957635663439	0	0	0	0	0	0	373.060893876184	223.317862561555	136.30050547699	222.177168567407	298.991926937238	202.510595932525	281.348872273816	231.35463598246	172.50832113026	91.4989256829988	244.145396363226	175.115986908213	0	0	0
miR-9-5p	9.32525971261606	22.6134938288133	62.3536357346677	151.549813007239	128.628021657861	973.290880248048	899.726830045188	0	2.77287579019305	206.28413772385	53.8161045678237	219.102685996949	0	93.6396069025203	39.9557890848225	59.0067523028499	26.3962246522339	43.8507569540936	31.7729840614503	1724.85365620763	35.9618859297359	65.7697125702644	1312.10874556652	203.247613607317	129.564524423806	72.7677918571291	329.466452956843	0	0
miR-9-1/3/5/6-3p	6.21683980841071	19.9530827901293	47.525636992887	19.8678108515588	39.2614600990566	300.392279851723	61.522688416388	16.2654178042152	0	0	0	32.0638077068706	0	0	24.8146479579424	73.5314913312437	12.4782152901469	25.7257774130682	6.51753519209237	250.423197493848	34.9041834023907	6.19009059484842	199.95282676462	98.2488464301053	28.2045223235496	89.9244257096229	0	0	0
miR-8159-5p	69.4213778605862	0	7.60410191886192	18.9437266259049	1259.7319911783	73.1087171162305	0	0	77.6405221254053	0	11.375761941166	0	0	0	9.25291957753783	16.3403314069431	17.7574602205937	11.4011968080643	0	6217.77801328475	2.11540505469035	0	1397.05602491097	0.749991194122941	32.6114789366042	0	0	0	0
miR-737-5p	240.384472591881	223.474527249449	335.721099717754	791.016097159737	1051.08537465189	560.500164557767	510.876246905145	241.023918371552	199.647056893899	514.524803288224	591.977150246061	427.517436091608	1012.82595171239	445.595370777511	217.864197325664	243.289378725597	546.641815979899	520.946992614632	96.1336440833625	473.376503425871	483.370054996744	693.290146623023	71.8784671376084	527.243809468428	404.558617078415	271.548101320506	406.638775271058	73.6419986649431	641.234589066971
miR-730-5p	30.0480590739851	19.9530827901293	3.04164076754477	2.77225267696169	1.86959333805031	7.9574113868006	0	0	63.7761431744401	0	0	5.3439679511451	43.562406525264	461.74013058829	4.20587253524447	8.17016570347153	10.0785585035802	7.60079787204289	11.4056865861617	0	7.40391769141621	5.41632927049236	0	6.74992074710647	21.1533917426622	6.50768870267008	32.6498286713988	490.946657766287	11.0557687770167
miR-727b-5p	47.6624385311488	29.264521425523	114.441733878872	8.31675803088508	0	0	0	0	0	0	0	0	0	0	51.3116449299825	139.800613148291	288.918677102633	328.00366201662	10.5909946871501	0	2.11540505469035	0	0	0	5.28834793566555	0	0	0	0
miR-727b-3p	42.4817386908065	18.6228772707874	61.9734306387246	0	0	0	0	0	0	0	0	0	0	0	36.1705038031024	85.3328417918137	348.910096766801	156.108694756573	0	0	0	0	0	0	0	0	0	0	0
miR-725-3p	70.4575178286547	565.337345720331	377.543660271494	23.1021056413474	607.991753533962	1684.98186115503	746.769869893947	1552.60806312963	648.852934905173	72.3180023054878	43.7529305429461	224.446653948094	65.343609787896	261.545108934626	481.572405285492	572.819395432282	170.855563203551	626.188809304456	839.947347880905	319.417343742153	775.295952544012	1095.64603528817	207.794114088722	1796.97890111857	420.423660885411	3281.05832227348	94.9813197713421	306.841661103929	154.780762878234
miR-724-5p	51.8069984034226	33.2551379835489	46.7652268010008	600.192704562207	22.4351200566037	64.6539675177549	3.05913920302482	0	0	0	86.1932731696039	0	0	19.3737117729352	15.5617283804045	61.7301408706738	45.1135475874543	33.6189136648051	133.609471437894	26.1922221868566	665.294889700114	76.6023711112492	82.3335169030787	31.4996301531635	97.8344368098127	981.477777975424	0	705.735820539038	0
miR-722-3p	53.8792783395595	26.6041103868391	76.0410191886192	96.5668015808323	822.994987409747	127.31858218881	28.89187025079	60.6256481793475	0	5.1373444260729	5.25035166515353	0	0	96.8685588646762	148.46730049413	113.474523659327	115.663457112516	78.0543473782866	44.8080544456351	91.3533603102558	14.8078353828324	112.195392031628	81.0266356823949	95.9988728477365	25.5603483557168	12.4237693414611	0	552.314989987073	35.9312485253044
miR-7147-5p	33.1564789781904	23.9436993481552	9.1249223026343	0	1.12175600283019	0	28.5519658948983	0	0	0	0	0	0	0	0	0	5.27924493044678	4.96975245479727	0	0	1.05770252734517	0	0	0	10.5766958713311	0	0	0	0
miR-7133-3p	364.721268760095	147.652812646957	81.3638905318225	199.602192741242	149.941385711635	227.283562735492	695.444312154309	245.459941409065	8.31862737057914	7.50842646887578	0	5.3439679511451	59.898308972238	0	36.5910910566269	74.4392875205184	107.984555395502	127.459533546565	78.2104223051085	70.2718156232737	236.925366125319	184.15519519674	0	126.748511806777	381.642442690531	178.665635291488	0	0	0
miR-7132b-5p	1536.59557264551	614.554949935984	132.311373388197	0	0	0	0	0	0	0	0	0	0	0	98.4174173247206	132.538243634094	97.4260655346089	101.733756133497	0	0	0	0	0	0	0	0	0	0	0
miR-7132a-5p_gac-miR-7132b-5p	679.707819052904	341.862818470883	244.852081787354	303.561668127305	350.361791550628	358.083512406027	494.220933466454	141.952737200423	2875.47219443019	5213.61423178306	2331.15613932817	1843.66894314506	4721.07580717548	1495.00475847817	36.5910910566269	170.665683583627	41.7540280862609	57.8829991794035	199.599515257829	937.170486539477	434.715738738866	557.881914860714	193.418420661201	448.494734085519	479.476879500343	531.26404136343	6506.22040433693	5234.71873843304	4062.99502555365
miR-7132a-5p	572.985402341854	218.153705172081	39.541329978082	0	0	0	0	0	0	0	0	0	0	0	23.552886197369	59.9145484921245	26.3962246522339	16.3709492628616	0	0	0	0	0	0	0	0	0	0	0
miR-7-5p	73.56593773286	13.3020551934196	80.2232752439932	464.352323391084	229.586061912578	2989.99732859033	857.918594270516	325.308356084304	8.31862737057914	379.768307188928	294.457222554027	192.382846241223	87.124813050528	106.555414751144	33.6469802819558	83.5172494132645	157.417485198777	105.534155069519	2577.68516847253	374.995961553288	153.36686646505	144.693367654582	254.841838033339	95.9988728477365	106.648350035922	270.364885192748	281.975793071172	0	337.20094769901
miR-551a-3p	243.492892496086	270.031720426417	345.606432212274	152.473897232893	21.6872827213836	92.0075691598819	62.542401484063	23.6587895334039	335.517970613359	122.901085885282	205.638773551847	352.701884775576	136.13252039145	403.618995269484	516.060560074496	407.600488984302	316.274764469494	288.537980757936	100.20710357842	32.5805690616996	44.4235061484973	111.421630707272	998.457252602415	159.748124348187	268.824353396332	89.3328176457438	23.7453299428355	263.883828549379	27.6394219425418
miR-499a-5p	30.0480590739851	63.8498649284139	157.024704624499	7388.05338410291	53.844288135849	49.7338211675037	60.1630709928214	173.004898463016	671.035941226717	0	39.815166794081	0	10.890601631316	0	369.275608594464	226.041251129379	873.9550016676	971.732774102713	123.018476750744	12.7766937496861	2878.00857690621	255.341237037497	335.868473715734	568.493325145189	535.004532824831	802.812142683936	53.4269923713799	61.3683322207859	27.6394219425418
miR-489-3p	154.384855242199	58.5290428510461	180.217215477027	68.8442748112154	12.3393160311321	40.7817333573531	48.2664185366138	51.753602104321	288.379082180077	0.395180340467146	0	16.0319038534353	0	100.097510826832	166.973139649205	140.708409337565	167.496043702357	142.953467670345	80.6544980021431	79.8543359355383	59.2313415313297	33.2717369473102	0	15.7498150765818	134.852872359472	138.436286947709	0	0	0
miR-460-5p	0	83.8029477185432	66.1556866940987	5.08246324109644	266.230091338364	20.8882048903516	5.43846969426634	0	44.3660126430888	16.9927546400873	3.06270513800623	0	0	9.68685588646762	21.8705371832712	26.3260894889638	3.35951950119341	32.1572217663353	0	132.877614996736	3.17310758203552	10.0588972166287	91.4816854478652	0	12.339478516553	0	103.885818499905	0	0
miR-458-3p	48.6985784992172	6.65102759670978	23.1925108525288	18.481684513078	28.7917374059748	0	0	0	0	0	0	0	10.890601631316	0	12.197030352209	37.2196437602592	28.3159500814873	15.2015957440858	19.5526055762771	24.9145528118879	4.23081010938069	14.701465162765	158.132627702738	22.4997358236882	14.9836524843857	10.0573370859447	0	0	0
miR-456-3p	362.648988823958	585.290428510461	326.596177415119	249.502740926552	450.198075802515	362.062218099427	201.903187399638	456.910372863863	277.287579019305	384.510471274533	174.574192866355	101.535391071757	217.81203262632	290.605676594029	251.090590354095	228.764639697203	263.962246522339	249.949314638333	239.519418309395	668.221083108584	222.117530742486	267.721418227194	395.985009867188	240.747173313464	235.331483137117	204.104782038289	198.867138271247	540.041323542916	240.462970900114
miR-455-5p	221.733953166649	106.416441547356	260.440490721021	295.706952209247	192.568113819182	85.0448341964314	66.6212537547627	75.4123916377249	55.4575158038609	0	62.1291613709835	74.8155513160313	10.890601631316	216.339781464444	142.999666198312	210.608715911711	118.543045256396	115.473659979113	196.340747661783	105.407723434911	247.50239139877	208.915557576134	297.968918315904	181.497868977752	138.378437649915	80.4586966875573	8.90449872856332	0	2.76394219425418
miR-455-3p	463.154565726598	384.429395089825	249.414542938671	282.769773050093	255.012531310063	355.099483135977	108.089585173544	134.559365471235	138.643789509652	38.7276733657803	59.0664562329773	26.7198397557255	0	268.003012858938	337.731564580131	402.153711848654	356.588998483815	208.729603101485	137.682930932951	115.629078434659	354.330346660633	401.582127340791	278.365700005647	371.995632284979	379.879660045309	168.608298205543	0	0	320.617294533485
miR-454b-3p	99.4694369345713	37.2457545415748	87.8273771628551	35.5772426876751	37.7657854286163	30.8349691238523	0	0	8.31862737057914	185.339579679092	0	0	0	0	95.052719296525	113.474523659327	107.984555395502	191.481638699542	23.6260650713349	26.1922221868566	33.8464808750455	37.1405435690905	0	26.9996829884259	11.458087193942	3.54964838327459	0	0	0
miR-451-5p	189575.276977708	53893.2766161394	71372.4808155339	72752.2270015057	47826.067180665	18200.5891944597	14345.3234360511	36749.4935171055	40908.236532718	71797.1546167521	28228.9532570034	87464.7234563918	67162.3402603257	102958.362265302	153855.023211778	118212.311971151	108774.52240964	123458.882820453	49728.7935156648	34452.3546960286	52091.8494717498	30471.4947144657	19331.3870163546	31882.1256621662	32800.096679643	63510.3088735489	52423.7521812951	38281.5656393262	54985.8660124927
miR-429a-3p	15.5420995210268	361.815901261012	64.6348663103263	106.731728063025	229.212143244968	325.75652864715	128.483846527042	60.6256481793475	232.921566376216	83.3830518385679	111.569972884513	42.7517436091608	21.781203262632	171.134453994261	87.0615614795605	79.886064656166	34.5550577265608	180.372780271172	357.649743666069	14.693197812139	259.137119199567	425.568728395829	142.450053054533	195.747701666088	211.533917426622	402.293483437787	74.204156071361	36.8209993324715	290.213930396689
miR-425-5p	6900.69218733589	16191.2615814303	6460.44499026508	3484.25957282802	2217.33769892767	10491.3495752849	14279.721895364	8548.216393288	7780.68946728169	5934.8183531356	8900.2211310461	6225.72266308404	14882.0071291933	3739.1263721765	8938.32031190155	6545.21052466997	6339.41329875196	5276.70775347593	11026.8548531213	6288.04982890803	5690.43959711703	11382.0290812775	4858.98437850233	8263.40297684657	10959.2197053442	11928.0017839304	10216.428207905	9370.94433011401	4831.37095555631
miR-375a-3p	676.599399148699	13800.8822631728	2415.44297452649	443.098386201044	993.127981172326	480838.519164506	15298.7551543271	23519.7941448952	13126.7939907739	4603.45578610179	1621.92113522701	2570.44858450079	2717.20510701334	3022.2990365779	1737.86653156301	2057.97396108555	521.205454042292	1613.70785591064	334831.038266655	3044.6861205502	6256.3104492467	10647.7295844636	4706.07927568232	8740.39737630876	8048.86555808297	32700.5441228533	3627.09914876813	8929.09233812435	2951.89026346347
miR-365-2b-5p	42.4817386908065	53.2082207736782	132.69157848414	12.4751370463276	11.5914786959119	34.3163366055776	4.07885227069976	69.497694254374	363.246728515289	31.6144272373717	53.3785752623943	64.1276154137411	0	12.9158078486235	107.670336902258	106.21215414513	104.625035894309	75.130963581347	101.021795477432	1.27766937496861	29.6156707656648	33.2717369473102	49.661486385984	5.99992955298353	100.478610777645	14.7902015969775	11.8726649714178	196.378663106515	91.210092410388
miR-365-2b-3p	3892.77786003317	856.65235445622	3567.08421013812	429.237122816236	187.333252472641	192.967226129915	125.424707324018	1113.44178241582	529.619275926872	534.679000652049	602.477853576368	641.276154137411	402.952260358692	1588.64436538069	5087.42341863171	5713.66921529442	4334.26008789681	3579.6834593525	614.277691854706	323.889186554543	498.177890379576	301.76691649886	231.317976061031	218.997428683899	928.105062709304	889.778528074163	397.734276542495	85.9156651091002	1340.51196421328
miR-34a-5p	23.8312192655744	15.9624662321035	10.6457426864067	39.7356217031176	50.4790201273584	0	104.010732902844	0	0	0	0	0	0	0	0	3.63118475709846	13.4380780047736	10.2318432892885	4.07345949505773	0	2.11540505469035	15.475226487121	0	2.99996477649177	3.5255652904437	0	0	0	0
miR-338-3p	22.7950792975059	9.31143863539369	33.0778433470493	94.7186331295245	108.436413606918	44.7604390507534	32.6308181655981	146.388760237937	58.230391594054	24.5011811089631	38.5025788777926	0	0	22.6026637350911	67.2939605639115	87.148434170363	66.7104586665548	155.524017997185	140.127006629986	100.297045935036	107.885657789208	27.8554076768179	230.011094840347	86.2489873241383	80.2066103575942	32.5384435133504	35.6179949142533	0	0
miR-338-1b-5p	0	10.6416441547356	9.88533249452049	0	0	0	0	0	0	0	19.2512894388963	0	76.234211419212	0	3.36469802819558	0	0.959862714626688	3.50806055632749	0	0	0	0	0	0	0	0	0	67.5051654428645	0
miR-338-1a-5p	18.6505194252321	0	42.2027656496836	7.39267380523118	7.47837335220125	0	14.2759829474492	0	0	0	0	0	0	0	11.7764430986845	9.07796189274614	35.9948517985008	53.7902618636881	13.0350703841847	0	17.9809429648679	2.32128397306816	66.6509422548733	26.9996829884259	24.6789570331059	0	0	0	0
miR-31a-5p	56.9876982437648	130.360140895512	131.931168292254	742.963717425734	99.4623655842766	2.48669105837519	50.3058446719637	2.95734869167549	0	104.327609883327	120.320558993102	122.911262876337	130.687219575792	9.68685588646762	79.4909909161205	251.459544429068	29.275812796114	55.8366305215458	136.053547134928	0	188.271049867441	207.368034927422	145.063815495901	265.496882719521	118.987828552475	274.506141639901	0	0	0
miR-30e-5p	1497.22225385891	610.564333377958	304.164076754477	4621.80725460797	1303.48047528868	658.973130469425	1084.29489529435	405.156770759542	704.310450709034	1140.49046258818	705.297240352291	454.237275847333	397.506959543034	510.174410020628	645.180846906502	415.770654687773	657.026028161968	641.97508180793	877.423175235436	581.978400298203	892.700933079326	573.357141347835	972.319628188739	367.495685120241	871.696018062205	923.500187715272	225.580634456937	767.104152759824	917.628808492389
miR-30e-3p	3002.73362746237	1912.83553681373	1412.84213652454	2181.30081465603	2295.86061912578	4770.96546459863	4163.48845531678	2132.24840669803	1433.57678352981	9159.48993134752	4303.10071889875	8849.61092709628	7296.70309298172	4539.90645879116	3112.76626333443	1990.79704307923	2889.66670238364	2022.3969107228	915.713694488978	3696.2975017842	1370.78247543934	1805.95893104703	1254.60597185644	1619.98097930555	1450.77011701758	3982.70548603409	6770.38719995098	6965.3057070592	5547.23198386815
miR-30c-2-5p	6529.75407876738	4037.17375120284	2323.05313621232	4356.13303973247	8055.32985632357	7418.29676534486	5262.73914227036	5723.94839273791	1480.71567196309	7698.90339298094	2722.30733838211	2410.12954596644	5260.16058792563	2063.3003038176	3229.2689325607	3879.9209129597	3451.18639044026	3281.20597368497	1899.04681659592	5095.98430206231	2335.40718037814	5168.72564669843	2313.17976061031	6629.17216485268	3357.21954782501	4250.11233090744	3110.63822251145	5062.88740821484	4701.46567242637
miR-30c-1-5p_gac-miR-30c-2-5p	65.2768179883124	70.5008925251237	19.0102547971548	90.560254114082	80.0185948685534	171.581683027888	15.2956960151241	99.0711811711288	41.5931368528957	49.7927228988604	4.37529305429461	80.1595192671764	59.898308972238	12.9158078486235	46.6851851412136	71.7158989526945	35.5149204411875	42.0967266759298	9.77630278813856	67.0776421858522	46.5389112031876	92.8513589227262	0	80.2490577711547	47.59513142099	49.1034693019651	2.96816624285444	24.5473328883144	8.29182658276255
miR-30c-1-5p	2101.29185524282	1375.43250699958	878.273771628551	1554.30966754986	1262.72334051918	2388.21809246353	416.042931611375	897.555327923511	352.155225354517	1032.60622964065	1139.76384064375	480.957115603059	413.842861990008	1256.06231327863	1287.83817029186	1250.94314882042	1733.5120626158	1286.58120903311	724.261098221265	719.327858107329	946.64376197393	2797.14718754713	1067.72195729866	2187.72431325662	1300.05220085111	1331.70975179185	522.397258742381	147.283997329886	630.178820289954
miR-30bb-5p	656.912739755398	272.692131465101	287.815257628924	900.520077899723	590.417576156289	469.98461003291	479.605046163113	575.204320530882	108.142155817529	742.148679397301	248.079116178505	213.758718045804	533.639479934484	539.234977680031	466.851851412136	594.606503974872	460.254171663497	504.868381731464	329.135527200665	574.951218735876	357.503454242668	366.762867744769	167.280796247525	590.243069774755	497.986097275173	292.845991620153	106.85398474276	0	356.54854305879
miR-30bb-3p	17.6143794571637	0	17.1092293174393	34.1911163491942	44.4963214455974	56.6965561309543	67.6409668224377	0	16.6372547411583	223.276892363938	228.827826739608	53.439679511451	21.781203262632	113.013318675456	38.6940273242491	5.44677713564769	29.275812796114	23.6794087552105	27.6995245663926	56.2174524986189	40.1926960391166	25.5341237037497	0	35.2495861237782	3.5255652904437	0	23.7453299428355	0	0
miR-30a-5p	34285.8715433851	16791.1842706535	14267.9566354566	17410.2088534323	15973.8054803019	18601.9411312814	19362.6516333676	12750.6088841589	12769.093013839	19218.0151372578	16500.1051663558	23048.5337732888	30858.5197223339	18411.4840882128	19814.2861007902	20257.471963663	16861.908307847	14152.1009609845	17292.6502484191	22279.9985607027	13062.6262127129	12094.6632610094	15702.1778665157	11823.6111753482	11933.1571168293	15238.0489013339	26119.8629371191	15839.1665461848	18554.3439500283
miR-29b-1a/2a-3p	20.722799361369	0	0	67.9201905855615	58.3313121471697	3.48136748172526	94.4934109378777	0	88.7320252861775	70.342100603152	91.4436248347574	37.4077756580157	163.35902446974	158.218646145638	2.10293626762223	0	11.9982839328336	15.7862725034737	63.5459681229006	61.9669646859777	20.0963480195583	8.51137456791657	60.1165361514543	17.9997886589506	36.1370442270479	28.3971870661967	14.8408312142722	0	0
miR-29a-3p	154.384855242199	33.2551379835489	33.0778433470493	0	0	0	0	0	2.77287579019305	315.74909203325	287.894282972585	53.439679511451	54.45300815658	226.026637350911	81.1733399302183	40.8508285173576	37.9145772277542	77.7620089985926	0	0	0	0	0	0	0	0	237.453299428355	466.399324877973	326.145178921994
miR-27e-3p	655.87659978733	959.07817944555	1706.36047059261	474.979291986104	1040.24173329119	924.05439729222	406.525609646409	331.223053467655	1477.94279617289	586.842805593712	929.749774037605	374.077756580157	190.58552854803	481.113842361225	1207.92659212221	1350.80072964063	1104.322053178	1555.53251835155	825.282893698697	377.551300303225	926.547413954371	930.061111875975	1258.52661551849	1308.73463374453	773.861581252392	1330.52653566409	1213.97999332747	30.6841661103929	187.948069209284
miR-27c-1-5p	382.335648217258	400.391861321929	354.731354514908	0	0	0	0	0	191.32842952332	152.539611420318	371.462380309613	149.631102632063	250.483837520268	96.8685588646762	228.799465917299	343.146959545804	254.843550733386	217.20741611261	0	0	0	0	0	0	0	0	326.498286713988	779.377819203981	38.6951907195586
miR-27c-1-3p	5656.28808568568	3100.7090655861	1906.72855615463	1481.3070137232	1417.89958757736	453.572449047634	2082.25408419223	1287.92535522468	1147.97057713992	2301.53030288066	2815.93860974401	1207.73675695879	1802.3945699828	642.561440469019	2200.93309769343	2295.8165626755	2340.62522961718	1888.50593282296	1021.62364136048	955.696692476522	1699.72796144369	1392.77038384089	922.658141802755	1268.98510045602	1045.33010861656	1360.69854692193	2742.5856083975	1313.28230952482	1760.63117773991
miR-27b-5p	60.0961181479702	91.784180834595	111.78029820727	115.04848609391	130.123696328302	291.937530253247	3.05913920302482	11.829394766702	49.9117642234748	71.9228219650206	30.6270513800623	21.3758718045804	10.890601631316	0	100.520353592343	95.3185998738345	28.7958814388006	97.6410188177817	231.372499319279	44.0795934364171	125.866600754076	99.8152108419307	0	121.498573447916	85.4949582932597	47.3286451103278	130.599314685595	0	257.046624065639
miR-27b-3p	1643.31798935656	2109.70595367634	2519.99937591084	4526.16453725279	3700.29913466918	3375.93178085015	1504.75658353232	1381.08183901245	2437.35781957969	1000.59662206281	2917.88293790908	1816.94910338933	2232.57333441978	3351.6521367178	2862.51684748739	2485.54596623389	2762.48489269561	2307.4268309244	3631.08179389446	2409.6844411908	2530.02444540965	3065.64236709868	3299.87508222657	2933.21556021482	1779.52908035146	2865.74946143035	2531.84580515484	497.083490988366	2689.31575500932
miR-27a-5p	53.8792783395595	98.4352084313048	24.3331261403581	16.1714739489432	16.0785027072327	21.8828813137016	14.2759829474492	0	27.7287579019305	1.18554102140144	82.2555094207387	48.0957115603059	16.335902446974	0	16.4029028874534	35.40405138171	26.8761560095473	32.4495601460292	13.8497622831963	0	26.4425631836293	49.5207247587873	0	20.9997534354424	36.1370442270479	30.172011257834	169.185475842703	0	19.3475953597793
miR-27a-3p_gac-miR-27b-3p_gac-miR-27e-3p	23.8312192655744	15.9624662321035	29.2757923876184	23.5641477541744	16.0785027072327	0	0	14.7867434583774	133.098037929266	9.48432817121151	82.2555094207387	21.3758718045804	0	96.8685588646762	22.2911244367957	43.5742170851815	13.918009362087	18.4173179207193	30.9582921624388	0	23.2694556015938	20.1177944332574	0	3.74995597061471	16.7464351296076	37.8629160882623	23.7453299428355	24.5473328883144	16.5836531655251
miR-27a-3p	88.0718972858184	82.4727421992013	51.707893048261	324.815605317345	93.1057482349055	1.98935284670015	51.6654620955303	0	58.230391594054	51.373444260729	217.452064798442	69.4715833648862	32.671804893948	29.0605676594029	40.3763763383469	67.1769180063214	43.6737535155143	102.903109652273	133.609471437894	15.9708671871077	126.924303281421	90.5300749496581	62.7302985928219	44.2494804532535	96.9530454872017	145.535583714258	0	42.9578325545501	516.857190325532
miR-26b-3p	53.8792783395595	25.2739048674972	19.3904598930979	76.6989907292735	45.2441587808176	141.741390327386	19.7144526417155	96.1138324794534	252.331696907567	8.69396749027722	7.00046888687138	48.0957115603059	381.17105709606	0	58.8822154934226	114.382319848601	89.7471638175953	93.2559431223723	12.2203784851732	17.2485365620763	61.34674658602	54.9370540292797	95.4023291099166	14.2498326883359	36.1370442270479	17.7482419163729	0	533.904490320837	171.364416043759
miR-26-5p	63241.839091026	33372.196069251	29527.1079560368	73831.5573770695	71681.7042555194	37157.1324706654	47111.7634396499	35161.3972696757	21376.0994665982	21703.3042984557	20519.6868953363	16234.9746355788	36826.569416295	15137.3267985867	40560.1729681371	38116.5463952625	45483.5746639429	42548.9741493164	49493.3475568505	48780.1390669267	46566.4114688986	38513.9699198225	39871.6391618417	41490.2628500752	36054.1934427225	35367.5132748202	29141.4561723449	23148.1349136804	21083.3510577709
miR-24-6-5p	20.722799361369	6.65102759670978	3.80205095943096	3.69633690261559	5.60878001415094	0	24.4731136241986	0	0	0	0	0	0	0	0	11.80135046057	11.0384212182069	10.8165200486764	10.5909946871501	0	3.17310758203552	16.2489878114771	0	0	5.28834793566555	0	0	0	0
miR-24-3p	2149.99043374204	1589.59559561364	1220.07815288139	1724.34116507017	854.778074156603	550.056062112591	1093.81221725932	551.545530997479	443.660126430887	850.032912344832	988.816230270582	571.804570772525	833.131024795674	351.95576387499	855.053886415201	835.172494132645	854.757747375066	687.287530660493	1587.8345111735	433.768752801844	1275.58924797828	1062.37429834086	2398.12703995475	830.240251894096	842.610104416044	698.689123441215	679.710069613667	1282.59814341443	1144.27206842123
miR-24-2-5p	514.96156413002	606.573716819932	281.731976093834	83.6296224216778	34.0265987525157	7.9574113868006	108.089585173544	31.0521612625926	191.32842952332	89.3107569455751	230.577943961326	53.439679511451	136.13252039145	25.831615697247	164.029028874534	192.452792126218	217.888836220258	194.405022496481	93.6895683863279	48.5514362488073	149.136056355669	103.684017463711	35.2857929584623	82.4990313535235	142.78539426297	45.5538209186905	356.179949142533	42.9578325545501	351.020658670281
miR-23b-2-5p	30.0480590739851	196.87041686261	114.821938974815	50.8246324109644	17.2002587100629	135.773331787285	3.05913920302482	103.507204208642	318.8807158722	166.766103677136	441.467069178326	117.567294925192	43.562406525264	377.787379572237	94.2115447894761	68.0847141955961	38.8744399423809	67.5301657093041	206.117050449921	0	82.5007971329235	109.874108058559	331.947830053682	62.2492691122041	149.836524843857	74.5426160487663	56.3951586142344	79.7788318870217	11.0557687770167
miR-23b-2-3p	1655.75166897338	1239.7515440267	1473.67495187544	2967.23444857467	1711.05182298365	1677.5217879799	745.070348114489	1675.33803383416	1239.47547821629	903.382258307896	1248.70863769568	400.797596335882	435.62406525264	1281.89392897588	1573.41691543496	1509.66506276368	1453.71208130212	1906.92325074368	2252.62310076693	1077.07528309854	1496.64907619342	2545.67475713141	2029.58653572192	1391.98365629218	1874.71934319344	1480.2033758255	632.219409727996	220.925995994829	1473.18118953748
miR-23a-3p_gac-miR-23b-2-3p	144.023455561515	31.924932464207	68.8171223657003	17.0955581745971	7.47837335220125	0	1.35961742356659	2.95734869167549	69.3218947548262	20.9445580447588	0	69.4715833648862	49.007707340922	83.9527510160527	65.6116115498137	29.9572742460623	43.193822158201	47.358817510421	9.77630278813856	22.3592140619507	5.28851263672586	25.5341237037497	9.14816854478653	11.9998591059671	14.1022611617748	6.50768870267008	44.5224936428166	0	254.282681871385
miR-23a-3p	39212.7170915505	33817.8149182306	17834.6606404987	14054.3969879701	7472.01673485188	8106.11551209144	14342.6042012039	16830.2714043252	12990.9230770544	7567.70351994585	6380.0523317724	6845.62294541687	8750.5984107624	6793.71492837596	16804.9843018228	24092.003067159	18609.3383798249	18852.0250913242	15699.9275858515	5132.39787924892	15479.4764876966	16892.7572333413	12301.6729302965	10457.8772108503	17047.8709619405	13060.9312262588	11350.2677126754	10727.1844721934	6149.77138221556
miR-23a-3-5p	40.4094587546696	117.058085702092	74.5201988048468	53.1348429750991	39.2614600990566	26.856263430452	1.01971306767494	2.95734869167549	0	0	4.81282235972407	53.439679511451	0	0	30.2822822537602	63.545733249223	22.5567737937272	49.1128477885848	140.127006629986	45.3572628113857	71.9237718594717	69.6385191920447	108.471141316755	60.7492867239582	28.2045223235496	35.4964838327459	0	0	0
miR-23a-2-5p	138.842755721172	248.748432116946	96.1918892736032	18.481684513078	22.4351200566037	0	30.5913920302482	0	0	0	0	0	0	0	45.8440106341647	52.6521789779276	56.6319001629746	61.098721356037	61.101892425866	104.130054059942	40.1926960391166	10.0588972166287	2.61376244136758	14.2498326883359	23.797565710495	9.46572902206557	0	0	0
miR-23a-1-5p	87.0357573177499	70.5008925251237	136.873834539514	3.23429478978864	7.47837335220125	15.4174845619262	20.3942613534988	0	0	0	0	0	0	0	82.8556889443161	89.8718227381868	83.9879875298352	67.2378273296101	0	43.4407587489328	6.34621516407104	10.8326585409847	0	14.9998238824588	25.5603483557168	100.573370859447	0	0	0
miR-22b-5p	773.996556147133	964.399001522918	1466.45105505252	581.711020049129	286.421699389308	639.576940214098	418.422262102617	1005.49855516967	1525.08168460618	694.331858200776	933.250008481041	1442.87134680918	1056.38835823765	936.396069025203	3889.59092059409	2909.48678662514	2129.93536375662	1972.40704779513	636.274373128018	414.603712177315	382.888314898953	475.863214478972	642.985560576424	599.24296410423	905.18888832142	828.251289430737	1718.56825461272	656.641154762409	643.998531261225
miR-22b-3p	103.613996806845	13.3020551934196	54.7495338158058	32.8049900107134	32.1570054144654	49.7338211675037	7.81780018550787	4.43602303751323	5.54575158038609	103.932429542859	62.1291613709835	48.0957115603059	43.562406525264	6.45790392431175	145.102602465934	129.81485506627	93.1066833187888	104.072463171049	17.923221778254	17.8873712495606	34.9041834023907	0	64.0371798135057	20.2497622413194	25.5603483557168	0	0	0	8.29182658276255
miR-22a-5p	336.745489622247	462.911520731001	833.409570307266	1204.08174602703	3542.87937560534	1427.85800571903	872.194577217965	1033.59336774058	465.843132752432	513.73444260729	418.278015990565	470.269179700768	441.069366068298	971.914540608918	1075.44160726201	1144.73099467529	1754.14911098027	1112.6398731152	301.436002634272	1118.59953778502	674.81421244622	1097.96731926124	427.350159163599	1663.48046856468	914.002801547529	520.023488149727	611.442246028015	1141.45097930662	1050.29803381659
miR-22a-3p	43124.1454710089	28579.4655830619	68537.2914150862	27376.4572271096	84730.3439991078	116964.995298159	110328.875070158	66062.7337489929	31987.895115667	37960.6283249336	54791.7949189314	82008.5321782726	37768.6064574039	75111.8805436699	52521.6744583724	68826.3836822334	54267.2783654918	43733.5292638363	33553.9005526896	152708.321365624	24642.3534820878	28126.9979016668	92596.4551291085	54188.3637577708	50278.0866070176	58520.6864627926	32302.5532209849	49327.8654390677	42268.9679767292
miR-223-3p	30985.765745087	20555.6658903913	7990.77050143604	13480.0786417262	15442.467053628	48120.4560088299	37522.7216555906	15730.1376910219	14258.1273131726	7681.51545800039	5114.28005116497	7518.96290726115	21040.6423517025	6909.95719901357	7820.39939203357	9756.99344232355	10835.8901854207	9255.14076273099	15799.3199975309	61897.9705397294	34656.6810109919	34187.0965940235	20751.9669032379	84807.504249034	47548.4176808916	16657.3166465799	17494.3718353841	6093.87538952404	7888.29102240144
miR-222c-5p	26.9396391697797	0	15.5884089336669	10.6269685950198	14.9567467044025	0	0	60.6256481793475	36.0473852725096	199.961252276376	46.8156356809523	160.319038534353	0	235.713493237379	40.7969635918714	1.81559237854923	30.715606868054	27.187469311538	0	58.1339565610719	13.7501328554872	0	0	5.99992955298353	0	6.50768870267008	0	0	0
miR-222a-5p	106.72241671105	0	13.3071783580084	13.8612633848085	79.2707575333332	28.3482780654771	51.3255577396386	82.8057633669137	83.1862737057914	114.207118395005	0	0	0	0	26.0764097185157	11.80135046057	47.0332730167077	16.9556260222495	0	56.8562871861033	6.34621516407104	47.1994407857192	0	17.2497974648277	0	108.855883753754	0	0	0
miR-222-3p	3554.99623044286	1826.37217805651	1578.23135325979	1257.21658900213	5221.77419317452	539.114621455741	1866.07491384514	660.967432589472	1278.29573927899	1096.23026445586	634.855022178148	1036.72978252215	435.62406525264	694.224671863513	1109.50917479749	1829.20932138835	1656.72304544566	1861.61080189112	676.194276179584	1847.50991620461	812.315541001093	1337.83332981161	742.308533348392	1127.23676476678	1332.66367978772	750.750633062575	1095.25334361329	521.63082387668	574.89997640487
miR-221a-5p	0	38.5759600609167	15.2082038377238	19.4057687387319	55.3399628062892	26.856263430452	28.5519658948983	0	0	36.7517716634446	3.06270513800623	10.6879359022902	0	61.3500872809616	18.0852519015512	23.60270092114	5.27924493044678	31.2802066272534	5.70284329308083	0	4.23081010938069	8.51137456791657	56.1958924894029	11.2498679118441	30.8486962913824	11.2405532137029	136.535647171304	0	0
miR-221-3p	2141.70131399749	875.275231727007	1071.0377552717	1775.16579748114	6156.57086219968	1422.88462360228	2510.87347697159	1252.43717092457	1342.07188245343	1415.53597955332	499.220937495015	721.435673404588	424.733463621324	558.608689452966	921.506672472063	1057.58256050493	1141.75669904845	866.198619033195	786.992374445154	1914.58755839047	1083.08738800146	1494.90687865589	986.695321616261	1597.48124348187	981.869933388571	1434.05794684293	682.678235856521	490.946657766287	182.420184820776
miR-21a-3p	3.10841990420535	0	6.84369172697572	0	0	0	0	0	97.0506526567566	199.170891595442	63.0042199818424	85.5034872183215	103.460715497502	329.353100139899	0	5.44677713564769	0.959862714626688	0	0	0	0	0	0	0	0	0	0	0	13.8197109712709
miR-218a-2-5p_gac-miR-218b-5p	0	0	13.3071783580084	12.9371791591546	1.12175600283019	0	0	0	0	0	93.6312713619047	42.7517436091608	0	0	10.0940940845867	3.63118475709846	0.959862714626688	2.92338379693957	0	1.91650406245292	3.17310758203552	6.96385191920447	0	6.74992074710647	0	11.2405532137029	0	0	0
miR-218a-2-5p	202.047293773348	319.249324642069	390.090428437616	413.065648867292	124.140997646541	77.0874228096308	102.311211123386	189.270316267231	27.7287579019305	202.727514659646	201.701009802982	187.038878290078	141.577821207108	77.494847091741	288.943443171295	511.089254561608	552.400992267659	427.983387871953	165.382455499344	278.531923743158	209.425100414344	254.567475713141	243.079907047185	130.498467777392	159.531829392577	136.661462756072	56.3951586142344	6.13683322207859	0
miR-2188-5p	60699.151609386	21692.9916094286	19442.1677861461	14943.828055162	10043.4554120063	5503.04731218429	6165.86501587447	10896.3512544783	2800.60454809498	1494.57204764675	1845.49861030147	2394.097642113	3250.84458694782	7610.6397748014	32256.5188218039	21523.8476477011	20110.0837341437	26912.378896246	8893.99146150905	10996.2614756674	13058.3954026035	8591.07198432525	3336.46775640571	9948.63319004082	5930.0008185263	18332.7506834855	3686.46247362521	2055.83912939633	4090.63444749619
miR-2188-3p	8026.97633262629	6098.99230618287	7545.93053918262	18832.3744767136	10786.4318045475	6744.90082673686	8375.92313788195	19524.4160624416	5423.7450456176	6293.64210227977	9075.67038252331	30049.1317892889	14108.7744133699	8059.46409754106	10106.7117021925	6062.26295197587	7029.07465921124	6198.15832627128	12300.2182912763	16715.7484327144	13423.3027745376	9004.26053153138	12896.3038857076	6352.42541422131	5937.9333404298	16695.771170732	9809.78943263392	13856.9694154535	7523.45065275989
miR-217a-5p	34.1926189462589	9.31143863539369	16.3488191255531	0	139.471663018553	0	0	54.7109507959965	0	32.404787918306	85.7557438641744	0	152.468422838424	9.68685588646762	40.3763763383469	23.60270092114	35.0349890838741	49.1128477885848	0	503.401733737633	0	0	67.957823475557	0	7.0511305808874	0	0	49.0946657766287	11.0557687770167
miR-216b-5p	0	0	7.22389682291882	0	38.8875414314465	0	0	0	0	0	0	0	0	0	3.78528528172002	1.81559237854923	28.7958814388006	11.6935351877583	0	198.038753120135	0	0	53.5821300480354	0	0	0	0	0	0
miR-214a-3p	14355.7192575884	15028.6619575254	15185.3915319672	7395.44605790815	3856.97105639779	3233.69305231109	1876.95185323367	8616.23541319653	1627.67808884332	345.387617568286	1048.32021580899	1416.15150705345	370.280455464744	3174.05977879922	19985.0445257211	18726.0197923567	20777.6682521666	20820.3394018036	18299.6094355974	4067.46045521258	13632.7278749519	8082.71079422332	15678.6540045434	6737.92088800051	13303.7206234893	5971.10018873174	1050.73084997047	1693.76596929369	1207.84273888908
miR-212b-5p	19.6866593933006	0	3.80205095943096	0	0	222.310180618742	8.49760889729116	0	0	0	0	0	0	0	2.94411077467113	0	0	2.33870703755166	281.883397057995	0	0	0	0	0	7.0511305808874	0	0	0	0
miR-212a-5p	0	10.6416441547356	0	2.31021056413474	0	0	0.339904355891647	0	61.003267384247	325.628600544929	180.699603142367	69.4715833648862	81.67951223487	100.097510826832	0	0	17.2775288632804	0.292338379693957	29.3289083644157	0	0	5.41632927049236	23.5238619723082	0	4.40695661305462	0	106.85398474276	312.978494326008	16.5836531655251
miR-210-5p	869.321433209431	603.913305781248	648.629893678921	727.254285589618	1681.51224824245	1128.95774050234	1315.76976165656	1441.7074871918	1533.40031197675	2049.80042600309	3127.02194590436	2517.00890498934	2907.79063556137	1527.29427809973	717.942441766231	714.435600959121	825.481934578952	537.025603497799	1465.63072632177	1393.93728809076	1150.78034975155	1067.016866287	2818.94279301493	1373.23387643911	1245.40593884924	545.462634896528	4057.48325398202	276.157494993536	2117.1797207987
miR-210-3p	187.54133422039	13.3020551934196	32.3174331551631	101.649264821929	217.620664549056	52.717850437554	259.347023545326	116.815273321182	16.6372547411583	205.493777042916	43.3154012375167	90.8474551694666	261.374439151584	0	27.3381714790891	17.2481275962177	59.991419664168	27.187469311538	32.5876759604619	214.648454994727	105.770252734517	88.982552300946	138.529409392482	87.7489697123841	52.8834793566555	92.8824660290184	17.8089974571266	0	295.741814785198
miR-21-5p	55125.7547211458	27577.8208269974	28998.6228726759	117674.733463219	99211.8400769779	39512.5262411584	88550.1832751123	44630.8277804206	104265.675462839	155479.753153394	110382.955878882	120976.746478023	169441.42548083	67743.4121660302	28415.2954353652	31549.5487620499	32815.3065562999	32657.4127339916	37514.1178737847	60668.2137663221	58324.8904653949	59382.3128377052	42035.8344632941	74084.8801466583	61235.5435297166	34374.2033355672	99777.8764197948	71549.3385362143	66047.162673898
miR-20a-5p	274.57709153814	46.5571931769685	27.3747669079029	286.004067839881	161.158945739937	33.3216601822275	109.109298241219	7.39337172918872	91.5049010763705	183.758858317223	242.828764513351	160.319038534353	179.694926916714	145.302838297014	25.2352352114668	29.0494780567877	78.7087425993884	99.3950490959454	39.1052111525542	79.215501248054	50.7697213125683	72.7335644894689	133.301884509747	50.2494100062371	81.969393002816	1.1832161277582	121.694815957032	0	13.8197109712709
miR-206-1-3p	35320.9753714854	16550.4170716526	45325.0098975683	6615.05692934343	2729.98019222107	5352.35383404675	3962.94488534071	13643.7281890449	47344.0812417561	3808.74812142236	2160.51971021068	19323.7881113407	6082.40101108998	21772.8230808171	72907.1180494488	69843.115414221	65129.0848442074	53024.3353088899	11294.8884878961	3022.96574117574	12168.8675771062	10607.4939955971	28259.9995160663	19253.02394433	13168.8677511298	7592.10628376046	9091.49320186315	42350.2860655643	13222.699457312
miR-205-1-5p	1228.86200212918	22447.2181388955	9865.56182953145	459.269860149987	3805.37028026761	12025.1406200907	5330.3801090928	7489.48556166817	1561.12906987869	827.112452597737	639.667844537872	550.428698967945	811.349821533042	710.369431674292	2871.76976706492	4917.53195730059	1276.6174104535	5706.15283324635	16395.6744676074	2074.29623026154	9024.31796330901	19747.1627588908	4763.58204939241	15864.5637292826	15241.9001419107	16477.4677951606	991.367525113383	490.946657766287	1149.79995280974
miR-204-2b-3p	44.5540186269434	97.1050029119628	91.249223026343	0	0	0	0	0	61.003267384247	43.8650177918532	65.6293958144192	106.879359022902	70.788910603554	25.831615697247	22.2911244367957	57.1911599243007	73.909429026255	78.9313625173684	0	0	0	0	0	0	0	0	8.90449872856332	0	292.977872590943
miR-204-1/2b-5p	14785.7173443368	9371.29788376408	16996.3084039442	944.876120731111	283.804268716037	162.132257006062	1115.56609603638	2244.6276569817	15799.84625252	3460.5942414708	13851.3027512859	12237.6866081223	6833.85252365079	17478.3169711497	6987.63663005516	18432.801623221	9324.58634124096	20095.924896922	1402.89945009788	229.341652806866	894.816338134016	1044.57778788067	350.244167143256	124.498538224408	6056.92116898228	711.112892782676	8052.63501686409	19331.0246495476	6119.36801807876
miR-200b-5p	0	73.1613035638076	0.380205095943096	3.69633690261559	11.965397363522	97.4782894883074	42.4880444864558	45.8389047209701	63.7761431744401	0	0	0	0	0	0	16.3403314069431	1.43979407194003	21.0483633379649	21.1819893743002	0	24.327158128939	54.9370540292797	0	36.7495685120241	60.8160012601538	43.7789967270533	0	0	0
miR-200b-3p	360.576708887821	12128.81392536	2379.70369550784	3973.56217031176	7717.30738080408	26343.5077342151	9008.48514419631	10998.3797843411	4153.76793370918	1623.00565829857	1219.39417423191	790.907256769474	2156.33912300057	933.167117063047	2266.96529649677	2535.474756644	1053.9292606601	5673.41093472063	6242.16933022647	5497.81132048994	6828.52751654044	18762.1645929856	1479.38954181405	12804.599657261	10691.2767432705	16859.6466044265	1656.23676351278	4246.68858967838	4098.92627407895
miR-200a-3p	88.0718972858184	1257.04421577815	397.314325260535	558.146872294954	1690.8602149327	2263.88353954477	755.267478791239	1203.64091751192	1428.03103194942	208.260039426186	546.036573175968	261.85442960611	130.687219575792	32.2895196215587	282.214047114904	297.757150082073	125.742015616096	607.479153004043	1587.01981927449	571.11821061097	1192.03074831801	1606.32850936316	798.504425837795	1410.73343614525	1414.63307279053	2055.24641391599	142.471979657013	497.083490988366	160.308647266743
miR-19b-3p	136.770475785036	62.5196594090719	51.3276879523179	436.629796621467	172.376505768239	178.047079779663	154.996386286591	85.7631120585892	2.77287579019305	216.954006916463	82.6930387261682	181.694910338933	560.865984012774	54.8921833566499	92.9497830289028	24.5104971104146	89.267232460282	125.997841648096	68.4341195169699	171.207696245794	108.943360316553	181.060149899316	0	56.2493395592206	141.022611617748	212.387294932596	14.8408312142722	276.157494993536	44.2230751080669
miR-199-5p	3309.43105801063	2503.44678740156	3098.29132684029	1075.17199654831	1580.18028932012	809.666608606961	729.774652099365	1058.73083161982	865.137246540231	309.821386926243	984.878466521717	689.371865697717	511.858276671852	4255.75868612144	3507.69769439389	4233.9614267768	4258.91086479861	3529.40125804514	1690.48569044896	1542.7857702746	2082.61627634265	1638.82648498612	1604.85013899969	1631.2308472174	1682.57603486426	1400.9278952657	905.290704070604	18.4104996662358	588.719687376141
miR-199-3p	7983.45845396742	9836.86981553377	18247.183169597	17151.0032281363	16312.201874489	7718.19170698491	5942.88775840955	11493.7356901968	6083.68948368354	2148.20033077941	5561.43500131388	6150.907111768	4753.74761206943	15970.396404823	16173.2622470291	21261.4945490007	18390.0097495327	17699.9195369503	7544.86167674593	11646.5951875264	15545.054044392	14254.2311172872	9046.23180957319	17744.0416617547	12328.020429359	7166.74008583139	5597.96153402347	4381.69892056411	5831.91802987633
miR-196d-5p	117.083816391735	70.5008925251237	116.342759358587	0	0	0	0	0	22.1830063215444	0	1.31258791628838	48.0957115603059	119.796617944476	6.45790392431175	243.520019790655	208.793123533161	270.681285524726	194.697360876175	0	0	0	0	0	0	0	0	2.96816624285444	0	0
miR-196d-3p	98.4332969665029	33.2551379835489	124.707271469335	0	0	0	0	0	22.1830063215444	0	0	90.8474551694666	0	0	112.717383944552	106.21215414513	169.895700488924	106.703508588294	0	0	0	0	0	0	0	0	14.8408312142722	0	22.1115375540335
miR-196a-5p	225.878513038922	242.097404520236	881.315412396096	0	0	0	0	0	543.483654877837	23.7108204280288	143.509612180863	160.319038534353	114.351317128818	400.390043307328	714.99833099156	986.774457741506	970.901135844895	952.146102663218	0	0	0	0	0	0	0	0	130.599314685595	0	113.321629964422
miR-194a-5p	48.6985784992172	0	8.7447172066912	5684.50411410995	4746.52356664213	291.440192041572	177.430073775439	0	2.77287579019305	16.9927546400873	51.190928735247	58.783647462596	152.468422838424	6.45790392431175	13.0382048592579	11.80135046057	0.959862714626688	4.38507569540936	562.952102216979	316.862004992216	222.117530742486	406.998456611283	952.716409878482	308.246380784529	258.247657525001	0	0	0	66.3346126621004
miR-194a-3p	0	0	0	0	56.8356374767295	17.4068374086263	0.679808711783293	0	0	0	0	0	0	0	0	0	0	0	0	0	0	3.09504529742421	0	0	0	0	0	0	0
miR-193a-2-5p	575.05768227799	464.241726250343	949.37212456991	153.397981458547	50.4790201273584	0	19.7144526417155	68.0190199085362	562.893785409188	0.395180340467146	115.070207327948	213.758718045804	0	196.966069691508	658.219051765759	792.506073236738	688.701497744649	498.729275757891	413.048792798854	173.763034995731	126.924303281421	95.9464042201505	311.037730522742	45.7494628414994	188.617743038738	204.104782038289	17.8089974571266	208.652329550672	0
miR-191-5p	15201.2094715322	38603.8943768229	15762.9230727048	0	0	0	0	0	14773.8822101486	10274.2936718053	13013.8716606939	11478.8431590597	14571.6249827008	7684.90566993098	18894.4617773323	15487.0029890249	15013.6926508333	12866.6891054701	0	0	0	0	0	0	0	0	9492.1956446485	11518.8359578415	6387.47041092142
miR-18c-5p	46.6262985630803	34.5853435028909	19.770664989041	0	0	0	0	0	85.9591494959844	36.3565913229775	165.823606757766	283.23030141069	0	0	15.982315633929	39.943032328083	35.5149204411875	52.3285699652183	0	0	0	0	0	0	0	0	2.96816624285444	0	0
miR-18a/b-5p	132.625915912762	10.6416441547356	0	20.3298529643858	24.3047133946541	0	1.69952177945823	0	0	139.103479844435	78.3177456718736	0	5.445300815658	6.45790392431175	2.52352352114668	0	12.9581466474603	22.2177168567407	25.2554488693579	0	2.11540505469035	20.8915557576134	19.6032183102568	17.9997886589506	11.458087193942	88.7412095818647	2.96816624285444	0	0
miR-18a-3p	96.361017030366	87.7935642765691	12.9269732620653	40.1976638159446	31.0352494116352	40.7817333573531	95.5131240055527	178.919595846367	0	0	0	0	0	0	52.5734066905559	69.9003065741453	39.8343026570076	41.5120499165419	48.0668220416813	0	37.019588457081	49.5207247587873	0	41.9995068708847	54.6462620018774	86.3747773263483	0	0	0
miR-184-3p	85.9996173496815	1777.15457384085	1156.5839018589	310.954341932537	374.666504945283	1432.33404962411	522.093090649569	2528.53313138254	743.130711771737	687.613792412835	198.200775359546	411.485532238172	408.39756117435	432.679562928887	524.051717891461	875.115526460728	265.402040594279	1598.79859854625	1129.16297203	555.147343423862	956.163084720036	503.71862215579	248.30743192992	531.743756633165	949.258454451966	1670.70117239457	338.370951685406	12.2736664441572	66.3346126621004
miR-183-5p	671.418699308356	280.673364581153	290.476693300525	266.59829910115	93.4796669025156	1352.7599357561	1644.11736944789	291.298846130036	19.4101305313513	257.262401644112	83.1305680315976	304.60617321527	141.577821207108	293.834628556184	100.520353592343	252.367340618343	99.3457909638622	145.876851467285	509.997128781228	429.296909989454	226.348340851867	537.764120427456	40.5133178411975	230.247296595743	166.582959973465	853.690436177538	175.121808328412	61.3683322207859	353.784600864535
miR-182b-5p	67.3490979244493	26.6041103868391	0.760410191886192	41.5837901544254	33.2787614172956	75.0980699629307	422.501114373317	73.9337172918872	49.9117642234748	40.3083947276489	0	58.783647462596	27.22650407829	145.302838297014	13.4587921127823	9.07796189274614	3.83945085850675	5.84676759387914	88.8014169922586	48.5514362488073	39.1349935117714	2.32128397306816	0	23.9997182119341	21.1533917426622	95.8405063484139	0	0	24.8754797482876
miR-182a-5p_gac-miR-182b-5p	8.28911974454761	0	15.2082038377238	9.70288436936593	0	11.4387788685259	39.0890009275394	0	0	3.55662306420432	52.9410459569648	5.3439679511451	10.890601631316	0	9.67350683106228	17.2481275962177	0	15.4939341237797	4.07345949505773	0	4.23081010938069	6.96385191920447	0	5.24993835886059	0	10.6489451498238	0	0	0
miR-182a-5p	56.9876982437648	53.2082207736782	69.5775325575865	161.714739489432	10.4697226930817	362.559556311102	79.1977149227536	45.8389047209701	0	131.59505337556	112.882560800801	58.783647462596	0	196.966069691508	42.4793126059691	52.6521789779276	12.4782152901469	35.0806055632749	110.79809826557	33.2194037491839	58.1736390039845	167.906207385263	88.8679230064977	78.7490753829088	84.6135669706488	146.718799842016	103.885818499905	0	5.52788438850837
miR-181b-2/3-5p_gac-miR-181c-5p	1116.95888557779	956.417768406867	1391.55065115173	419.53423844687	2628.27431463113	1093.64672747341	783.819444686137	295.734869167549	1314.3431245515	683.266808667696	1453.03482333124	1330.64801983513	1127.17726884121	962.22768472245	590.504503948324	1048.50459861218	1006.8959876434	705.120171821825	549.102339933782	1144.79175997188	538.370586418693	1187.72363288654	1261.14037795986	579.743193057034	616.092534505037	864.339381327362	1368.3246379559	196.378663106515	862.349964607305
miR-181b-1-5p	717.008857903368	812.755572317935	792.727625041355	54.9830114264069	62.4444174908804	74.1033935395806	144.45935125395	164.13285238799	291.15195797027	243.035909387295	382.838142250779	74.8155513160313	593.537788906722	458.511178626134	326.375708734971	651.797663899173	469.372867452451	378.28586332398	127.906628144813	74.7436584356638	72.9814743868169	60.3533832997721	184.270252116414	77.9990841887859	162.17600336041	118.32161277582	344.307284171115	0	163.072589460997
miR-181a-5p	13530.9518430059	9777.01056716338	9991.02951119267	2317.14119582715	7010.22718035345	2821.89701304416	3656.35115632644	1426.92074373342	3471.64048932169	3775.15779248265	5398.67409969412	2752.14349483972	3985.96019706165	4313.87982144025	5685.07790588995	10315.2880987274	6634.09115214235	4623.33147485993	3889.33912588112	2691.41053837138	3221.7618982934	2943.38807785042	4043.49049679564	2158.47465668583	2474.94683389148	2338.0350684502	4232.60506231043	2387.22812338857	5323.35266613356
miR-181a-3-3p	587.491361894812	413.693916515348	454.725294747943	87.7880014371203	129.749777660692	114.387788685259	60.8428797046047	180.398270192205	0	0	0	0	0	0	338.993326340704	396.706934713006	280.759844028306	244.102547044454	72.5075790120277	129.04460687183	82.5007971329235	96.7201655445065	142.450053054533	86.2489873241383	127.801741778584	158.550961119598	0	0	0
miR-181a-2-3p_gac-miR-181a-3-3p	31.0841990420535	1.33020551934196	16.7290242214962	20.7918950772127	35.1483547553459	32.8243219705525	17.335122150474	0	3502.14212301382	6772.60067492595	6432.11831911851	7241.0765738016	4884.43483164522	5075.91248450903	9.25291957753783	20.8793123533161	4.79931357313344	18.4173179207193	0	39.607750624027	3.17310758203552	15.475226487121	0	5.24993835886059	3.5255652904437	47.9202531742069	5589.05703529491	5891.35989319545	2976.76574321176
miR-181a-2-3p	1150.11536455598	791.472284008464	710.223119221703	274.453015019208	846.177944801571	597.800530433395	527.531560343835	489.441208472293	0	0	0	0	0	0	792.806972893582	888.732469299847	590.315569495413	526.501421828817	226.48434792521	843.900622166768	182.982537230715	511.45623539935	151.59822159932	182.997851365998	460.967661725514	559.661228429627	0	0	0
miR-181a-1-3p	279.757791378482	163.615278879061	174.514139037881	18.019642400251	4.48702401132075	166.110962699463	42.8279488423475	0	280.060454809498	131.990233716027	50.315870124388	16.0319038534353	0	0	103.464464367014	185.190422612021	101.745447750429	68.407180848386	39.1052111525542	49.8291056237759	17.9809429648679	47.1994407857192	0	0	22.9161743878841	16.5650257886147	41.5543273999622	104.326164775336	8.29182658276255
miR-17a-5p	269.396391697797	37.2457545415748	23.952921044415	103.497433273237	101.705877589937	76.0927463862807	60.8428797046047	60.6256481793475	2.77287579019305	184.944399338624	337.772623791544	133.599198778627	277.710341598558	100.097510826832	60.1439772539959	62.6379370599484	59.5114883068547	74.2539484422651	37.4758273545311	130.322276246798	20.0963480195583	17.7965104601892	0	21.7497446295653	33.4928702592152	2.36643225551639	0	0	8.29182658276255
miR-16c-5p	46512.3231665928	52000.3941621158	29957.8803297403	37736.3654809154	30770.5149949673	47009.4024439479	68622.6106022527	34600.9796926032	20735.5651590636	59972.1732889537	51509.0125402942	47582.6906369959	106913.036214629	8898.99160770159	33020.3052742043	30939.5097228574	39406.2038862841	30196.2159153482	50481.5688303515	61228.4717872458	44500.7184329935	36151.6765965635	43925.5847084028	33046.111995445	30235.2479308452	26969.0451999926	72586.5054690053	42049.5812376825	28767.1103577975
miR-16a-5p_gac-miR-16c-5p	2550.97660138453	1602.89765080706	1761.11000440842	9056.48745352103	5878.00145483018	5042.01478996153	7024.46341885677	4938.77231509806	1710.86436254911	5585.87411250311	3577.6771304967	3735.43359785042	6991.76624730487	1717.80244386692	2207.66249374982	1847.36524517384	2076.18305173753	2030.87472373392	5473.91486945858	8003.95979949087	6503.81284064547	5335.08433143498	5968.52653486287	4742.19432043936	3786.45712193653	4968.32452045666	3297.63269581128	1436.01897396639	3388.59313015563
miR-16a-5p	3781.91088344985	2359.78459131263	2031.43582762396	0	0	0	0	0	390.97548641722	965.820752101706	1119.19996328856	689.371865697717	1633.5902446974	1084.92785928437	2519.73823586496	2367.53246162819	2853.19191922783	4000.9430644915	0	0	0	0	0	0	0	0	854.831877942079	846.882984646845	594.247571764649
miR-15c-5p	109431.922727549	100755.086857037	51945.9014383214	38903.0218158034	21156.3182133773	19136.0823706204	36381.3228285065	32149.3376272042	15849.7580167435	26430.4515311237	23123.8613212525	29744.5256160736	40877.8732231446	14791.8289386361	65888.7785498863	48501.7348005641	64235.9325882472	51037.3113421101	44008.0270008057	29240.7413155317	46390.8328493593	31545.4754326719	21464.2171685106	29365.1552146896	27343.4030013587	40063.6980858925	38167.6497168652	12611.1922713715	21907.0058316587
miR-15c-3p	50.7708584353541	7.98123311605174	34.2184586348786	4.62042112826949	2.9913493408805	0	15.2956960151241	5.91469738335098	0	0	0	0	0	0	8.83233232401339	9.98575808202076	1.43979407194003	7.60079787204289	7.33222709110392	0	5.28851263672586	0	143.756934275217	2.24997358236882	11.458087193942	0	0	0	0
miR-15b-1-5p	2243.2430308682	242.097404520236	251.695773514329	57.7552641033686	54.2182068034591	46.2524536857785	3.73894791480811	93.1564837877779	88.7320252861775	224.067253044872	242.828764513351	117.567294925192	397.506959543034	187.279213805041	391.146145777736	205.161938776063	232.766708296972	650.160556439361	158.864920307252	191.650406245292	107.885657789208	60.3533832997721	24.830743192992	74.2491282181712	28.2045223235496	225.402672337936	68.2678235856521	0	348.256716476027
miR-15a-2-5p	8835.16550771968	6069.72778475735	3604.72451463649	13154.3389521832	10515.7146891978	7155.20485136876	12088.0186085746	8678.33973572172	10306.7793121476	21677.6175763253	12972.7439059835	16625.0842960124	23687.0585481123	4937.06755013633	4836.33282827762	3705.62404461897	5447.22090550645	4502.30338566663	11191.4226167216	11657.4553772136	10849.9125255068	7420.37110057454	9780.69905559748	6729.67098486515	5775.75733706939	9586.4170670969	18177.0500712406	9567.32299322052	10837.4173436707
miR-155-5p	473.515965407282	206.181855498003	119.764605222075	95.6427173551784	77.0272455276729	242.203709085743	412.643888052459	94.6351581336156	912.276134973512	3385.11479644157	1965.38163998914	2073.4595650443	1927.63648874293	364.871571723614	74.0233566203027	145.247390283938	47.9931357313344	78.0543473782866	109.983406366559	205.704769369947	126.924303281421	388.428184826738	39.2064366205137	199.497657636702	310.249745559046	113.588748264787	2255.80634456937	822.335651758531	1155.32783719825
miR-152a-5p	237.276052687675	91.784180834595	195.045214218808	118.282780883699	450.198075802515	477.942021419711	78.857810566862	181.876944538043	80.4133979155984	139.89384052537	38.940108183222	101.535391071757	81.67951223487	368.10052368577	229.640640424348	225.133454940104	197.251787855784	189.14293166199	413.048792798854	458.683305613732	103.654847679827	109.874108058559	426.043277942915	168.748018677662	210.652526104011	247.883778765342	0	30.6841661103929	60.806728273592
miR-152a-3p	336.745489622247	114.397674663408	268.044592639883	518.411250591837	1066.78995869151	362.062218099427	151.257438371783	316.436310009277	122.006534768494	115.787839756874	104.131974692212	144.287134680918	206.921430995004	687.766767939201	302.402235284077	236.0270092114	252.923825304132	339.989535584072	303.880078331307	505.95707248757	255.964011617532	314.920859012913	147.677577937268	253.497023613554	636.364534925088	175.115986908213	47.490659885671	0	38.6951907195586
miR-150-5p	1579.07731133632	18653.4719977323	820.102391949258	3855.27938942806	615.470126886163	26569.2992823155	4488.0971151933	7017.78844534593	6158.55713001876	7193.46773752346	4510.48960967232	2741.45555893743	3528.55492854638	1126.9042347924	338.993326340704	434.83437466254	530.804081188559	606.309799485267	35861.9227025893	1782.34877808121	5052.64497312789	64991.3086779622	6121.43163768287	20295.5117041609	21616.1221870329	21006.2275241551	8307.89731374958	2000.60763039762	19518.959775823
miR-148a-3p	334.67320968611	160.954867840377	326.976382511062	5572.227880693	2068.89198788648	1010.59124612368	307.953346437832	255.81066182993	196.874181103706	292.828632286155	551.286924841121	203.070782143514	163.35902446974	687.766767939201	360.443276270451	265.984283457462	276.440461812486	332.388737712029	568.65494551006	873.287017791047	416.734795773998	381.464332907534	1470.24137326926	431.244936620691	683.078275023467	250.841819084738	74.204156071361	110.462997997415	284.686046008181
miR-146a-5p	4694.75019531815	2784.12015198271	3172.81152564513	36435.7169333075	31495.1693727956	26718.9980840297	64300.7267170904	78349.0388885587	7472.90025457026	20993.9555873171	13254.0752493747	26335.074063243	12480.6294694881	14543.1996375501	2430.9943253713	3002.08199793115	1901.48803767547	2882.45642378242	8837.77772047726	50028.422046271	20394.6201322696	31450.3027897761	7224.43938793999	36875.5670326368	16837.2184358365	38037.4404671066	6491.37957312266	10868.3316363012	9820.28661618511
miR-146a-3p	85.9996173496815	81.1425366798593	80.6034803399363	1186.5241457396	1088.8511600805	1126.47104944396	2651.59388031073	3553.2544530481	0	0	0	0	0	0	62.6675007751426	78.9782684668914	33.5951950119341	74.838625201653	756.848774181727	1648.83232839699	794.334598036225	1043.80402655631	1782.58598501269	1259.98520612654	670.738796506914	2002.59329623075	0	0	96.7379767988964
miR-145-5p	450.720886109776	282.003570100495	408.720478138828	741.577591087253	999.484598521697	315.312426201974	548.945534765009	1617.66973434649	224.602939005637	250.544335856171	254.642055759946	58.783647462596	130.687219575792	222.797685388755	982.912411486633	492.933330776115	738.134427547923	853.920407086049	2884.82401439989	247.867858743911	1028.08685657951	2240.03903401077	1373.53216293866	1063.48751326633	1275.37324381801	612.314346114866	121.694815957032	165.694496996122	594.247571764649
miR-145-3p	139.878895689241	109.07685258604	369.559353256689	450.491060006275	677.540625709433	441.636331967433	232.834483785778	628.436596981041	371.565355885868	275.045516965134	388.088493915932	197.726814192369	0	787.864278766033	429.840173101985	333.161201463783	426.17904529425	344.374611279481	1043.62032263379	484.236693113104	299.329815238684	1022.9124707987	1414.04548077986	571.493289921681	315.538093494711	505.23328655275	237.453299428355	104.326164775336	478.161999605974
miR-144-5p	5966.09393613814	1253.05359922012	2504.79117207312	3866.83044224874	2091.70102661069	978.761600576474	1346.7010580427	1475.71699714607	598.941170681698	1533.69490135299	1915.94082847561	6706.67977868709	2401.37765970518	1643.53654873734	2790.17583988118	1881.86150036628	2090.58099245693	2500.07782314272	1257.88429207383	1815.5681818304	2140.78991534663	1733.22536655756	704.408977948562	1310.9846073269	1555.65568440828	2274.14139755125	765.786890656445	1969.92346428723	2379.75422925285
miR-144-3p	830.984254390898	65.1800704477559	99.6137351370911	440.326133524082	88.9926428911949	141.741390327386	181.508926046139	175.962247154692	8.31862737057914	332.741846673337	333.397330737249	117.567294925192	27.22650407829	274.460916783249	395.35201831298	99.8575808202076	120.462770685649	492.882508164012	167.826531196379	175.679539058184	191.444157449476	130.765663816173	129.381240847695	5.99992955298353	157.769046747356	493.401125275168	0	49.0946657766287	74.626439244863
miR-143-5p	0	6.65102759670978	0	10.1649264821929	17.5741773776729	34.3163366055776	0	0	0	0	0	0	0	0	6.3088088028667	0	5.27924493044678	6.1391059735731	0	0	0	18.5702717845452	71.8784671376084	8.9998943294753	0	1.77482419163729	0	0	0
miR-143-3p	4215.01739010246	2393.03972929618	4035.87709343596	15858.2093964465	15764.4110264402	8342.35116263708	4095.84748849434	23274.3342034861	3363.49833350417	7233.77613225111	6757.64012235803	6359.32186186266	2025.65190342478	7862.49802784955	4603.32748982507	3484.12177443597	3741.06493025752	5281.67750593072	21083.4116545198	8644.71099103763	6511.21675833688	12595.2868378678	17746.1400956652	6793.4202363656	8158.15808208672	6695.22845891975	3811.1254558251	8953.63967101266	4682.11807706659
miR-142-5p	498.383324640925	150.313223685641	120.144810318018	148.315518217451	63.5661734937106	133.28664072891	432.698245050066	178.919595846367	183.009802152741	2962.6670124822	1219.83170353734	1063.44962227787	1089.0601631316	171.134453994261	130.382048592579	112.566727470052	86.3876443164019	167.802229944331	112.427482063593	263.838725931018	130.097410863456	111.421630707272	0	78.7490753829088	113.699480616809	142.577543394863	1953.05338779822	36.8209993324715	1210.60668108333
miR-142-3p	532.575943587184	81.1425366798593	20.5310751809272	135.840381171123	49.3572641245282	58.6859089776544	193.745482858239	10.3507204208642	24.9558821117374	660.741529261069	46.3781063755229	197.726814192369	114.351317128818	293.834628556184	50.4704704229336	12.7091466498446	42.7138908008876	64.0221051529766	50.5108977387159	88.1591868728343	51.8274238399135	52.6157700562115	0	55.4993483650977	150.717916166468	118.32161277582	572.856084870907	0	63.5706704678462
miR-140-5p	24.8673592336428	2.66041103868391	27.754972003846	57.2932219905417	71.4184655135219	0	56.4241230780133	69.497694254374	0	0	32.8146979072096	10.6879359022902	152.468422838424	142.073886334858	80.3321654231694	39.0352361388084	25.4363619376072	47.0664791307271	72.5075790120277	31.302899686731	46.5389112031876	61.1271446241281	66.6509422548733	44.9994716473765	48.4765227436009	42.5957805992951	0	0	35.9312485253044
miR-140-3p	3690.73056625982	1319.56387518722	1318.17106763471	1206.39195659116	981.910421144024	722.135083352154	366.756800007087	927.128814840265	166.372547411583	2215.77616899929	1908.50283028331	2367.37780235728	2221.68273278846	2240.89266173618	5839.85401518695	2379.33381208876	1708.07570067819	1752.56858626527	757.663466080738	987.638426850737	771.065142434631	1022.13870947434	274.445056343596	374.995597061471	422.186443530633	1477.83694356999	1590.93710616998	1417.60847430015	1691.53262288356
miR-139-5p	331.564789781904	489.51563111784	214.435674111906	408.90726985185	1958.58598094151	335.205954668975	97.8924544967942	233.630546642364	1361.48201298479	652.047561770791	623.916789542412	267.198397557255	963.818244371466	374.558427610081	330.160994016691	226.949047318654	624.870627221974	344.959288038869	492.888598901986	550.675500611472	391.349935117714	500.623576858366	848.165912223779	512.243985585969	657.51792666775	283.971870661967	664.869238399394	239.336495661065	19.3475953597793
miR-1388-3p	828.911974454761	335.211790874173	218.61793016728	140.922844412219	176.86352977956	517.231740142039	428.279488423475	81.3270890210759	1552.81044250811	1629.72372408651	2094.89031439626	2329.97002669926	1328.65339902055	387.474235458705	143.420253451836	176.112460719275	64.7907332373015	99.3950490959454	239.519418309395	132.877614996736	210.482802941689	280.875360741247	64.0371798135057	383.995491390946	254.722092234557	459.08785757018	1570.15994247	767.104152759824	782.195640973934
miR-135a-1-5p	0	1.33020551934196	0	26.798442543963	7.10445468459119	4.47604390507534	79.8775236345369	0	0	0	0	0	0	0	8.41174507048894	1.81559237854923	11.9982839328336	0.292338379693957	12.2203784851732	0	62.4044491133652	30.176691649886	91.4816854478652	48.7494276179912	31.7300876139933	24.8475386829221	0	0	0
miR-133b-3p	239.348332623812	10.6416441547356	117.483374646417	6.93063169240423	4.11310534371069	0	129.503559594717	11.829394766702	0	0	43.3154012375167	0	0	67.8079912052734	343.199198875949	371.288641413317	138.700162263556	130.675255723199	8.14691899011547	0	23.2694556015938	0	0	27.7496741825488	10.5766958713311	20.1146741718893	0	0	0
miR-133a-5p	121.228376264009	23.9436993481552	89.3481975466275	18.481684513078	6.73053601698112	0	0	0	191.32842952332	98.3999047763194	17.063642911749	171.006974436643	0	235.713493237379	158.561394578717	133.446039823368	274.520736383233	166.340538045862	0	0	30.67337329301	0	0	8.24990313535235	21.1533917426622	0	276.039460585463	417.304659101344	370.368254030061
miR-133a-3p_gac-miR-133b-3p	282.866211282687	19.9530827901293	49.4266624726025	0	0	0	0	0	19.4101305313513	0	0	0	21.781203262632	32.2895196215587	237.631798241313	202.438550208239	86.8675756737153	134.183316279526	0	0	0	0	0	0	0	0	0	0	0
miR-133a-3p	26182.2208531217	8239.29298680408	30525.9067430793	3662.1457862664	650.992400309119	1234.39344137744	1170.63060169083	2024.30517945187	4009.57839261915	421.657423278445	884.246726272941	4633.2202136428	2793.43931843255	7536.37387967181	50852.3636491338	53338.4728970192	34900.6083038264	20092.7091747454	753.590006585681	859.232654666392	3925.13407897794	1819.11287356108	182.96337089573	3956.20354899852	3671.87624999711	2137.47993479518	3543.9904939682	13777.1905835664	3454.92774281773
miR-130c-3p	0	0	0	2.31021056413474	1.49567467044025	70.6220260578553	0	0	47.1388884332818	0	164.948548146907	5.3439679511451	49.007707340922	0	0.841174507048894	0	3.35951950119341	11.4011968080643	0	0	3.17310758203552	8.51137456791657	47.0477239446164	0	0	0	163.249143356994	0	0
miR-130c-2-5p	39.3733187866011	10.6416441547356	40.3017401699682	6.93063169240423	5.60878001415094	60.1779236126795	8.83751325318281	0	227.37581479583	210.235941128522	104.131974692212	165.663006485498	223.257333441978	25.831615697247	41.2175508453958	54.4677713564769	36.9547145131275	29.2338379693957	17.923221778254	0	2.11540505469035	13.1539425140529	52.2752488273516	0	13.2208698391639	0	11.8726649714178	18.4104996662358	0
miR-130b-5p	1984.20803885108	2140.30068062121	2082.38331048034	577.552641033686	346.622604874528	1846.11944173774	650.23703282072	961.138324794534	2858.83493968903	2931.44776558529	1676.6122984057	1656.63006485498	2504.83837520268	1507.92056632679	2498.28828593521	3166.39310818985	2266.23586923361	2346.01549704401	628.942146036914	945.475337476773	423.081010938069	673.946113514121	1227.16146622208	707.241696057934	795.014972995054	724.719878251895	1579.06444119856	6370.03288451758	1666.65714313527
miR-130b-3p	5.18069984034226	5.32082207736782	10.6457426864067	0.462042112826949	1.12175600283019	0	48.9462272483971	0	0	96.0288227335165	51.6284580406764	26.7198397557255	10.890601631316	235.713493237379	5.04704704229336	1.81559237854923	12.4782152901469	33.6189136648051	0	0	0	3.09504529742421	0	0	0	0	8.90449872856332	61.3683322207859	185.18412701503
miR-1306-5p	195.830453964937	351.174257106276	138.394654923287	204.222613869511	27.6699814031446	161.137580582712	43.5077575541308	243.981267063228	0	0	0	0	0	0	214.078912043944	153.41755598741	186.693297994891	217.20741611261	267.218942875787	162.264010621014	96.2509299884107	166.358684736551	53.5821300480354	95.2488816536136	136.615655004693	60.344022515668	0	0	0
miR-129-1b/2-3p	0	7.98123311605174	0	0	0	0	0	0	52.6846400136679	0	0	16.0319038534353	27.22650407829	80.7237990538968	0	0	5.27924493044678	2.33870703755166	0	0	0	0	0	0	0	0	0	711.872653761116	11.0557687770167
miR-129-1a/2-5p	46.6262985630803	13.3020551934196	8.7447172066912	0	0	6.96273496345052	0	0	5.54575158038609	9.87950851167866	100.194210943347	21.3758718045804	0	184.050261842885	47.946946901787	18.1559237854923	42.2339594435743	42.6814034353177	11.4056865861617	0	3.17310758203552	2.32128397306816	0	0	7.0511305808874	53.8363338129979	0	0	0
miR-128-2-3p	17273.4894076691	17893.924646188	12744.4748160126	8365.73449484474	10700.4305109972	13914.0311480325	11626.4284932738	12397.2057155036	12827.323405433	14228.8633388601	12319.0751236719	15064.645654278	18040.2816022749	9154.0788127119	15025.0590449073	10192.7356131754	12562.6832090341	10557.2159058879	14445.3020613737	14549.4600074551	8255.36822592907	8272.28231869055	12667.599672088	9573.63759297935	7882.2825981095	10060.2951262641	16675.1579523562	12721.6552693689	11124.8673318731
miR-126b-5p	429.998086748407	259.390076271681	554.719234980977	1949.3556740169	973.684210456603	318.296455472024	378.653452463294	644.702014785256	759.767966512895	543.768148482793	1202.33053132016	1122.23326974047	767.787415007778	1662.91026051028	563.586919722759	731.683728555339	867.715894022526	1373.40570780221	702.264416947953	201.871761245041	1134.91481184137	806.259299979006	546.276350245824	525.743827080182	1374.97046327304	520.023488149727	1599.84160489854	0	826.418716082001
miR-126b-3p	9857.83565620324	5528.33413838517	9393.72730546607	30469.829172486	20098.5023027085	5839.74528148829	8959.53891694791	20373.1751369524	9818.75317307358	13549.9435139375	17376.9138944365	20910.9465928308	11309.8897941217	17630.0777133711	6648.64330371446	11204.9283642166	11000.5066409792	12510.0362822435	9037.37723573509	7308.90765950795	16621.7952172294	14330.0597270741	5036.72022451532	8606.14895256075	26625.0690734308	13241.371685742	14612.2824135724	10880.6053027453	12473.6711226691
miR-125b-2/3-5p	30797.1882708986	21505.4326312014	23725.5583970411	37444.3548656088	18692.9420311622	16206.2629656428	10451.3791349563	47224.42258302	20547.0096053305	5502.09588032408	12346.639469914	13167.5370316215	6926.42263751697	41575.985464719	39192.8438069291	35003.7132622398	39803.5870501395	41530.1748960829	65102.8443419117	14433.1920943329	46554.7767410978	37891.0920537159	19613.6733600223	28594.1642671313	78925.9487658405	24829.7904410057	12926.3639876311	15869.8507122952	22650.506281913
miR-125b-2-3p	91.1803171900237	199.530827901293	142.196705882718	46.2042112826949	31.7830867468553	52.2205122258789	1.69952177945823	155.260806312963	565.666661199382	88.1252159241736	283.081460612861	181.694910338933	43.562406525264	242.171397161691	150.149649508228	129.81485506627	119.022976613709	126.582518407483	64.3606600219122	99.0193765600675	41.2503985664617	34.8192595960223	201.259707985304	35.2495861237782	67.8671318410412	109.447491817633	908.258870313459	1785.81846762487	270.86633503691
miR-125a-5p	25425.8386764317	25120.9312327728	20038.3293765849	22519.0084949598	7044.62769777358	7742.06394114531	8312.36102333022	18952.1690906024	19315.8527544848	20264.8478591553	13951.9344915347	17768.6934375574	17174.4787725853	26961.7488840015	26801.5021435919	23548.2331497835	17753.1408383779	19659.1713576592	31323.2741331959	6304.65953078262	22176.8488908462	23414.7914363385	8698.6014048713	15206.8214520368	26436.4513303921	16271.5881889307	26538.3743773615	27155.4870076978	28435.437294487
miR-125a-1-3p_gac-miR-125a-2-3p	3.10841990420535	78.4821256411754	38.4007146902527	0	0	0	0	0	0	0	0	0	0	0	36.1705038031024	47.2054018422799	33.1152636546207	18.7096563004133	0	0	0	0	0	0	0	0	0	0	0
miR-122-5p	164.746254922884	1177.23188461763	576.01072035379	193472.74207248	726924.064140694	8598.9776798614	1922.83894127904	1203.64091751192	14926.3903786092	506.226016138414	795.86580657619	673.339961844282	4045.85850603389	1268.97812112726	217.443610072139	175.204664530001	360.428449342321	283.275889923444	11602.8420257224	102847.912842161	7106.70328123222	2982.07614406822	375883.869811851	1667.2304245353	23729.6985786539	92.8824660290184	3318.40985951126	1030.9879813092	4306.22193864802
miR-122-3p	0	0	0	2228.42911016437	1715.53884699497	158.650889524337	0	88.7204607502646	0	0	5.25035166515353	0	103.460715497502	0	0	0	6.71903900238682	0	150.718001317136	553.230839361409	94.1355249337204	27.8554076768179	606.392886397278	16.4998062707047	122.513393842919	0	0	0	0
miR-10c-5p	1230.93428206532	839.359682704774	1010.96535011269	1010.02405863971	3334.60667774654	15219.5439536795	5425.89323309835	6560.87807248207	1258.88560874764	237.108204280288	385.900847388785	609.212346430541	419.288162805666	1649.99445266165	1437.56723254656	1480.6155847069	1283.8163808132	1277.51871926259	4207.06896649563	8508.63920260347	1925.01859976821	3070.28493504481	3486.75909678435	5854.43126132368	3966.26095174916	6639.02569285124	1724.50458709843	2362.68079050026	718.624970506088
miR-10b-5p	15459.2083235813	5256.97221243941	17589.4283536154	1856.48520933868	943.396798380188	2690.10238695028	4108.42394966233	9417.67690864059	9477.68945087983	12212.2580614562	21918.0305554889	43537.3068979791	17539.3139272344	48418.1346725273	19061.0143297279	22224.6663058211	14963.2998583154	17214.053149899	2822.092738176	4464.17679614033	1440.59084224413	2816.49122065603	1642.74969439952	854.23997010603	6136.24638801726	8134.6108783376	18764.7469873258	35200.8753618428	22180.6361088898
miR-10545-5p	11.397539648753	3.99061655802587	0	10.1649264821929	7.10445468459119	0	0.339904355891647	0	0	118.158921799677	0	0	0	0	0	35.40405138171	0.959862714626688	6.43144435326706	14.6644541822078	0	10.5770252734517	6.96385191920447	0	6.74992074710647	18.5092177748294	0	0	0	0
miR-103-3p	1377.03001756297	1190.53393981105	571.448259202473	1719.25870182908	1142.69544821635	549.558723900916	805.573323463202	430.294234638784	427.022871689729	2233.95446466078	577.976212472318	1229.11262876337	1492.01242349029	661.935152241954	737.71004268188	640.904109627878	935.386215403708	835.503089165329	637.08906502703	961.446204663881	745.680281778347	608.176400943857	205.180351647355	557.243457233345	593.176360117153	624.738115456327	1852.13573554117	668.914821206566	585.955745181887
miR-101b-5p	862.068453432951	444.288643460213	286.294437245151	461.580070714122	618.461476227043	187.993844013164	353.160625771421	442.123629405485	612.805549632663	394.389979786212	119.445500382243	138.943166729772	294.046244045532	45.2053274701822	506.807640496959	331.345609085234	454.494995375737	454.293842044409	334.023678594734	493.180378737884	520.389643453825	327.30104020261	376.381791556931	286.496636154964	318.182267462544	375.079512499348	32.6498286713988	0	80.1543236333713
miR-101b-3p	40.4094587546696	15.9624662321035	21.6716904687565	55.9070956520608	49.3572641245282	0	50.3058446719637	241.023918371552	0	186.525120700493	146.13478801344	58.783647462596	0	0	37.4322655636758	7.26236951419691	32.6353322973074	33.0342369054172	0	90.7145256227715	15.8655379101776	1.5475226487121	40.5133178411975	11.9998591059671	30.8486962913824	50.2866854297233	35.6179949142533	0	0
miR-101a-3p	4614.96741777688	2001.95930660964	3359.49222775319	12316.656601628	2943.1138327588	3218.27556774917	4841.25774096472	8524.55760375459	1053.69280027336	6454.87568119037	1565.91738413204	5322.59207934051	5080.46566100891	2676.80117662722	5502.96362511386	2754.25363825918	4556.46830633289	6442.55321169543	1641.60417650827	2763.59885805711	2004.3462893191	2583.58906202486	1236.30963476686	836.990172641203	2285.44769953013	5199.05166536951	7004.87233313648	3007.04827881851	3020.98881831982
miR-100-2-5p	47631.3543321067	28757.7131226538	60976.1526720659	40996.0725869095	40681.6031986396	67736.9670919284	43121.286301482	129452.024280711	22149.7318120621	11506.0707930414	20992.2185452001	48378.9418617165	27983.4008916664	80953.0546432099	70303.2623628789	64937.384807381	53717.756961368	43074.5985560061	74059.5670796447	83513.5810254484	49497.305172172	47348.0029599955	42600.4071506295	47949.187013862	77063.5689011636	105183.772501256	27357.5882603894	53224.7545350876	38808.512349523
miR-1-3p	33591.6577647792	13439.0663619118	61913.3582335656	9393.7781958847	2306.70426048648	2005.26766947375	4740.98595597669	7069.54204745025	19254.8494871005	4580.53532635469	11868.857468385	39304.8842806722	18307.1013422422	41682.5408794702	67540.4246944768	86709.060814754	54336.3884809449	56997.5062273105	2910.89415516826	3514.86845053865	5811.01768523438	2241.58655665948	4541.41224187617	4131.70148842328	10406.5873460672	4654.18063853686	12920.4276551454	64725.1799932629	30544.325188703
let-7j-5p	1537.63171261358	1790.45662903427	1446.30018496754	2502.42008307076	4947.69180981635	2342.9603152011	3355.19589700644	2117.46166323965	3796.06695677428	9401.73548005388	6897.21197079003	6663.92803507793	5053.23915693062	3115.93864348042	1284.89405951719	1565.04063030943	1423.95633714869	1416.96412637661	2343.86859345622	4114.73422208642	2171.46328863964	1966.90128651308	5217.06983296969	2075.22563413818	1759.25707993141	1589.65086764314	5223.97258742381	2743.16445026913	4905.99739480117
let-7j-3p	8.28911974454761	38.5759600609167	4.18225605537405	33.7290742363673	51.6007761301886	0	98.9121675644691	0	2.77287579019305	41.4939357490504	74.3799819230084	32.0638077068706	130.687219575792	0	0	8.17016570347153	1.43979407194003	2.63104541724561	66.8047357189468	65.1611381233992	38.0772909844262	12.3801811896968	30.0582680757272	30.7496389590406	21.1533917426622	68.6265354099754	0	0	0
let-7i-5p	835.128814263172	739.594268754128	1166.84943944936	1618.07147911998	1009.58040254717	1751.62518151948	3901.08229256843	325.308356084304	934.459141295057	2512.55660469012	2491.72939442078	1763.50942387788	2238.01863523544	2967.40685322125	771.357022963836	909.611781653163	1058.24864287592	746.92456011806	623.239302743833	3548.72668897532	567.986257184358	516.872564669843	3822.62757050008	1254.73526776768	548.225402663995	674.433192822172	1448.46512651297	3277.06894058997	2772.23402083695
let-7h-1-5p	4694.75019531815	4722.22959366394	6371.4769978144	6739.8082998067	11625.1313759968	15925.7642142581	13090.3965540991	7504.27230512655	19637.5063461472	32809.8477672848	19254.7896733397	24389.8697290262	38667.0810919874	10452.1175014986	6506.48481202319	6814.82599288453	5514.89122688764	5338.39115159135	6546.86410045679	24628.9937065825	5882.94145709385	6252.76526212126	16062.8770834245	8065.40530159811	5166.71593314524	8323.33385071503	24056.9873983352	41313.1612510331	15829.0969464937
let-7h-1-3p	557.443302820827	857.982559975562	435.334834854845	60.0654746675034	69.9227908430817	26.358925218777	91.4342717348529	261.725359213281	393.748362207413	709.348711138528	476.031884307254	309.950141166416	245.03853670461	290.605676594029	548.445778595879	722.605766662593	524.085042186172	442.600306856651	55.3990491327852	55.5786178111346	69.8083668047814	66.5434738946205	194.725301881885	45.7494628414994	126.038959133362	105.306235370479	578.792417356616	417.304659101344	226.643259928843
let-7g-5p	35925.0449728693	28066.0062525959	32215.9183945463	22404.8840930916	27045.5372282358	30305.3039284184	25385.7568197676	21699.5460251689	47158.2985638132	83743.4563090739	60253.9107679128	96667.0362682636	84086.3351953908	30449.0170031299	30885.8249625678	27837.570144106	26607.8743808091	23650.1749172411	30506.1381584874	51177.0468143678	21102.2231230635	21649.068094158	50035.2544150996	25716.4480552815	16193.8027703305	22246.2380260457	77670.974243015	77796.6347562903	58031.7303105608
let-7f-5p	4450.221162854	2500.78637636288	3497.88688267648	26303.1333990125	14269.1102746676	12852.711404318	12476.8691917147	9003.64809180602	8709.60285699636	29543.6822533239	16413.4743638808	22866.8388629499	17555.6498296814	5747.53449263746	3119.49565939082	2986.64946271348	2945.33873983199	3080.07716845553	9880.58335121204	17993.417807683	7462.09133042019	8031.64254681582	23144.8664183099	10213.3800815662	6934.78692630276	7050.19329724721	10712.1119704617	12341.1716096	10345.4356330934
let-7e-5p	68069.2152022569	47205.003264888	45853.8751860252	44447.5271697268	74811.029584748	142837.523745917	157044.310030838	76448.9423541572	68323.6594703567	239581.638031272	147687.579518409	292550.181517487	339672.41957993	102764.625147573	44677.7221801414	42525.7124865693	43431.8681114284	39758.0196383782	50294.1896935788	203731.409020308	43126.7628499721	48862.2538717603	110933.305536523	65940.7257696772	38488.5962757739	73019.8168923416	171607.499496872	232702.578947998	147351.286260079
let-7d-5p	12695.8230287427	16924.2048225877	28887.9831897564	26018.0534153983	11598.9570692641	24785.3471170372	25734.8385932683	38021.1534545259	44177.4570893556	36370.4226348938	19804.3264809591	36151.9431894966	16869.5419269085	16380.4733040167	23768.2268711735	24179.1515013294	24595.0422682369	23198.2197822343	39367.541944036	24597.0519722082	21523.1887289469	28618.3363426329	71858.8639192981	18222.5360436051	21696.3287973905	23582.6806423486	23872.9610912783	63411.8976837381	20254.1683994947
let-7c-2/d-3p	30.0480590739851	10.6416441547356	39.1611248821389	31.8809057850595	26.5482254003144	12.4334552918759	0	11.829394766702	55.4575158038609	54.139706643999	95.818917889052	42.7517436091608	168.804325285398	322.895196215587	36.5910910566269	31.7728666246115	33.5951950119341	54.9596153824639	36.6611354555196	0	11.6347278007969	61.1271446241281	45.7408427239326	21.7497446295653	59.9346099375429	9.46572902206557	20.7771636999811	0	11.0557687770167
let-7c-2-5p	8294.30044438795	10040.3912599931	13525.0358779837	28774.5966605239	9465.00323321351	29545.8684791906	10809.6383260661	34878.9704696207	11701.5358346147	2889.16346915531	4551.17983507726	8213.67874091001	4606.72449004667	7252.22610700209	12594.9058940431	15591.3995507915	14458.4120704218	13252.5757666662	53480.449710613	16476.1854249077	27315.1677686891	20066.7261858499	56594.4912617115	20316.5114575964	25412.2746135182	27908.5188054326	4360.23621075317	15912.8085448498	6580.94636451921
let-7b-5p	17074.5505338	32813.5097511274	48866.2401611823	93509.4689202564	79307.0276440914	77159.5368503237	33995.1942501471	102915.734470307	133122.993811378	42170.4844919301	27586.660236633	64651.3242729534	44727.7008998148	35085.7920207857	45179.0621863426	43521.5649062036	35330.6267999791	34588.0153934905	129393.440860509	88731.5827528202	60180.1006983583	77195.8460470303	369182.182912184	74583.62429075	80627.9154098022	83661.0711373349	47968.5346507706	130714.547630274	48653.6744454564
let-7b-1-3p	1396.71667695627	2248.04732768791	1275.96830198503	0	0	0	0	0	1749.68462361181	1816.248844787	1269.27251505087	1763.50942387788	2346.9246515486	2357.13493237379	2629.51150903484	2159.64713428431	1369.72409377228	1347.38759200945	0	0	0	0	0	0	0	0	1780.89974571266	2669.52245160419	1042.00620723383
let-7a-5p_gac-let-7c-2-5p	851.707053752267	476.21357592442	971.804225230553	1084.87488091768	1097.82520810314	907.642236306943	723.996278049207	1293.84005260803	2673.0522617461	2320.49895922308	1426.34553570004	5995.9320411848	3838.93707503889	1911.53956159628	1138.10910803715	1025.80969388031	701.179713034796	600.755370271082	1384.97622831963	1342.19167840453	1490.30286102935	647.638228486016	1736.84514228876	1111.4869496902	624.025056408535	1311.00346955608	3143.28805118285	2976.36411270812	2103.36000982743
let-7a-5p	278726.832110254	251347.65370174	284063.773947253	413301.290344834	524082.161010258	524768.900739974	359781.282815478	446785.889617912	555659.352472575	378466.978327769	261966.733862141	673836.950863738	528466.444159609	218616.192597763	255889.070329555	238840.269601962	231439.698094	202776.131999018	646990.015675717	744037.983819222	463395.34276783	405543.785321494	1330703.05157441	492577.716493677	347917.766513469	478557.087344377	383834.354027208	704704.832557729	306137.001377788
let-7a-5-3p	894.188792443073	465.571931769685	93.1502485060585	45.7421691698679	176.489611111949	78.5794374446559	462.609828368531	150.82478327545	2.77287579019305	162.814300272464	254.204526454517	112.223326974047	277.710341598558	54.8921833566499	204.405405212881	192.452792126218	238.045953227419	245.856577322618	179.23221778254	332.832872179324	186.15564481275	127.670618518749	235.238619723082	126.748511806777	197.431656264847	149.085232097533	97.9494860141965	0	63.5706704678462
let-7a-3/7-3p	91.1803171900237	50.5478097349943	135.733219251685	106.269685950198	203.785673847484	93.4995837949071	27.872157183115	115.336598975344	288.379082180077	210.235941128522	428.341190015443	101.535391071757	130.687219575792	19.3737117729352	133.746746620774	168.850091205078	143.979407194003	138.568391974936	65.9900438199353	65.1611381233992	115.289575480624	153.204742222498	19.6032183102568	133.498432553884	148.073742198635	99.9817627955676	299.784790528298	644.367488318252	52.5149016908295
REV_let-7f-3p	13.4698195848899	10.6416441547356	0	0	1.12175600283019	0	0	0	0	0	0	0	0	0	0	5.44677713564769	3.83945085850675	0.877015139081871	0	0	0	0	0	1.49998238824588	0	43.1873886631742	0	0	0
REV_miR-137-1-3p	0	0	0	0	0	0	0	0	0	0	0	0	0	0	8.41174507048894	0	3.35951950119341	4.67741407510331	27.6995245663926	0	0	0	0	0	0	0	0	0	0
REV_miR-181b-2/3-5p	19.6866593933006	0	23.952921044415	2.31021056413474	44.8702401132075	0	0	0	0	0	0	0	0	0	7.99115781696449	29.9572742460623	5.75917628776013	36.2499590820507	14.6644541822078	12.7766937496861	4.23081010938069	7.73761324356052	0	6.74992074710647	19.3906090974404	0	0	0	0
REV_miR-190a-5p	5.18069984034226	0	7.22389682291882	37.8874532518098	41.5049721047169	0	33.3106268773814	1.47867434583774	0	0	0	0	0	0	0.420587253524447	8.17016570347153	8.63876443164019	5.26209083449123	30.1436002634272	89.4368562478029	9.51932274610656	4.64256794613631	82.3335169030787	5.99992955298353	40.5440008401026	0	0	0	0
REV_miR-19a-1-3p	6.21683980841071	25.2739048674972	15.5884089336669	82.2434960831969	12.7132346987421	0	0.339904355891647	2.95734869167549	0	0	0	0	0	0	18.0852519015512	18.1559237854923	25.9162932949206	19.0019946801072	15.4791460812194	47.2737668738387	41.2503985664617	38.6880662178026	0	0	14.1022611617748	181.032067547004	0	0	0
REV_miR-2184-5p	19.6866593933006	1.33020551934196	42.5829707456267	50.3625902981374	28.0439000707547	0	0	0	0	0	0	0	0	0	45.0028361271158	33.5884590031607	33.5951950119341	59.9293678372612	31.7729840614503	11.4990243747175	45.4812086758424	20.8915557576134	0	13.4998414942129	48.4765227436009	35.4964838327459	0	0	0
REV_miR-24-3-5p	0	0	0.380205095943096	0	0	0	23.113496200632	0	0	0	0	0	0	0	0	0	0	4.38507569540936	0	0	4.23081010938069	0	0	0	0	0	0	0	0
REV_miR-29b-1a-5p	3.10841990420535	22.6134938288133	8.36451211074811	0	0	0	0	0	0	0	0	0	0	0	2.52352352114668	1.81559237854923	12.9581466474603	1.75403027816374	0	0	0	0	0	0	0	0	0	0	0
miR-7132b-3p	0	0	0	313.264552496671	265.108335335534	914.604971270394	1344.32172755146	411.071468142893	0	0	0	0	0	0	0	0	0	0	547.472956135759	723.160866232235	290.868195019922	516.872564669843	529.286894376935	519.743897527198	590.53218614932	363.838959285645	0	0	0
miR-26a-1b-3p	0	0	0	30.9568215594056	62.8183361584905	60.1779236126795	130.523272662392	7.39337172918872	72.0947705450192	33.5903289397074	60.8165734546951	0	92.5701138661859	12.9158078486235	0	0	0	0	77.3957304060969	59.4116259360405	53.9428288946038	33.2717369473102	47.0477239446164	26.2496917943029	67.8671318410412	63.8936708989426	0	0	279.158161619673
miR-19c-3p	0	0	0	7.39267380523118	10.4697226930817	0	10.8769393885327	0	0	0	0	0	0	0	0	0	0	0	0	0	5.28851263672586	9.28513589227262	0	0	0	0	0	0	0
miR-183a-3p	0	0	0	0	1.12175600283019	0	37.7293835039728	0	0	0	0	0	0	0	0	0	0	0	0	0	0	0	0	0	0	0	0	0	0
miR-17a-1-3p	0	0	0	7.39267380523118	3.73918667610062	11.4387788685259	32.2909138097064	0	0	0	0	0	0	0	0	0	0	0	11.4056865861617	0	4.23081010938069	20.8915557576134	0	7.49991194122941	0	0	0	0	0
miR-150-3p	0	0	0	8.31675803088508	0	105.933039086783	0	0	149.735292670425	166.370923336669	187.700072029239	112.223326974047	54.45300815658	0	0	0	0	0	70.8781952140046	0	16.9232404375228	102.910256139355	98.0160915512842	20.2497622413194	39.6626095174916	35.4964838327459	0	0	13.8197109712709
miR-135c-5p	0	0	0	9.24084225653898	356.7184089	166.608300911138	20.3942613534988	0	0	0	16.1885843008901	0	0	0	0	0	0	0	197.155439560794	0	13.7501328554872	14.701465162765	0	13.4998414942129	6.16973925827648	0	0	0	16.5836531655251
miR-135a-2-5p	0	0	0	13.8612633848085	0	391.90251079993	0	0	0	0	0	0	0	0	0	0	0	0	207.746434247944	0	0	0	0	0	0	0	0	0	0
miR-132b-5p	0	0	0	0	0	22.8775577370517	0	0	102.596404237143	0	0	0	0	0	0	0	0	0	26.884832667381	0	0	0	0	0	0	0	0	0	0
miR-132-3p	0	0	0	6.00654746675034	0	46.7497918974535	0	0	199.647056893899	391.228537062475	242.828764513351	160.319038534353	223.257333441978	0	0	0	0	0	259.072023885672	0	7.40391769141621	0	0	0	7.0511305808874	4.73286451103278	982.46302638482	0	160.308647266743
miR-125a-1-3p	0	0	0	15.2473897232893	8.60012935503144	0	0	0	0	31.2192468969046	196.013128832399	53.439679511451	201.476130179346	164.67655006995	0	0	0	0	48.0668220416813	40.2465853115113	20.0963480195583	10.8326585409847	0	7.49991194122941	8.81391322610925	0	249.325964399773	0	0
miR-10545-3p	0	0	0	82.7055381960239	72.9141401839622	103.943686240083	97.8924544967942	31.0521612625926	0	0	0	0	0	0	0	0	0	0	30.9582921624388	126.489268121893	30.67337329301	24.7603623793937	0	42.7494980650077	68.7485231636522	174.524378844334	0	0	0
miR-101a-5p	0	0	0	0	0	10.9414406568508	0	0	0	0	0	0	0	0	0	0	0	0	0	34.4970731241525	0	0	0	0	0	0	0	0	0
let-7e-1-3p	0	0	0	55.4450535392339	38.8875414314465	23.3748959487268	110.129011308893	28.0948125709171	49.9117642234748	90.4962979669765	68.2545716469959	101.535391071757	152.468422838424	0	0	0	0	0	43.178670647612	37.6912465615741	42.3081010938069	97.4939268688626	77.1059920203436	94.4988904594906	54.6462620018774	31.3552273855922	109.822150985614	12.2736664441572	49.7509594965753
REV_let-7a-5p_gac-let-7g-5p	0	0	0	3.23429478978864	1.86959333805031	32.8243219705525	0	0	11.0915031607722	172.693808784143	189.887718556386	325.982045019851	386.616357911718	226.026637350911	0	0	0	0	0	0	0	0	0	0	0	27.8055790023176	457.097601399584	810.061985314374	475.398057411719
REV_miR-135b-5p	0	0	0	4.15837901544254	3.73918667610062	0	0	0	0	0	14.4384670791722	0	0	0	0	0	0	0	0	0	8.46162021876138	3.86880662178026	0	2.99996477649177	0.881391322610925	4.73286451103278	0	0	0
REV_miR-191-5p	0	0	0	4562.66586416612	2973.40124483522	18203.5732237297	13526.833747064	11586.8921739846	0	0	0	0	0	0	0	0	0	0	17147.635090395	7242.46885200958	6370.54232219998	13840.2688087567	10828.8177945859	9313.39064861869	10791.7553540482	14348.2703732598	0	0	0
REV_miR-29a-3p	0	0	0	4269.26912252101	88.6187242235848	0	117.946811494401	177.440921500529	0	0	0	0	0	0	0	0	0	0	351.946900372988	87.5203521853499	211.540505469035	85.8875070035218	460.022189680694	58.4993131415894	64.3415665505975	64.4852789628217	0	0	0
REV_miR-29b-2a-5p	0	0	0	12.0130949335007	7.47837335220125	0	3.73894791480811	0	0	0	0	0	0	0	0	0	0	0	51.3255896377274	65.7999728108835	12.6924303281421	17.7965104601892	0	22.4997358236882	16.7464351296076	0	0	0	0
REV_miR-727b-3p	0	0	0	11.0890107078468	8.9740480226415	0	46.2269924012639	0	0	0	0	0	0	0	0	0	0	0	40.7345949505773	0	2.11540505469035	10.0588972166287	0	6.74992074710647	1.76278264522185	51.4699015574815	0	0	0
miR-301c-5p	0	0	0	0	0	0	0	0	13.8643789509652	7.90360680934293	47.2531649863818	48.0957115603059	27.22650407829	0	0	0	0	0	0	0	0	0	0	0	0	0	0	0	0
miR-29b-2b-3p	0	0	0	0	0	0	0	0	0	47.8168211965247	29.7519927692034	0	0	0	0	0	0	0	0	0	0	0	0	0	0	0	0	0	339.964889893265
miR-29b-1a-5p	0	0	0	0	0	0	0	0	22.1830063215444	169.927546400873	7.00046888687138	106.879359022902	81.67951223487	100.097510826832	0	0	0	0	0	0	0	0	0	0	0	0	5.93633248570888	6.13683322207859	0
miR-24-3-5p	0	0	0	0	0	0	0	0	0	0	0	0	0	0	0	0	0	0	0	0	0	0	0	0	0	0	320.561954228279	0	0
miR-223-5p	0	0	0	0	0	0	0	0	321.653591662393	791.546221955694	351.773561565287	1100.85739793589	2493.94777357136	484.342794323381	0	0	0	0	0	0	0	0	0	0	0	0	810.309384299262	1055.53531419752	304.03364136796
miR-2184-5p	0	0	0	0	0	0	0	0	0	101.561347500057	28.0018755474855	0	0	0	0	0	0	0	0	0	0	0	0	0	0	0	0	0	0
miR-212-3p	0	0	0	0	0	0	0	0	0	43.4698374513861	0	0	10.890601631316	0	0	0	0	0	0	0	0	0	0	0	0	0	210.739803242665	0	0
miR-19b-2-5p	0	0	0	0	0	0	0	0	52.6846400136679	67.1806578794149	0	37.4077756580157	0	0	0	0	0	0	0	0	0	0	0	0	0	0	0	0	0
miR-19a-1-3p	0	0	0	0	0	0	0	0	0	33.1951485992403	134.321496766845	90.8474551694666	27.22650407829	0	0	0	0	0	0	0	0	0	0	0	0	0	0	0	0
miR-1388-5p	0	0	0	0	0	0	0	0	0	258.843123005981	69.5671595632843	438.205371993898	130.687219575792	113.013318675456	0	0	0	0	0	0	0	0	0	0	0	0	258.230463128336	12.2736664441572	279.158161619673
miR-129-1a-3p_gac-miR-129-1b/2-3p	0	0	0	0	0	0	0	0	0	0	41.1277547103694	0	0	0	0	0	0	0	0	0	0	0	0	0	0	0	5.93633248570888	0	0
REV_miR-183a-3p	0	0	0	0	0	0	0	0	0	0	36.3149323506453	0	0	0	0	0	0	0	0	0	0	0	0	0	0	0	0	0	0
REV_miR-18a-3p	0	0	0	0	0	0	0	0	127.55228634888	52.5589852821305	29.3144634637739	90.8474551694666	108.90601631316	12.9158078486235	0	0	0	0	0	0	0	0	0	0	0	0	5.93633248570888	0	0
REV_miR-7132b-3p	0	0	0	0	0	0	0	0	2162.84311635058	15329.8357674015	6264.1070658336	3959.88025179852	5173.0357748751	1588.64436538069	0	0	0	0	0	0	0	0	0	0	0	0	7218.580302622	1018.71431486505	3615.23639008447
