Gene	C17_F	C19_F	C31_F	C13_M	C15_M	C20_M
miR-ENSGACG00000022167-5p	0	0	0	0	45	0
miR-99a-5p	1832	3851	2090	2447	1792	2551
miR-92a-3p	185199	162168	144894	269084	217030	268664
miR-92a-2-5p	471	198	23	34	107	90
miR-92a-1-5p	498	1054	465	715	419	1014
miR-9-7-3p	296	684	159	963	1021	289
miR-9-5p	528	842	385	1793	3564	382
miR-737-5p	240	184	32	598	1007	646
miR-733-1-5p	21	272	0	0	200	58
miR-730-5p	0	0	0	0	0	83
miR-727b-5p	113	47	21	398	367	60
miR-727b-3p	164	84	158	322	219	120
miR-725-3p	6233	2838	33	37	9014	20356
miR-724-5p	258	7726	489	436	202	540
miR-722-3p	77	224	0	90	157	291
miR-7147-5p	0	0	0	0	98	0
miR-7133-3p	0	19	24	206	84	323
miR-7132b-5p	89	1283	252	974	1320	493
miR-7132a-5p_gac-miR-7132b-5p	364	190	1	373	212	407
miR-7132a-5p	61	107	158	102	529	113
miR-7-5p	0	633	311	92	50	119
miR-551a-3p	176	0	44	93	68	86
miR-499a-5p	58	9802	1104	776	330	134
miR-489-3p	0	90	0	98	21	444
miR-460-5p	65	0	123	88	23	0
miR-458-3p	83	33	44	140	7	176
miR-456-3p	17	127	172	61	214	76
miR-455-5p	23	34	115	324	35	40
miR-455-3p	140	0	45	534	95	144
miR-454b-3p	0	202	0	138	31	122
miR-451-5p	9227	33034	20650	18961	17335	7331
miR-429a-3p	689	2103	0	30	768	2955
miR-425-5p	103616	123258	21237	64621	79792	183260
miR-375a-3p	186864	444945	5381	31510	178498	416761
miR-365-2b-5p	213	254	192	33	0	0
miR-365-2b-3p	1325	1427	741	4010	2083	1880
miR-338-3p	0	76	54	136	0	0
miR-31a-5p	304	447	193	14	288	543
miR-30e-5p	569	2037	596	1287	1197	1535
miR-30e-3p	37282	89370	5439	13385	38809	125486
miR-30c-2-5p	21141	20279	1748	14526	21812	61196
miR-30c-1-5p_gac-miR-30c-2-5p	337	295	2	148	171	1458
miR-30c-1-5p	22498	30715	623	3759	15863	77077
miR-30bb-5p	446	236	26	352	428	1066
miR-30bb-3p	0	61	41	49	0	5
miR-30a-5p	12062	22805	9424	12399	12920	20175
miR-29b-1a/2a-3p	43	141	0	0	104	51
miR-29a-3p_gac-miR-29b-1a/2a-3p	0	0	0	0	0	57
miR-29a-3p	0	155	0	37	98	8
miR-27e-3p	652	1516	751	601	948	1363
miR-27c-1-3p	698	1795	1075	1424	702	1024
miR-27b-5p	56	328	19	91	245	482
miR-27b-3p	999	3672	839	891	845	3290
miR-27a-5p	101	36	31	0	191	226
miR-27a-3p_gac-miR-27b-3p_gac-miR-27e-3p	15	69	1	83	0	88
miR-27a-3p	56	582	337	12	126	449
miR-26b-3p	89	196	49	0	268	248
miR-26a-1b-3p	65	34	0	160	104	91
miR-26-5p	31833	43878	14846	40973	41198	62794
miR-24-3p	601	1954	1600	888	513	845
miR-24-2-5p	66	122	0	90	205	215
miR-23b-2-5p	84	64	41	112	22	362
miR-23b-2-3p	1204	996	956	1144	752	3204
miR-23a-3p	17018	20839	12276	25885	18555	42151
miR-23a-3-5p	0	0	102	132	100	172
miR-23a-2-5p	0	341	70	217	52	89
miR-23a-1-5p	0	0	0	75	61	123
miR-22b-5p	222	359	163	228	710	1087
miR-22b-3p	0	43	0	0	0	0
miR-22a-5p	1051	193	94	976	1136	1182
miR-22a-3p	71065	219356	124117	97371	100911	130788
miR-223-5p	1074	726	227	542	993	451
miR-223-3p	8120	2296	3022	12865	12534	6598
miR-222c-5p	0	34	0	0	0	97
miR-222a-5p	55	111	79	262	203	32
miR-222-3p	3200	3005	1385	3465	3947	4881
miR-221a-5p	0	53	0	0	79	83
miR-221-3p	2642	757	214	2116	2739	3782
miR-21a-3p	0	0	0	93	67	35
miR-218a-2-5p	117	241	42	174	67	291
miR-2188-5p	1700	2489	1192	2737	2357	1547
miR-2188-3p	4035	32524	17546	8622	3389	2486
miR-2184-5p	0	0	0	38	0	0
miR-216b-5p	0	0	0	0	37	0
miR-214a-5p	0	0	0	10	41	0
miR-214a-3p	4095	4291	8549	7235	1826	2109
miR-212a-5p	0	0	36	0	0	0
miR-210-5p	389	1195	907	306	860	1215
miR-21-5p	52097	103867	36534	79583	60090	100749
miR-20a-5p	247	0	24	99	72	76
miR-206-1-3p	4076	6216	12953	2195	628	1191
miR-205-1b-3p	66	64	0	0	0	127
miR-205-1a-3p	77	0	0	0	182	396
miR-205-1-5p	51891	7577	297	2812	85240	124221
miR-204-2b-3p	90	0	25	68	7	0
miR-204-1/2b-5p	6521	1349	9543	56620	5962	2609
miR-200b-5p	58	3	0	57	76	214
miR-200b-3p	80653	37891	118	2016	67410	219846
miR-200a-5p	326	81	0	0	259	519
miR-200a-3p	4794	14730	251	237	6243	12993
miR-19a-1-3p	0	0	0	0	88	0
miR-199-5p	517	140	1171	1166	323	196
miR-199-3p	6676	4361	6909	16596	2745	3847
miR-196d-5p	0	48	186	0	0	0
miR-196d-3p	69	0	14	61	13	0
miR-196a-5p	0	106	0	183	228	232
miR-194b-5p	0	0	0	0	0	39
miR-194a-5p	130	0	9	82	216	117
miR-193a-2-5p	184	37	134	137	0	18
miR-18c-5p	111	122	0	64	224	31
miR-18a-3p	277	60	61	69	75	0
miR-184-3p	24362	57666	1357	871	31926	48980
miR-183-5p	5044	43318	424	525	7440	11106
miR-182b-5p	2	141	35	110	138	1
miR-182a-5p_gac-miR-182b-5p	420	8994	52	30	1151	1497
miR-182a-5p	7521	18901	32	306	7316	12627
miR-181b-3-3p	74	0	0	0	0	0
miR-181b-2/3-5p_gac-miR-181c-5p	1405	6102	1234	1917	1773	3172
miR-181b-1-5p	145	79	131	343	153	86
miR-181a-5p	2883	6357	3472	8665	4525	8493
miR-181a-3-3p	124	356	395	826	348	383
miR-181a-2-3p_gac-miR-181a-3-3p	277	325	150	159	329	649
miR-181a-2-3p	5171	6761	1856	4511	4523	10334
miR-181a-1-3p	495	332	119	371	574	1043
miR-17a-5p	74	0	0	0	161	36
miR-16c-5p	30862	22198	13807	52505	47138	44908
miR-16a-5p_gac-miR-16c-5p	963	1091	865	2224	1445	2280
miR-16a-5p	654	1897	589	1267	1551	779
miR-15c-5p	24766	23997	9194	33401	34820	37095
miR-15b-1-5p	185	20	65	45	64	0
miR-15a-2-5p	1653	5139	4441	2746	3156	2820
miR-155-5p	1512	3821	842	5504	2871	9813
miR-152a-5p	755	908	782	669	818	1166
miR-152a-3p	56	120	155	413	58	112
miR-150-5p	28434	7351	5031	18945	26686	72722
miR-150-3p	0	271	3	198	139	182
miR-148a-3p	152	36	109	586	309	273
miR-146a-5p	10628	18149	4157	9785	12548	17423
miR-146a-3p	360	950	114	116	565	595
miR-145-5p	306	306	264	804	121	463
miR-145-3p	116	293	102	500	130	675
miR-144-5p	342	995	1066	960	560	151
miR-144-3p	0	73	61	120	48	0
miR-143-5p	0	0	22	0	0	39
miR-143-3p	4765	34776	27387	10640	3035	5314
miR-142-5p	247	1892	1110	666	1050	321
miR-142-3p	0	0	116	394	817	303
miR-140-5p	77	0	0	0	0	66
miR-140-3p	1290	789	1027	1472	1005	819
miR-139-5p	59	246	73	155	97	90
miR-1388-3p	645	1304	1774	1232	1446	1484
miR-135c-5p	0	0	0	42	0	0
miR-133a-3p	250	549	94	209	153	331
miR-130c-3p	70	35	0	0	0	44
miR-130c-2-5p	74	170	60	90	29	0
miR-130b-5p	5971	14540	4771	6051	7959	10913
miR-130b-3p	0	59	0	0	0	0
miR-129-1b/2-3p	0	32	0	0	57	61
miR-129-1a/2-5p	239	1037	0	0	225	400
miR-128-2-3p	10903	20019	13154	18349	17061	26033
miR-126b-5p	175	477	139	625	147	125
miR-126b-3p	6171	18967	4173	20894	8151	8310
miR-125b-2/3-5p	21661	54177	22964	26779	14617	18869
miR-125b-2-3p	0	168	194	146	7	116
miR-125a-5p	10503	19676	7699	18075	7171	16079
miR-122-5p	63	788	958	1110	428	1363
miR-10c-5p	1841	1771	1619	2991	2314	2293
miR-10b-5p	16684	18459	19342	43020	18194	10481
miR-10545-5p	0	0	0	0	0	43
miR-10545-3p	0	29	35	0	126	125
miR-103-3p	864	518	417	884	1034	1495
miR-101b-5p	0	253	212	324	145	222
miR-101a-3p	1119	1230	967	1059	2084	1800
miR-100-2-5p	40494	83458	46174	57581	24756	44455
miR-1-3p	1665	61876	13010	3522	729	1388
let-7j-5p	1651	10058	4127	2782	3155	5500
let-7j-3p	0	98	19	95	55	0
let-7i-5p	0	1336	627	621	675	1375
let-7h-1-5p	19438	43637	14955	27221	28241	49384
let-7h-1-3p	100	460	137	353	412	422
let-7g-5p	25198	96084	42018	39170	37035	64982
let-7f-5p	9279	46254	16609	15898	15447	19986
let-7e-5p	145044	516807	177138	206614	192891	293701
let-7e-1-3p	5	22	86	61	99	40
let-7d-5p	25513	100597	46394	54162	18534	43883
let-7c-2/d-3p	0	0	0	83	0	53
let-7c-2-5p	8196	44922	23082	13436	6684	15258
let-7b-5p	130867	329864	160434	175921	97279	228138
let-7a-5p_gac-let-7c-2-5p	638	3485	1195	1386	826	1110
let-7a-5p	391096	1293105	527049	551347	427019	789401
let-7a-5-3p	2	204	75	463	362	189
let-7a-3/7-3p	226	95	31	104	117	297
REV_let-7f-5p_REV_gac-let-7g-5p	0	59	0	67	14	0
REV_miR-1306-5p	206	102	4	332	135	122
REV_miR-137-1-3p	46	0	0	0	0	0
REV_miR-18a/b-5p	0	0	31	0	0	54
REV_miR-190b-5p	0	0	0	0	0	44
REV_miR-191-5p	82940	187202	36265	51170	71652	243602
REV_miR-19b-3p	0	0	0	232	0	68
REV_miR-210-3p	328	10	0	131	53	0
REV_miR-733-3p	0	842	0	0	0	0
REV_miR-8159-5p	0	0	14	37	0	48
REV_miR-9-1/3/5/6-3p	0	69	0	0	1	32
