Gene	B43_F	B54_F	B60_F	T44_F	T47_F	C17_F	C19_F	C31_F	B48_M	B49_M	B59_M	T41_M	T43_M	T45_M	T63_M	T69_M	C13_M	C15_M	C20_M
miR-ENSGACG00000022167-5p	1.96476708687453	3.88700352126729	5.16911820719587	0	0	0	-2.58126853225349e-15	0	5.06766112806333	1.43392394474702	-2.58126853225349e-15	-2.58126853225349e-15	0	-2.58126853225349e-15	-2.58126853225349e-15	0	-2.58126853225349e-15	4.34877906662379	0
miR-99a-5p	1.30656653574129	0.858783037701153	1.27794414134151	0.401762555202323	-0.303619357022235	-0.997342096143207	-0.552222297713181	-0.405150893037627	1.34173083939645	0.23195010616285	0	0.433323371333946	0.435805936014361	1.10486790242595	-1.75502558811912	-0.431541985503147	-1.10690906294632	-1.33692810754725	-1.31728003162756
miR-92a-3p	0.293753313217511	0.0444441120033794	-0.38414863369665	1.44761982380587	0.1192649084579	-0.0117020535342185	-0.829579754150943	0.0368240193155387	0.427710126404921	-0.284974088366376	-1.07974889509618	-0.146302863937724	-0.518716372603912	0.122636616210205	1.43609424311557	0.0542281841196051	0	-0.0910123018786457	-0.272920582455392
miR-92a-2-5p	-0.596936139498903	-0.522836674672591	1.40513400485883	2.07593641760207	0.773970548045527	1.29803880741494	-0.563278613140922	-2.57473777374586	-0.380962229321253	-0.280758768573656	0.679038207948656	0.40989963238901	0	0.883511153134973	2.52593355329138	1.73434684537079	-2.91671156202388	-1.12296162427015	-1.84201871723515
miR-92a-1-5p	0.177198416026428	0.287189049156362	1.8998435788118	-8.05788011873961	-8.05788011873961	0	0.453889389601525	0.302661936436916	0.176022445358299	0.201741365328209	1.29428381170015	-8.05788011873961	-8.05788011873961	-8.05788011873961	-8.05788011873961	-8.05788011873961	-0.00546002385780042	-0.554774136340763	0.227100577723986
miR-9-5p	-5.3959801789154	-0.42566824270134	0.654864602643804	-2.10498268874465	-2.78090605777942	2.74598448587136	2.79280143486548	2.69310139120487	-1.62482442484704	-0.3006797205694	1.26206278319946	-0.231967709364734	-0.932646891191345	-0.634475624188971	1.29024921082889	0	3.97952922156801	5.1885661232733	1.48821963560371
miR-9-1/3/5/6-3p	2.85235424311768	0	3.9061160817961	0	0	0	-2.58126853225349e-15	0	3.56626804203789	2.27174325489018	6.15313975859573	-2.58126853225349e-15	0	0.248466010901914	-2.58126853225349e-15	0	-2.58126853225349e-15	-2.58126853225349e-15	0
miR-8159-5p	4.00286044925957	0.189401128711705	3.95539790564341	2.63373539182372	1.59688348344034	-1.72092081004694	-1.72092081004695	-1.72092081004694	-0.231591367030094	1.59152365869227	2.95481079099635	1.60297465204652	-0.664352291820289	2.08314199663032	-1.72092081004695	0	-1.72092081004695	-1.72092081004695	-1.72092081004694
miR-737-5p	-1.14282035509483	0	-1.80448998955175	-0.865561942615898	-1.2548422979373	0.826055261283535	-0.172280809109303	-1.62686318620635	0.870258007929941	0.645132857962633	-1.84140045043788	0.267200417085906	1.0289912229853	-0.663519567416349	1.10097828700386	-0.0813223462330654	1.61116344003489	2.57897458044309	1.45263983364412
miR-733-1-5p	0	2.70439823662124	3.19565791318629	0	0	3.60820765776888	6.56889223940694	0	3.04095167831591	0	-2.58126853225349e-15	-2.58126853225349e-15	0	-2.58126853225349e-15	-2.58126853225349e-15	0	-2.58126853225349e-15	6.44483776814625	4.23141252824158
miR-730-5p	-0.0305662205134887	0.0943083550040411	-2.6100898816172	2.79687568181209	1.72794583646994	-2.6100898816172	-2.6100898816172	-2.6100898816172	-2.6100898816172	0	-2.6100898816172	0.624524298862214	3.02215000816536	2.70838129475662	1.3232268809115	3.41386269800915	-2.6100898816172	-2.6100898816172	2.11505939948267
miR-727b-5p	1.43465375008301	1.38503642751979	0.579420096184098	-4.27775967034064	-4.27775967034064	1.6586261737134	-0.170767441359457	-0.296046345963961	0.789901457722687	0.25352661769498	0.895510904797881	-4.27775967034064	-4.27775967034064	-4.27775967034064	-4.27775967034064	-4.27775967034064	2.93380756663729	3.03530250440524	0
miR-727b-3p	0.231769672039821	0	-0.324394109640615	-4.43908936398131	-4.43908936398131	2.02732479482177	0.468273757482207	2.37265010443624	0.278240659358349	0.991185600303634	-0.707987277368625	-4.43908936398132	-4.43908936398131	-4.43908936398132	-4.43908936398132	-4.43908936398131	2.46906569054041	2.13524176394507	0.800993933499568
miR-725-3p	-1.00732832552817	0.199349537766698	-2.1883143982084	0.039834177311211	-3.51882445351507	3.93618841605856	2.17587167753261	-3.16221568116848	-3.65235994144279	0	0.59195890596764	1.0567537818918	2.36250874750124	-1.72976858078959	-1.32505418510111	-0.22607825958983	-3.88604083926931	4.16023745570453	4.84549276241053
miR-724-5p	-0.049049486370603	-0.0769161476697304	-0.556463111624626	-3.05828007919768	-3.05828007919768	4.05585278713968	8.32391886819475	5.37465028043642	0.892251414857788	1.04329894129865	0.85182241601271	-3.05828007919768	-0.0547031464841821	0	-3.05828007919768	-2.51301002671327	4.28399826536448	3.4007490028776	4.32172862542052
miR-722-3p	1.51569763682811	-2.15505244788821	-4.06537438664686	-4.06537438664686	-1.17625456606173	1.32859148402941	2.22666263711229	-4.06537438664686	0.0446764684228507	0	-0.155271891436471	-0.431096524423334	-0.879533573099222	0.199950183084819	-4.06537438664686	0.372133454381347	1.0343533558388	2.03475662488465	2.43008609555204
miR-7147-5p	2.76701775316957	1.91032193875865	4.29689290389141	0	0	0	-2.58126853225349e-15	0	3.32738880592591	1.43392394474702	-2.58126853225349e-15	-2.58126853225349e-15	0	-2.58126853225349e-15	-2.58126853225349e-15	0	-2.58126853225349e-15	5.43282616416535	0
miR-7133-3p	0.624739014953586	0.741910003553242	0	-0.237384260988653	-4.79794176292671	-4.79794176292671	-1.87922223986957	-0.635043587112641	1.92779804239141	1.00640186773464	2.5608293919648	1.06218737211683	-0.13690404903455	-1.70747224473037	-4.79794176292671	-2.50398438300228	1.4725451309742	0.41804773583852	1.84644872071635
miR-7132b-5p	0.370967420429883	1.18460787421137	-0.0182656141862214	-7.24946240623702	-7.24946240623702	-1.65118323412353	1.54524775183898	0.230977953355829	0.809692321246239	0.737620518976584	1.74903237257943	-7.24946240623702	-7.24946240623702	-7.24946240623702	-7.24946240623702	-7.24946240623702	1.24749040328718	1.90372079870445	0
miR-7132a-5p_gac-miR-7132b-5p	0	0.239506575278409	-2.44835286330346	2.81505180569135	1.32594891939123	0.137748118560377	-1.41208777133015	-6.70040759549595	-0.231229675179662	-0.477158405028666	-1.02772308456495	1.99701628076477	2.72911357446792	2.39554320566255	4.03562148695837	2.49581499319117	-0.351289685443587	-0.941952048815938	-0.495010776522286
miR-7132a-5p	0.922345363456441	1.11822796782781	0.217933174550503	-5.24614181642491	-5.24614181642491	-0.179253585917742	0	1.56559765199264	0.392070531402076	1.06279899174093	1.46116983593464	-5.24614181642492	-5.24614181642491	-5.24614181642492	-5.24614181642492	-5.24614181642491	0.0291998959736093	2.59162701545856	-0.0904074106529089
miR-7-5p	-0.368626307239466	-0.0385191018535451	2.20850359310269	0.548015047589795	1.02914822300949	-5.13052168164894	2.64827675689639	2.65187610849069	-0.227418223392707	-0.186525347869734	0.911786081345413	-0.749929271048117	-0.0228618824676694	-0.0239257809752376	1.16419627742531	0.563019061206105	0	-0.636837415376509	0.097809526428545
miR-551a-3p	3.5796533523652	1.92349877642779	-1.3343435525381	1.79627337924028	1.42648107635037	0.561209355537124	-6.00597159458343	-1.00568638137179	0	3.28695853324337	-0.0425838279647515	-0.0730842650423948	0.342019760972683	1.96644861994669	-6.00597159458343	1.32345818660941	-0.860295969768265	-1.08573240454561	-1.23150101329118
miR-499a-5p	-0.93496685420349	0.838528143539017	-1.48061750080472	0	-0.881093415336493	-1.55670482085823	5.17237765216365	3.05237550257735	1.17817210511935	0.785190552095416	-2.20993997192301	0.271835364664659	-0.27361852740624	1.98317953028053	-3.06788380720301	-1.19696916219021	1.61704496393373	0.607703702532925	-1.15777310406652
miR-489-3p	0.62653678648141	0.354019375050441	-0.545050793356994	1.82107013264418	-0.493499048720816	-5.00369029076195	0	-5.00369029076195	-0.3890629787231	0.936807807273423	0.643538206041636	1.01192395643075	-0.540357003037893	0.273424436805615	-1.51851281131776	-0.43474449469554	0.215455573910304	-1.67571524687595	2.09579012830368
miR-460-5p	1.19675651065687	-0.377265893482886	-5.06826215268158	1.61386739995212	0.566975481870801	0.0876054001882132	-5.06826215268158	1.38586071373778	-0.683975407106307	0.0270383056644228	0.628599436460816	0.0465606512112444	-0.677346910512137	0.930858762119005	-2.72365355064683	-1.40014487868929	0	-1.62158968086432	-5.06826215268158
miR-458-3p	1.09729234802407	-3.6423768072891	-3.6423768072891	-3.6423768072891	0.145929583082431	1.85735953117522	-0.0104904969900788	1.35790840592255	0.46767404778061	0	-1.46977472651354	0.125183129426801	-3.01945659306953	-0.238412497347844	-2.03848920934526	0.0769465329024634	2.07967598506392	-1.63733592466968	2.13805025487072
miR-456-3p	0.778824171214502	1.31351456789324	0.535119818983122	-0.567486380258768	-0.415118178536814	-2.86105467045023	-0.704617800488408	0.741199192993563	1.20979994922899	0.889559711843766	1.72284014491872	-1.61699492163166	-0.70851352558321	-0.244646885360132	0.175820781198705	0	-1.63350209859664	0.349386117137957	-1.58892600537662
miR-455-5p	-0.235445722527598	-0.19884270325401	-0.433964972594478	-5.34804602337656	0	-1.61891790288326	-1.67651791621252	1.01019660954032	0.236832225799766	0.11042111841004	-2.34503465814223	0.879076939601071	1.07449481593925	0.841428572089245	0.610527258239674	0.401990954371076	1.5689680063175	-1.34174766736717	-1.61853141977051
miR-455-3p	1.02615551180076	0.157129876484846	-6.08110482927084	0.719488352151776	0.796994387983588	0.159834509679877	-6.08110482927085	-1.04940015977343	-0.937707105907222	0.409454865101025	-0.433876332467261	0	1.438659905938	1.1040522643607	-1.1957949975733	-0.400425023043076	1.55205260022943	-0.692078587184469	-0.584363303377982
miR-454b-3p	-0.272856916777258	1.51369917320887	0.923722672706451	-2.07555123277794	-2.07555123277794	-2.07555123277794	4.06934614228441	-2.07555123277794	1.25183757314797	0.631723656038648	-2.07555123277794	1.69200870393796	-1.01898271455129	-2.07555123277794	-0.4716636348341	0	3.62613905514408	1.76719811305116	3.18775288978576
miR-451-5p	1.71882775350378	1.57865867375503	1.92881857488186	0	1.13557675530981	-2.04044829645117	-0.826898708530631	-0.47582919862346	2.75820933641951	0.374841653163639	-0.562833498668502	-0.107191433324413	-0.22059692137822	1.40603409808659	2.10481048513376	0.581046273103654	-1.52871251699159	-1.43892326228439	-3.16989967569633
miR-429a-3p	-1.01076999296239	0.383281727097584	-5.1131446822266	-0.0958769536199719	-0.775108964139456	3.41159208821501	4.39322588802218	-5.1131446822266	-2.07219300391069	0	1.20766588198812	-0.156833031741416	1.37160935508224	-0.980649045591292	0.845428599389641	0.0530205837701265	-1.51659593510933	3.26049891113921	4.71189509902663
miR-425-5p	0	0.264398527956285	-0.350584496595642	-0.906359095457752	-1.13221609436472	4.01075848976774	3.63489904922374	2.12683887050175	0.0919887358195215	-0.485606780347396	-0.889373785510893	0.0315607692581903	-1.03222747139769	-1.3544881366224	-1.64959703438831	-1.16243846394905	2.80234278340047	3.32571433537364	4.03545503586358
miR-375a-3p	-2.47787537484525	0.938331146572047	-0.608668797688837	0.046566163859735	-1.11883792598709	5.47482133708902	6.1001528970307	0.759821740153519	-3.18189370934201	-1.48082800394707	0.985625640873076	0	-0.420755879084624	-3.34575513787321	-0.0463898690227342	-1.2120621681273	2.37954550403794	5.1006156343359	5.83410162786271
miR-365-2b-5p	0.781397314277384	1.41778125924801	-0.9405290038006	-4.46333328772405	-0.320815538865015	2.37648035562536	2.00785730625237	2.62731201403767	-0.353282432654344	0.995133854062551	0.212398313319243	-1.42578996344735	0	0.0595616887625088	-4.46333328772406	0.0631166200813684	-0.74016404693759	-4.46333328772406	-4.46333328772405
miR-365-2b-3p	0.393475412006081	0.426007078093729	0	-1.22538026648111	0.475499513839317	0.434595073782123	-0.0838302369390203	-0.000527644208684563	0.823944406087589	-0.522552838096685	-1.34350373412922	-0.20867854771719	-0.29341057245183	1.68248099895932	-1.09060827399558	-1.66965857018966	1.50385810812448	0.77870294935307	0.141846809287902
miR-34a-5p	3.70362925744208	1.91032193875865	0	0	0	0	-2.58126853225349e-15	0	3.32738880592591	0	4.06932503259901	-2.58126853225349e-15	0	2.73081378569606	-2.58126853225349e-15	0	-2.58126853225349e-15	-2.58126853225349e-15	0
miR-338-3p	-0.600865105171565	0	1.09156378462771	-5.14920332012256	0.243539083572367	-5.14920332012256	-0.381178532186635	0.13816625557196	0.729588317363643	-0.225286449161396	-0.686486887205612	1.77182766431638	0.617893379417083	0.932304211637898	-0.167615797510728	0.214955130226154	0.531832943166336	-5.14920332012256	-5.14920332012256
miR-338-1b-5p	-0.248466010901914	1.00217113556456	2.75080789458247	3.37196934785823	3.24378373817726	-0.248466010901914	-0.248466010901917	-0.248466010901914	1.24086343211493	-0.248466010901914	-0.248466010901917	4.08989504506304	1.411438787284	0	4.73312151170991	1.66063919794417	-0.248466010901917	-0.248466010901917	-0.248466010901914
miR-338-1a-5p	4.06710860198568	3.21362554897178	5.02156350191797	0	0	0	-2.58126853225349e-15	0	3.04095167831591	0.511418885832636	-2.58126853225349e-15	2.38027733263437	1.88750417536561	2.77109179862592	-2.58126853225349e-15	0	-2.58126853225349e-15	-2.58126853225349e-15	0
miR-31a-5p	0	1.98519128743878	-0.508676208524393	-5.89444725228535	-3.61797736913398	1.45480924606809	1.38515148960838	1.20363774209426	0.404323465336255	0.170456549743308	0.951314186817982	-1.47282462909511	-0.170917052268266	-1.54691179587834	-2.40926977284116	-0.843486635279917	-3.26719345947512	1.07139014414433	1.4935063911873
miR-30e-5p	-0.0906034734545234	-0.399158450720822	-0.65430536308034	-0.869546116067681	0	-0.360125646678199	0.850819003275239	0.108045604600951	1.50549481106748	0.418784913745535	-0.294434422150461	-0.150463004603662	0.13774559015261	-1.03494514888529	0.876023409301572	-0.0331123960803588	0.288386703858709	0.402715813042846	0.27197796156401
miR-30e-3p	-0.466005072201863	-0.624652549742427	-0.272247768508503	0	0.464162780073693	4.20774800879071	4.84273182706651	1.83359086443487	-0.138614352370251	-0.53791309338021	-0.388053352799425	0.124738984842093	-0.402646001065335	-0.792462691897853	0.138453170353829	-0.466687275495113	2.20282654013588	3.95754451380876	5.16074003362894
miR-30c-2-5p	0.286447055507193	-0.191287026573582	-0.79057798733529	0.215737228373815	-0.118280820725674	2.2486998578818	1.56241902233584	-0.943918930645937	-0.33305430278155	0.0944294743013305	-0.481129663382744	0	0.261541393039815	-0.255400632375341	-0.224079452541872	-0.603816935229062	1.18015606927574	1.98567465468819	2.98409433498983
miR-30c-1-5p_gac-miR-30c-2-5p	-1.03403599106825	-0.64062270477429	-1.66941827139175	1.22144232267422	-0.177643816663027	2.16544815486926	1.35319628699126	-4.06295791709937	0.455696865473315	-0.0670928118693261	-3.15901688319742	-2.95134163133861	-0.0140536430103264	0.195276104494075	0.424068076689985	0	0.469126036461584	0.890020979930294	3.47588556171436
miR-30c-1-5p	0.819022351160118	0	-0.633818435176043	0.00548263581629982	-0.80372625208242	4.21954612699623	4.04240676393932	-0.549107506339093	-0.4455135528671	0.200861890732595	0.32439960680623	-0.0104902138834451	-0.12433329363782	-1.13546578689792	-1.42584432273878	-0.747974533652181	1.11180899785386	3.40737668782519	5.19804241105607
miR-30bb-5p	0.848626021578319	0.285639511783074	-0.468333762732537	-1.16549779459357	-0.655500078488935	0.365809870847514	-1.1672106124798	-3.2614327093688	1.16314868079447	0.414247586359465	-0.666001605473421	0.381466775670184	0.13908013300462	-0.272237376402418	0.229274126962132	-0.926984878183046	-0.497953607802242	0	0.823305540840726
miR-30bb-3p	-0.974779510489777	0.225990057556452	0.696363129770864	-3.90770318916604	-0.259844153874997	-3.90770318916604	0.556093215751212	0.993996838975613	-0.866751510850133	0.975196393867532	1.26556738597248	0.667280503665407	-0.721862375618402	-0.357692836609762	1.47746060287401	0	0.349662590049464	-3.90770318916604	-2.56680990191511
miR-30a-5p	0.607130826002379	0.078693329379643	0.659971278074911	-0.124734806587233	0.233197816515684	-0.270735814802794	0.0218023319219398	-0.224195623027821	0.986147730127701	0	-0.0519387808331047	-0.105428729514577	-0.142722098741439	0.391615927680354	0.817611520069137	0.193115629690283	-0.75816912909163	-0.479693162234243	-0.326575566470831
miR-29b-1a/2a-3p	-0.221130822121342	0.186473929950885	-0.533556196579571	-0.435925121742877	0.370319373259808	0.523961034268157	1.57867028110839	-4.05636048050302	0.558266831535822	0.501228876095935	0.969342624038712	0.282000575461926	-1.26144956072219	-0.483384381128079	-2.45247288255919	-1.03504974460912	-4.05636048050303	1.46026741577459	0
miR-29a-3p_gac-miR-29b-1a/2a-3p	0	0	0	0	0	0	-2.58126853225349e-15	0	2.20638347662519	0	-2.58126853225349e-15	-2.58126853225349e-15	0	-2.58126853225349e-15	-2.58126853225349e-15	0	-2.58126853225349e-15	-2.58126853225349e-15	4.20766838370404
miR-29a-3p	-1.53491880188775	0	-1.15476036448383	-0.0661909848448072	0.391124833196031	-5.45165326837524	0.317326009938414	-5.45165326837524	1.9956623559675	-0.41124923268309	0.665480313423993	1.15931939365813	0.502979910027455	0.824339592982732	2.1985516684602	0.923106041769911	-1.57528331113205	-0.0188271042098869	-3.66383225834763
miR-27e-3p	-0.135673100004473	0	-0.280320781500007	-0.691513625537415	-1.36835414857722	-0.0725713887614674	0.51706093955883	0.532553282042123	-0.680234871470187	-0.713695750014835	0.485535917480464	0.0908720578395297	0.25639859062723	1.30238855855992	-1.07191441325921	0.0835531560189846	-0.715026116518026	0.158699800385991	0.192625362521769
miR-27c-1-5p	1.24551016799621	1.65700875231862	2.73026474182378	-1.00262343153471	0.562270538484629	-6.66336933406329	-6.66336933406329	-6.66336933406329	1.38597465580709	2.00358325744452	1.99648805896218	0.790015094943908	-0.213836537241733	0	-0.192452583220699	0.692594286588714	-6.66336933406329	-6.66336933406329	-6.66336933406329
miR-27c-1-3p	0.233418052325883	0.355568506877423	1.04876334794925	-0.416507908721769	0.152677722515197	-1.61868337554001	-0.883846791165833	-0.595009452585764	1.66678162101309	1.015782850747	1.00907860410702	0.335347038785622	0.366684126926126	0	-0.152257767495025	-0.146539277057309	-1.11844690644002	-1.91767549195518	-1.86299910151791
miR-27b-5p	-1.15938411844301	-0.872372461101508	0.83039569696822	-4.41236652231526	0.320888677097501	-0.167863158935935	1.72117768683523	-1.26830285082817	-0.397876848215756	0.242078903942318	-1.20510437634503	0.729919706504694	-0.0769743251788668	0.269661538535995	-1.38862876916138	1.01189028553423	0	1.61936762880825	2.10191739702968
miR-27b-3p	0.148177068149307	-0.252150684892761	0.511373048559211	0.573227425892997	-0.26721593026465	-0.686666099393245	0.56347241504729	-0.53614332783448	0.0810281641631647	-0.442513518245203	0	0.433186745413957	-0.0105049847304688	0.920906765489272	-0.44879089056281	0.561081658030426	-1.37733909636512	-1.23507530392344	0.233639759174793
miR-27a-5p	-1.46038321210859	-0.258624888017372	0.0511174116172199	-5.16401246955066	-1.24772658462694	0.61320219156302	-1.41632611840636	-0.650182777875212	-1.83662366362476	0.86374242676233	1.39013870220674	0	-0.413433799392076	0.278108018032907	0.69668124371779	0.854839620350955	-5.16401246955067	1.21517808443819	0.971343186559684
miR-27a-3p_gac-miR-27b-3p_gac-miR-27e-3p	-4.42162262319023	-0.832372217203422	-1.64974149983805	-4.42162262319023	0.31350599317417	-1.25228010486513	0.212360749304097	-3.65211385346475	0.793733309276326	-1.6232983095995	-2.24902054241467	0	0.440304826512197	0.408213021165552	0.815368611119336	1.30357764025163	0.564835423494889	-4.42162262319024	0.384816307279426
miR-27a-3p	-1.26209182641431	0.706176380923035	-0.474922669507502	-5.86069371326845	-1.94440782834473	-0.913350000648972	1.79749392926049	2.0370324275499	0.335114102090762	0.754059216382155	1.35217747716731	-1.43907109007822	-0.197377432039737	0.028352195823345	0	1.01779308142323	-3.4174308348595	-0.0727385828302474	1.254825319607
miR-26b-3p	-0.150461230165394	-0.651245716019407	0.122709512746591	-5.26306153101436	0.57971657055691	0.335217641099134	0.838958195030434	-0.112104961140505	0.701750001440479	-5.26306153101436	-3.80143920539416	0.683947255536016	-0.909765734081525	0	1.10473786464745	-0.953373635285551	-5.26306153101436	1.59980107620861	1.00448970272687
miR-26-5p	0.242889340390551	-0.209882652707719	0.00242320665282314	-0.248963417608834	0.189769338844719	0.150412473228791	-0.012904399579714	-0.547378486376429	0.829983173895267	-0.272288843816945	-0.701126347064246	-0.330172926315129	-0.259389254060606	0.223819258844266	0.128371716303372	0	-0.0127050756130789	0.214330719938923	0.332557840388967
miR-24-6-5p	2.76701775316957	1.91032193875865	2.50181696757305	0	0	0	-2.58126853225349e-15	0	2.20638347662519	5.80434363066135	5.02570310454174	-2.58126853225349e-15	0	-2.58126853225349e-15	-2.58126853225349e-15	0	-2.58126853225349e-15	-2.58126853225349e-15	0
miR-24-3p	0.539400211198375	1.06800574072374	-0.15453898892477	-1.76348382263206	-0.39289861312443	-0.0358061772233373	1.03652603798022	1.77621687123274	2.05338345570289	1.47880236720465	0.837288788125788	-0.0308815117788885	0.488242338689622	-0.142321238839497	-0.0736784754254263	0.101620606187034	0	-0.570320796814092	-0.341106335939809
miR-24-2-5p	0.493701835592249	0.555253270021669	1.45254833328099	0.99839327617572	0.168321147556283	-1.7508866661518	-1.49743636410463	-6.92816725478797	0.714493128899364	0.672897429454454	0.760005708664667	0	0.504095342277376	-0.134442409065255	-0.361014405786682	-0.107125376212521	-1.82843951230231	-0.448109558897829	-0.863748061092902
miR-23b-2-5p	-1.02037475504043	-0.904818879427864	0.0217121158495148	1.82606673265666	1.32967890068981	0	-0.986643524883198	-0.614934666281167	-1.95036665238492	0.704528941163588	-0.0870088233289721	1.99491826487556	1.17067736490399	-0.449934296725298	1.05051815457847	2.00715032146845	-0.10969322775229	-2.12809055501093	1.29065677517679
miR-23b-2-3p	0.261033733864522	0.091997619981786	-0.212923576902934	-0.348829089829923	-0.366074849998659	0.599867119155371	-0.29811020685854	0.669613183716352	0.43191472494687	-0.358964957952645	-1.5501097006244	-0.00859561232210737	0.137189925627041	0.754477350947532	-0.861075862937843	0.21738023258904	0	-0.385090157841516	1.21317953897719
miR-23a-3p_gac-miR-23b-2-3p	-0.869522677675514	-0.557537207180233	0.729819975723325	0.498984925932792	1.02439584617667	-4.57315193511759	-4.57315193511759	-4.57315193511759	1.2141638943287	0.0356471866379415	0	-1.53560861084088	0.820510608164176	0.0411406934156737	2.63485925904157	1.24892836578127	-4.57315193511759	-4.57315193511759	-4.57315193511759
miR-23a-3p	0.42595118752573	1.01942906466603	0.69783509989405	-1.1782503405867	-1.16439065116105	0.0686081914250511	-0.265427530387033	0	1.19781602280111	0.828532214868479	0.291052448131639	-0.803089205221395	-0.40841700221385	-0.71452526468941	-1.29018739168367	-1.08475538072438	0.146376537473392	-0.114752998343588	0.579118020290418
miR-23a-3-5p	-0.634895746676984	0.72162471254989	-1.65569748422048	1.81458641384021	-4.42757860757267	-4.42757860757267	-4.42757860757267	1.75983885645181	-1.38662692925676	0.181220514182868	0.598124496969072	-4.42757860757267	0	0.0473503148539836	-4.42757860757267	-0.56471488899122	1.21124079740769	1.03372577150583	1.32029187508145
miR-23a-2-5p	0.499399343671468	1.61291416684533	0.918491321714774	-4.82216132817836	-4.82216132817836	-4.82216132817836	2.0698177844753	0.831135122229909	0.707335207994567	1.5840680418233	1.10008614654343	-4.82216132817836	-4.82216132817836	-4.82216132817836	-4.82216132817836	-4.82216132817836	1.522428626422	-0.274358655557842	0
miR-23a-1-5p	3.00923059282707	2.36131767642046	5.38577104376095	0	0	0	-2.58126853225349e-15	0	-2.58126853225349e-15	4.27011114534397	3.00301136523434	-2.58126853225349e-15	0	-2.58126853225349e-15	-2.58126853225349e-15	0	4.84508349308038	4.76897103236662	5.2747758664668
miR-22b-5p	0.272944194343966	0.126369805788542	1.54907591434659	0.987423952005711	0.968233232096454	-1.55624250871388	-1.48966968589263	-1.59895882394284	0.39629135937273	-0.280173182973805	-0.290690790899264	0.40366612825046	-0.157263800577173	1.83015509586942	1.13333936322366	0	-2.04017971909477	-0.194540125925016	-0.0702873912780806
miR-22b-3p	0.956795937943649	0	-3.21362554897178	2.27628458065097	0.434233486319267	-3.21362554897178	0.772809856683983	-3.21362554897178	2.00173038349479	1.36979589539359	1.12949576575241	-3.21362554897178	-0.0277847354241381	2.11837179013378	-0.381983646064334	0.579252431292355	-3.21362554897178	-3.21362554897178	-3.21362554897178
miR-22a-5p	0.710694904986987	-0.213733572950233	-0.264312694284055	0	0.383631142780365	0.72868417121672	-2.3237961857135	-2.33262478892288	-0.926995282504951	-0.339103409273701	-0.586682577734808	0.00257987461357878	0.379276319278157	0.993975191048893	-1.21591880324817	-0.332439275277412	0.0960144607368463	0.533128933331648	0.101605975111116
miR-22a-3p	0.167762564860759	-1.0185559193436	1.10527608212342	-0.80915291982522	-0.870444176953631	0.312162362421534	1.31190468612031	1.51923541461445	-1.02221590995705	0	0.28991432901493	-0.700869863685305	-0.997366263470592	-0.832899166545159	-1.68138230976644	-0.338930482731945	0.239239168508531	0.509900583587665	0.394231192134901
miR-223-3p	0.500049045014761	1.30267782579486	0.64714809233312	-0.0591833801962736	0.774174097164536	-0.318100073112715	-2.76527382117755	-1.34112707832823	1.24086405078021	0.683522987519625	0.0879709497313144	0.91493090488796	0.74557275599153	-0.345024188566908	-0.102197215591833	-1.32539029931698	-0.181508484623915	0	-1.4151194581488
miR-222c-5p	0.856695814410921	0	-1.91032193875865	-1.91032193875865	3.24365320855131	-1.91032193875865	1.7612061684054	-1.91032193875865	-0.420992495741799	1.05448752699759	-0.448699613138443	2.80327539929044	2.86890992581893	1.91302317211018	-1.91032193875865	2.46469104136776	-1.91032193875865	-1.91032193875865	3.03180657685108
miR-222a-5p	-4.01743946480924	-3.06708208140925	0.180581742077281	-5.42839975782972	0.782092190472601	-0.506201320024341	-0.130679538496442	0.396125008031511	-1.47786826377425	0.429842193563929	0.794163675985563	0	0.563433718425968	-1.58602666452475	1.00895685358168	-1.00626367276808	1.18500962369086	1.03767297397016	-1.99387570678683
miR-222-3p	0.321791618320058	0.226432076225704	-2.19302938823717	-0.418971254311945	-0.294759096044032	0.856119091880384	0.139654496183878	0.0511701303100249	-0.167273480938457	0	-0.633237441775901	0.0624880244256492	-0.199370308830829	-1.00476959561485	-0.844367087456334	-0.685370310924535	0.443904137454538	0.850677656493815	0.667393997699474
miR-221a-5p	3.39781129953468	3.21362554897178	0	0	0	0	4.27081444346192	0	2.68319192658646	0	-2.58126853225349e-15	-2.58126853225349e-15	0.622920214219568	-2.58126853225349e-15	-2.58126853225349e-15	0	-2.58126853225349e-15	5.12990741241435	4.72514928109987
miR-221-3p	0.342756712647127	0	-1.30417904748389	-0.384753883525068	0.538353470351245	1.32887453793528	-1.09620852770575	-1.88595704257137	-0.286131655277291	-0.343485453540813	-0.65894510544671	0.0752239328364794	0.431072842173137	-0.0228725035701451	0.605327417064096	-0.0601705587127181	0.482123674412303	1.07296291818848	1.04866489933328
miR-21a-3p	-1.20978342270058	0.738728919397599	0	-1.19914825515171	-1.17423296266831	-3.78930708380429	-3.7893070838043	-3.78930708380429	0.161224410251171	0.5732165230171	0.783844851313297	1.71745099696559	-1.53231932629167	-1.23189050093689	0.324801954737288	0.245113919042105	1.35636854101087	1.11026942848923	-0.236983144343528
miR-218a-2-5p_gac-miR-218b-5p	1.16630138753634	0	0	0	3.49224974907918	0	-2.58126853225349e-15	0	2.68319192658646	3.18326056156799	2.17260208077556	3.48741759926257	1.88750417536561	3.1829406236797	-2.58126853225349e-15	3.53153741882076	-2.58126853225349e-15	-2.58126853225349e-15	0
miR-218a-2-5p	-0.293616208270896	0.964130441213749	0	1.72405454280733	-0.549240488401493	0.447419153365661	0.857925325711302	-0.603030944839619	-0.635243352016104	-1.11734784181043	0.717714594366579	0.810769044679086	1.56617082985746	-0.10247661552125	-3.19373820823758	-0.58025941333457	0.49201589441096	-0.638770297978805	0.957113671926562
miR-2188-5p	1.9037723505271	2.28680942153671	1.47702848163339	0	1.47039126265643	-1.32719643872722	-1.40338033339177	-1.4366164983648	3.69174414024327	0.319997835138551	-0.807325445530589	-0.263612460752897	-1.15673756770225	0.952329014211973	2.32371944275649	0.276918701605531	-1.1675806033393	-1.16407885023056	-2.25975887322482
miR-2188-3p	0.0407657138790984	0.350760233206062	0.317099773868883	-0.356432347215863	1.14000046941335	-1.21826998218932	1.16575032359497	1.30428275282954	1.3517188369842	-0.0144716639775826	-1.88916927562659	-0.948157967704967	-1.9506168074306	0	1.29397338963408	0.830741791597518	-0.650312471655901	-1.77779046452134	-2.71373960024076
miR-217a-5p	1.27195552224826	0.167043617142042	-3.42220678884477	3.30335635584889	-2.23213770510353	-3.42220678884477	-3.42220678884477	-3.42220678884477	0.962079956730498	0.969850744173195	-3.42220678884477	1.85790746305631	0	1.48195319838587	2.09731886970153	0.968685529997683	-3.42220678884477	-3.42220678884477	-3.42220678884477
miR-216b-5p	3.15070911854073	0	0	0	3.78830639037153	0	-2.58126853225349e-15	0	1.48932944301685	0	-2.58126853225349e-15	1.48683236316713	0	2.36029493146102	1.60388759794384	0	-2.58126853225349e-15	4.08160778697894	0
miR-214a-3p	0.461890160851851	0.661456947591001	0.795889523651901	0.675211309995445	-0.274023006775538	0.0305293958931028	-0.52800937971687	1.49460536044444	0.708122363571254	-0.502640654150483	-0.118847407891007	-1.00368265058498	0	0.106550567404815	-2.19794876060151	-1.77092955479033	0.324259097163161	-1.44160345756834	-1.72315453004045
miR-212a-5p	-2.50242827474092	0.883992156032955	-3.00301136523434	1.55754613670372	4.1465329035146	-3.00301136523434	-3.00301136523434	1.71774935256036	-3.00301136523434	-3.00301136523434	0	2.69957214759059	4.00796351477617	3.14117727111263	3.65435755625146	3.92256726146806	-3.00301136523434	-3.00301136523434	-3.00301136523434
miR-210-5p	0.925405915266763	0.436100265065001	0.0145475359174867	-0.562351329955263	0	-1.81428359088511	-0.824865516162108	-0.195031054554804	1.0992292050193	-0.221441600367314	-0.494279179639731	0.214159737515363	0.50422979457713	0.829355268708827	1.22436084947511	0.43410935164715	-2.68205037635029	-0.980895780058262	-0.972190363678315
miR-210-3p	0.463478053238265	-0.0595376989694696	-0.326964002305122	0.989097845539494	1.64366947238805	-6.18826914648449	-6.18826914648449	-6.18826914648449	1.49301880636805	-0.278070178557185	0	1.06940309050946	1.13146455357999	1.43120991514481	2.46566411521943	0.545191673529229	-6.18826914648449	-6.18826914648449	-6.18826914648449
miR-21-5p	-1.23664604566481	-0.455483442999139	0	0.550774053036205	0.820308942961736	-0.20228787146624	0.166863856053398	-0.311639349569884	-0.701771212246109	-0.781448078674511	0.0914955912800259	0.989144417894884	0.707462214440815	0.712899078641406	0.898392549451231	1.02800360776693	-0.118308951048874	-0.304488678959578	-0.048747938570731
miR-20a-5p	-0.969093064368201	-0.472015863781017	-5.00005186698291	-0.225862462309737	0.905763220541684	2.05168467123867	-5.00005186698291	-0.837153691168845	-0.186846972872826	0.713633595516151	-5.00005186698291	0.874925418051051	1.18618245712082	0.497135155478472	2.7215950796631	0.907300604270386	0.233349501646481	0	-0.396999257896425
miR-206-1-3p	0	0.1129598210068	2.91079042497828	-0.215674201303482	0.82908336684182	-1.02611395794954	-1.0435751258074	1.04404561287145	0.516907717884324	0.814006738713172	-2.19397386525387	0.6089761949496	-0.109981808425214	1.27237392306116	-1.61934891455297	0.265372772812889	-2.44521318636304	-4.02789900290451	-3.59576129573054
miR-205-1-5p	-0.459117524718902	1.94872592103957	-2.63300770347148	-0.675124217790431	-3.44238874220379	4.96028897320214	1.55870065485809	-2.07915898871995	-0.899400369336346	0.0849715865024265	0	1.40078895847105	0.340625437808878	-2.10464772375365	-2.33265238017656	-0.215166742494532	0.22852921136853	5.36819313807899	5.42167940222452
miR-204-2b-3p	-0.978777152329489	0	-3.74579490549906	1.47943997933009	1.64694749819586	1.86827300522091	-3.74579490549906	0.472771714687212	-0.179526863461164	-2.10089704310639	-3.74579490549906	2.17283137522293	0.35851452650509	-2.04299557310999	0.368314133042524	1.24391920448236	0.963090623076233	-1.74075402287964	-3.74579490549906
miR-204-1/2b-5p	-1.58936102831264	-0.349130075997744	-1.94441280370749	1.04428194127485	1.44752469850321	0.626636819552617	-2.27018934327713	1.57839104789206	-1.46749290699486	-2.11814626749444	-1.08654801862571	1.60544681488956	-0.467279171585863	0	0.139694714857665	0.518697385221961	3.21715924825902	0.189357670980058	-1.49152021705793
miR-200b-5p	-0.694158502701204	-0.697097261185469	-3.91072281015724	-3.91072281015724	0.427312907929898	1.08563365563172	-2.88493900093959	-3.91072281015724	-3.91072281015725	0	0.551993622759698	0.339275541855028	1.55522339983649	-0.585727968653279	-3.91072281015725	0.163579240202115	0.554196563281701	1.16495684708558	2.14707125375586
miR-200b-3p	-1.29592102915608	0.635175446344666	-2.09064224613001	-0.398377447468258	-2.1357969583296	5.82367859629796	4.10758059921551	-3.17330115421074	-3.52225976823006	0	0.926541104309829	1.14594591252103	2.23533599809817	-1.25679871342237	-0.559870180921017	0.257735216451247	-0.0238603569654909	5.25679992924525	6.47241148608225
miR-200a-3p	-1.59340444250986	0.464127741581203	-2.16644134830965	-1.16099506403381	-2.07625749030701	2.89074995238973	3.88362303167714	-0.954546564167832	-2.55049110213521	-0.185773034879697	2.02819805530679	0	1.14304755810176	-1.5432614359786	0.544399616871047	0.0842450160752239	-1.9589996590017	2.96360246536007	3.53103226243065
miR-19b-3p	0.513124283277399	0	-3.58925040598681	-3.58925040598681	2.37696225893406	-3.58925040598681	-3.58925040598681	-3.58925040598681	2.53359230639986	0.547646886018767	-3.58925040598681	1.71300368046057	1.16132826417178	1.63806730736612	4.08995723333315	1.87586167455557	-3.58925040598681	-3.58925040598681	-3.58925040598681
miR-199-5p	0.619142960982826	0.0814899143807555	0.359141363799036	0.705662754775734	0.190786772594894	-1.57863204323045	-4.06536194754839	0	0.781296583784238	-0.74915055950561	0.0139783503028283	-0.98493969757449	0.880026417388667	0.856829945084497	-1.3629173021773	-0.779176523642951	-0.93446251829856	-2.56028010283012	-3.75730726940835
miR-199-3p	0.50934174137876	0.214688825341074	-0.536558139115934	1.02558846106259	0.697600714100972	0	-1.24007439958499	0.451988939467778	-0.345927967692278	-0.442467327546257	-0.516609986016091	0.160570674817073	1.24815769947996	1.03786545651444	-1.06458084431786	-0.172328868010535	0.786331251605075	-1.58949224677103	-1.59238101365573
miR-196d-5p	0	1.30991073177765	1.27574470388946	-2.93292367867626	-1.09972050854174	-2.93292367867626	1.20269690728069	4.11225933427176	0.633344363361633	1.4591338543417	-1.47130135305606	-0.0050258779453678	0.754110345581039	1.16831676511579	-2.93292367867626	1.79449517729205	-2.93292367867626	-2.93292367867626	-2.93292367867626
miR-196d-3p	0.0365171103428708	1.83121790961509	0.983630960176755	0	0.623150984237278	1.61924100060641	-3.62043535876015	-0.178732854957561	0.330096135295318	-3.62043535876015	-0.973688137752606	1.46914903960468	-0.942387845203851	1.06934009832865	-3.62043535876015	-0.0605279603636566	0.938041157106319	-0.898531232325062	-3.62043535876015
miR-196a-5p	-0.612286262525992	-0.157561263269055	0.264059432984613	0.983359984991547	0.90916249458437	-5.65398767259324	-0.421033822379144	-5.65398767259324	-1.03936036055439	0	-0.552614894335325	-0.564403274228411	0.249504275514546	0.827139504365652	-2.45888397726335	0.13252062007608	0.448045425746869	0.977848685071207	0.518639142028972
miR-194a-5p	3.65199494448053	-0.851023003792203	-0.986651096196701	-5.19531947876242	-0.606187588072465	0.940171218468907	-5.19531947876242	-2.31910643222676	-0.382114584652335	0.344562154152782	0.234306392331426	1.02018416482682	0	-0.464120353628787	1.46204944272337	0.378124370065076	-0.2257939728655	1.3593223434307	0.00921639666242857
miR-193a-2-5p	0.493867464490179	0.320895871201244	1.53259228488248	0.286924028913917	0.263083575667621	0	-2.84634057816274	-0.054303478402792	0.739952244267356	0.517312560273259	0.400671068903944	-1.85243956760829	-0.676016459872673	1.79086364838776	-1.95961931519344	-0.247927415310304	-0.939249401888312	-6.63064963827537	-3.92597858439126
miR-191-5p	1.92128858251085	2.53524448336168	2.28143246644999	0.255818472689816	-0.0844016700215029	-11.4087360273606	-11.4087360273606	-11.4087360273606	1.84288223839651	1.3599452766978	1.56840195928588	0.744212034713964	0	-0.262385775648893	-0.0512158192618717	0.423162485091034	-11.4087360273606	-11.4087360273606	-11.4087360273606
miR-18c-5p	-0.790089022180483	-0.829957873525504	1.18186786387252	-4.24358634299743	0	1.66746081680996	1.18714454768592	-4.24358634299743	-2.03720286637224	-1.20222518012433	1.18603952809642	0.712725307487756	-0.232833619449037	-0.292032476129555	1.45658484503814	0.714501053940338	0.381280004916813	2.36297467865333	-0.850567936114115
miR-18a/b-5p	0.516198991437456	-1.68666118291301	0.968817752416615	2.57262367565221	-0.322224208243506	-2.93729832937949	-2.93729832937949	-2.93729832937949	1.44698841619578	0.311999649733242	1.4058229853447	0.830261607336414	-1.27739353119357	0.680540780189991	2.21947925922446	0	-2.93729832937949	-2.93729832937949	-2.93729832937949
miR-18a-3p	5.50404900093833	4.90538758153329	0	0	0	7.21593329952361	4.44103890080022	5.45897395110542	4.81320489411009	4.27011114534397	-2.58126853225349e-15	-2.58126853225349e-15	0	-2.58126853225349e-15	-2.58126853225349e-15	0	4.72914743871883	5.05714112410344	0
miR-184-3p	-1.11224061189191	0.321334543968137	-1.09382630087626	-2.95071362781441	-3.23509091338343	5.32873422073245	5.94548225093734	1.5665960899316	-3.12081997887828	0.881432038292896	1.94745316454891	-0.476018532611402	0.296136183100879	-3.53522965422357	-3.4508660796473	-1.04642587915428	0	5.41069807331607	5.53833125805127
miR-183-5p	-0.321879428242236	1.02983581106007	2.16570133663848	-2.27179247530432	-1.15096802753223	4.72329605678585	7.19888080392222	1.55775295048831	-0.547204320688484	0	1.52936959232049	-1.0889682160284	-3.04480310956466	-1.05199954694468	-1.59820688874845	-0.0668363676551511	0.938712651932712	4.97581500801555	5.06393420464252
miR-182b-5p	-3.95053149405547	-0.204736588556408	1.35244041678545	0.490042430592959	0.713444779793993	-2.90356396664783	1.68449926755595	0.731149597893114	0	-1.24325660523888	-3.95053149405547	0.0515177885913198	-1.39965480472266	-0.37755539468052	-3.95053149405547	0.0219214230209257	1.4310328761813	1.96639584404155	-3.56469603223061
miR-182a-5p_gac-miR-182b-5p	-1.23578692798706	-1.39611007454107	-2.64674722100754	-2.64674722100754	0.242372599577586	5.16638157331179	8.95461673034663	2.58759470877089	-0.440363744382356	0.784258278086948	0	-1.15991485784041	-1.25719828393276	-0.64419114633225	1.28656954152116	-0.163141713650008	0.949801526109726	6.30915789149178	6.19875691704319
miR-182a-5p	-1.24353216420449	0.0283943706295897	2.32264621650885	-4.58342144436536	-4.58342144436536	7.38610121677036	8.08912688928553	-0.0257628654096438	-0.079372270555889	0	1.70537775800852	-2.20314411173099	-2.69591726899976	-0.420333407742984	-0.856843341971329	0.240733461561369	2.25183251262755	7.03820068123487	7.3356813889416
miR-181b-2/3-5p_gac-miR-181c-5p	-0.474223449518144	-0.791643626671453	-0.969046246788215	0.11676398882279	-0.164136033101597	0.667630183636632	2.15880007036888	0.882740668419251	-1.22745172571155	-1.23538058436579	-0.567924674547044	0.0940663489172042	-0.101706774383542	-0.103476499762886	0	0.445778745445679	0.58874052564081	0.695087032844505	1.04406238703056
miR-181b-1-5p	0.728557514014616	0.336057193915118	0.248138084405033	-1.56215166071719	-0.383079995891529	-0.172086184451063	-1.64112778123242	0.0810324575573977	0.0790601626646055	0	0.911113999429476	0.443657976468841	-0.0134608909640592	-0.401645949786476	0.483933319551352	-0.13283380983467	0.535573643237816	-0.399545867001455	-1.68852310649337
miR-181a-5p	0.381556130948558	-0.17050123452713	0.305943440051109	0.396625927736975	-0.257082407107562	-0.570174040634964	-0.0559819039756793	0.100278215610023	0.429777998718968	-0.0297351070223826	0.598271647679862	-0.371738887334471	-0.0697661969731751	0.20801675897302	0	-0.00923238335393251	0.4896883970756	-0.228154443388743	0.190196739576736
miR-181a-3-3p	0.278837299307761	0.84037625653256	2.24308890791509	-6.88793968021426	-6.88793968021426	-0.819627854355764	0.0656330163742345	1.23800196259548	-0.0214593349113423	1.35354334140994	2.04475272586713	-6.88793968021427	-6.88793968021426	-6.88793968021427	-6.88793968021427	-6.88793968021426	1.37194847593885	0.34892498616018	0
miR-181a-2-3p_gac-miR-181a-3-3p	-2.3726328300695	-3.94279164535747	-2.6977776969243	4.00289039179044	3.47860207010155	0.0595161051943656	-0.333172202551619	-0.41895503319237	-7.15641719432925	-2.33731661011038	-3.62971308659323	3.64342890252363	3.29323908814887	2.87911849485727	3.23708576793375	3.6524280313407	-1.25403420604917	0	0.487395218043721
miR-181a-2-3p	0.0202869933630474	-0.809081388284021	0.582063055593469	-9.49102625673921	-9.49102625673921	1.93817868979284	1.69876480314118	0.86311648081964	-1.53311701831672	0	0.176413317144062	-9.49102625673921	-9.49102625673921	-9.49102625673921	-9.49102625673921	-9.49102625673921	1.21424564311355	1.43710348562309	2.13904610894446
miR-181a-1-3p	-0.523849021080312	0.307750050737497	2.00070405177352	-6.67560046864181	-2.33756475055467	1.37359524419101	0.178119404810094	-0.268621351100821	0	-0.0483755160502497	1.6316104506889	-1.16884238787193	-0.759152254137367	-1.14870540017475	0.0938999840688561	-0.35784722904248	0.435325730637619	1.27945690083611	1.64993312181462
miR-17a-5p	-1.64422808096995	0	-3.88700352126729	-0.506330372066521	2.77074596068592	1.45101947674511	-3.88700352126729	-3.88700352126729	1.900312308179	0.0237192888899527	-3.88700352126729	-0.849460196990584	1.35022610748271	1.87289694702718	3.48984807910789	0.0206996678987474	-3.88700352126729	2.24890102491076	-0.297457633037655
miR-16c-5p	-0.635663553464667	-0.250126448264536	-0.701399947073643	0.32342203818388	0.264770411933014	0	-1.10160307508241	-0.757766081284954	-0.117300475946029	0.037263209600539	-1.01489256795402	-0.0108909309853527	0.16104004687954	0.0475684088443877	0.524480844826941	0.253914293711743	0.239331723895361	0.302913137652153	-0.256790141419943
miR-16a-5p_gac-miR-16c-5p	-0.0963559092522317	-0.025220553204047	-0.545868322134481	0.488246746405274	1.13029891115303	-0.679216100728398	-1.12445802036621	-0.431889427784878	1.15908192132073	0.339969026674133	-0.80591902975128	0.591041896466722	0.90584812649411	0.59496734958776	1.17450912090266	0.606925726365532	0	-0.402374156520125	-0.234483431175537
miR-16a-5p	0.344241443702375	0.667407855141349	0.790830830876278	-0.941466110640802	-0.343636251252292	-0.425718837280714	0.482404915683896	-0.174797277647677	1.96381734463675	1.03202917081334	0.195417122034256	0.0239697626980639	-0.387560303546639	-0.592445156050678	-0.425173449967875	-0.676763296284077	0	0.510014640865304	-0.969438945891508
miR-15c-5p	0.821113897630875	0.885850282520247	0.451342807547645	0.270952866082682	0	-0.120147040193954	-0.79189076193286	-1.1470249456813	1.24430398278838	0.393573695772348	-0.700334821979943	-0.540162890551267	-0.325334329476915	0.0862764013939863	0.56401432407281	-0.789373754360094	-0.215887250403663	0.0632659968894185	-0.335213747391013
miR-15b-1-5p	0.502154358728365	-0.547529849594564	0	-1.09834109090138	1.36757180295927	0.639207321957413	-3.01603412146824	-0.450598500128233	2.06971608168365	-0.703069759476032	-1.32345151692651	0.76320347748115	0.208290823921172	1.09563440852111	2.90863599693425	0.272143895649621	-1.85798418240509	-1.16343190504877	-5.9991831179698
miR-15a-2-5p	-0.257623400379805	0	-0.127802072338991	1.2018016675625	1.49484522423681	-1.74235695414347	-0.733081339732383	0.0848705578476121	1.24021511266039	-0.0489398074032721	-0.373814209549613	0.698748060103695	0.899237275550085	1.1774894898903	2.7318216303936	1.57749831200554	-1.53760678518418	-1.11805069868283	-1.76966536979933
miR-155-5p	-2.88221022697155	-2.32597061751985	-1.77685590778633	0.631597303894919	1.00596135617699	0.411491156547676	1.12198567654258	-0.0298291939444173	-2.15150960909468	-2.76127670727837	-1.07164000665585	0.0337778702777474	0.55237914374845	-0.065887436609156	0	-0.149333519957883	1.74715505672306	1.02783493827525	2.31046978632766
miR-152a-5p	0.507796670544137	-1.9829572886309	0.180693377091827	-1.69536511175045	-1.2228127533502	1.83600642804514	1.47693371045738	2.28833899759661	-0.941568897158256	-0.496018548804677	0.322607489646312	-0.831798251963319	-0.0522048532052546	0	-2.03821581572967	-0.614850403010827	1.13649614913899	1.64401169398574	1.66552720729835
miR-152a-3p	-0.0453459770446383	-0.110196193912168	0.0531905281432392	0.659832259368771	-0.775638953531315	-1.34737424645476	-0.887276462277099	0.48961370214261	0.926597792276632	0.848909872043902	0.984825319786615	-0.625818564725804	0.437251190968278	-0.0152303709221062	0	0.785762152764232	0.969869062443274	-1.59576892706068	-1.15144629077614
miR-150-5p	-2.04156990127384	0	-2.64674410347778	0.604166538629864	-1.29666457026062	2.08630146468923	-0.491131886860094	-0.00948179650991499	-1.71496558098808	-1.89090418393876	0.063531394132438	-1.06231443186424	-0.155578535852177	0.69787159981048	1.4052243290983	1.3674181974311	0.973334094932108	1.68666860515825	2.64309766115338
miR-148a-3p	-0.246219216060934	-0.888323509085704	-0.711557867344146	0.862665651444666	1.53622953376304	-0.820265817096647	-3.43065659366852	-0.896438357806035	0.327535680220086	-1.03319467571625	0	0.937577134268145	1.45593106104549	0.479235728383189	1.57440002269117	1.07890755005802	0.588230395118242	-0.111752084222176	-0.773946769661855
miR-146a-5p	-1.06312933883841	-0.955361259561208	-1.89735661485114	0.412333658512225	0	0.479226765835733	0.624920527631755	-0.472185913133403	-1.66220245682801	0.580755578043675	-0.555694912305524	0.446497740998533	0.44666023221103	-0.110364868712081	-1.32870034227961	0.775089844859265	-0.167133808603426	0.410697209329681	0.394416969011868
miR-146a-3p	0.432195193728636	0.515150417710335	1.0203974976838	-5.64174585455993	-5.64174585455993	1.95005926881883	2.72058083992835	0.704050991415929	-0.654018595978359	0	1.06556579779963	-5.64174585455993	-3.09086916522712	-4.99666218374735	-3.29713725252518	-2.99055061905036	-0.185351324289552	2.2906042525365	1.87739228771049
miR-145-5p	2.52473786198249	1.39096723429697	-0.607465400587856	0.80887499719962	0	0.0725352522955811	-0.548995984123762	0.261063551970645	1.81374503099764	2.01169075015628	-1.24381598338207	0.532396066846536	-2.32082918118674	-1.01013088501845	-1.58595255834086	-0.407636951684737	0.934946909320004	-1.5555067312259	-0.126622583494772
miR-145-3p	2.45768299408507	0.36326713639547	0.546781969750459	0.876766990202293	-2.26929259631538	-1.03084273152084	-0.329324533766068	-0.817003748655311	-0.0724053938236979	2.62555400477741	1.25403715446854	0	-1.3258142090082	-0.630367837041459	-2.33339088959786	1.21219826547432	0.534318652594177	-1.1721818373024	0.695782336061444
miR-144-5p	0	0.680382484452529	1.69605732607024	-0.702655364855053	1.49827351905868	-1.5199070262126	-0.609207693806455	0.516864955017846	1.9977975177877	0.995952953592971	-0.900249982151122	-0.355740963753037	-0.646675521218514	0.0527585609657031	1.76413760373439	1.07191029500599	-0.561981440639633	-1.11852632018162	-3.47436580857446
miR-144-3p	1.39936520106723	0.981736497742128	0.784581372429341	-0.907187303736247	1.83538847121117	-5.54252594398213	-0.830429772185409	-0.0835519928767106	4.48034268339405	1.86605192317126	0	-0.284896590440193	0.23880538660134	-0.203812784237174	3.17569953786327	1.27264360823462	-0.0383174832211424	-1.10506956263138	-5.54252594398213
miR-143-5p	2.6763144310297	0	3.78930708380429	0	0	0	-2.58126853225349e-15	4.04467069057389	-2.58126853225349e-15	2.13868718437794	-2.58126853225349e-15	-2.58126853225349e-15	0	-2.58126853225349e-15	-2.58126853225349e-15	0	-2.58126853225349e-15	-2.58126853225349e-15	3.69577481507941
miR-143-3p	1.49110533519785	-0.631388830915466	0.134531179092878	-0.533139513866814	-1.30391487857362	-0.543874398093424	1.69692005894858	2.38118064655959	0	3.16646486563273	0.867244620247696	0.077322226897758	-1.51122277600818	-1.81626652666193	-1.88584237146776	0.542664881975476	0.0875961902772833	-1.50224759789332	-1.18418319614104
miR-142-5p	-2.07125453971701	-1.27416925966695	0.27401884014637	0.57402829741131	-0.527663488040746	-1.55351019837702	0.748808279771866	1.00799954603313	0.577730099188596	0	1.13205299433968	-1.02866808887771	0.0426864495163102	-1.25978594883397	1.11475825735145	-0.461728066921687	-0.654847930760798	0.218439297392601	-1.96972726906689
miR-142-3p	-3.62020204118523	-1.71572247384793	-4.05130875228844	0.0380053400690334	0.889991490689601	-6.55312571986149	-6.55312571986149	-0.182543749189717	0.863992122625913	-0.497419851137268	-2.34041709951324	0.00362569411094249	0.562669557445416	-1.31140403683319	2.39099100233265	0.267916158713963	0.643967531599383	1.90948674341764	0
miR-140-5p	0.413145378925895	-1.38954893707479	-1.38954893707479	-1.38954893707479	3.81544574768875	4.00441693360148	-1.38954893707479	-1.38954893707479	3.59817832150678	2.34793141589165	1.25719828393276	-0.250852749327777	0	5.7843855700226	-1.38954893707479	2.45036137091513	-1.38954893707479	-1.38954893707479	3.0189367872281
miR-140-3p	0	-0.240187433523168	0.873530751704228	0.802418447499603	1.04043669935633	0.143245652081214	-1.18914139214111	0.21681148796856	0.780403863223722	-0.403195406465533	-0.459252727799599	-0.0582763420698473	-0.613407970243289	2.60342662107981	1.88017308813822	0.285798052881407	-0.19307500087257	-0.523825391872201	-1.30650090143598
miR-139-5p	2.0458563707627	1.03122230483222	-0.409644950953655	1.37370823884152	0.259741975304825	-2.01792785866394	-0.612630969107137	-1.32552063547005	0.348094333976845	-0.00268662988833679	0.257560650323915	2.4757553562103	0.985268250752863	0	-0.0443246375637871	0.779408050560762	-1.17193334381144	-1.61980666491074	-2.2004658739158
miR-1388-3p	-2.354202494621	-1.18535491618367	-0.142082099701955	0.310059400205173	-1.48225315330997	-0.227812026736524	0.160469370809766	1.63139181560734	-0.252391822557732	-1.59431481739992	0.913306150760206	-0.0712201597296644	0	-0.1523762769742	1.69146282928014	0.534094610701459	0.177513708679319	0.626880845043887	0.175337314116794
miR-135a-1-5p	0	2.36131767642046	0	0	1.19006908374124	0	-2.58126853225349e-15	0	-2.58126853225349e-15	0	-2.58126853225349e-15	-2.58126853225349e-15	0	4.64712715456497	-2.58126853225349e-15	2.07555123277794	-2.58126853225349e-15	-2.58126853225349e-15	0
miR-133b-3p	1.96351713262822	-0.544899742491488	1.48686889098326	3.35119560312611	2.09874804426384	-3.24929797911273	-3.24929797911273	-3.24929797911273	3.01596166183124	0	0.820027053486277	0.954402971792761	-0.454387059331898	3.03715376824327	1.16997991185807	-0.598102743603162	-3.24929797911273	-3.24929797911273	-3.24929797911273
miR-133a-5p	0	0.562531803060115	0.420335342970209	2.16024778158091	1.32843712384234	-3.8765575609212	-3.8765575609212	-3.8765575609212	1.86274917140017	-2.9883283749274	-3.8765575609212	1.18733903972511	1.81717980125712	4.06971670023151	-2.27266996297736	2.20234158497453	-3.8765575609212	-3.8765575609212	-3.8765575609212
miR-133a-3p_gac-miR-133b-3p	0.949122535370361	1.8152310303645	-2.37807814786553	-3.49310858113983	2.94767187058319	-3.49310858113983	-3.49310858113983	-3.49310858113983	4.04118355180458	0.24437177182661	-3.49310858113983	1.97500226556305	0	4.06726539910301	0.926169309830968	0.929027503921815	-3.49310858113983	-3.49310858113983	-3.49310858113983
miR-133a-3p	0.976826506518085	0.172419509711363	0	1.15794949076253	1.47753217739457	-4.26618895114848	-3.76080816255985	-5.2639472960112	2.23171185710163	0.0784918672348738	-4.48945060914492	0.777587061417023	-0.0347396612335462	3.08998853477505	-0.952688715579109	0.109085900756337	-5.04413482756352	-5.27176422746409	-4.65587311311757
miR-130c-3p	-2.60275849530698	-2.60275849530698	-2.60275849530698	-2.60275849530698	0.0123156258290047	2.65713084369725	1.10735121398279	-2.60275849530698	-1.11342905229013	-1.41603337412076	0.400252869927361	1.16480144140893	0.890350085832851	0	2.37882902730485	0.290624820630669	-2.60275849530698	-2.60275849530698	1.25433810383284
miR-130c-2-5p	-1.5935558548543	-0.323530127099947	-4.06932503259901	1.24963478994717	-2.23612186246448	1.2686979654134	1.83058445471269	1.36634872179408	-1.86294155597382	-1.18535795272035	0	2.11074838960599	0.0795817929554019	-0.978855514402667	0.712819686315783	0.471429706985632	1.03040270988666	-0.315872978489832	-4.06932503259901
miR-130b-5p	0.444619812646769	-0.190535842963648	0	-0.578601477506789	-1.78909789895171	1.55423550301792	2.21175070415715	1.63313550928163	-1.25364564944499	-0.733831693225953	0.178692109721492	0.215294819387365	-1.45011651675852	-1.45149623706188	-1.4139585451707	-1.42083357262717	1.04634965281594	1.66068862633087	1.62626857109836
miR-130b-3p	0	2.98136393152795	0	0	0	0	4.41791665170925	0	2.20638347662519	0	-2.58126853225349e-15	5.56285447756142	2.79491091978083	1.61700530222502	4.55063855051983	2.29395737992443	-2.58126853225349e-15	-2.58126853225349e-15	0
miR-1306-5p	6.37003688188618	6.26435940625177	6.46678507746868	0	0	0	-2.58126853225349e-15	0	7.07426193575034	5.1131446822266	-2.58126853225349e-15	-2.58126853225349e-15	0	-2.58126853225349e-15	-2.58126853225349e-15	0	-2.58126853225349e-15	-2.58126853225349e-15	0
miR-129-1b/2-3p	-0.0248152935962829	-0.394260715926194	-1.64489786239267	4.08573170313791	2.59868848060475	-1.64489786239267	1.94622653916477	-1.64489786239267	-1.64489786239267	0	-1.64489786239267	3.8232129843102	-0.255348925317885	2.3917243970298	3.66808108034538	2.34850822552502	-1.64489786239267	3.02993434450882	2.65548873392759
miR-129-1a/2-5p	-3.31780429348728	1.29401152150767	0.696367540749665	1.97828892082378	0	3.68679575931645	5.17057103636131	-3.31780429348728	-1.1114208168621	-0.276443130614193	0.75152073911172	-0.389906492756391	-3.31780429348728	-2.85744266908495	-3.31780429348729	0.350312980504998	-3.31780429348729	3.29511719686906	3.63227319111234
miR-128-2-3p	-0.279919770794111	0.109567338080295	1.00989305102478	-0.124417993861639	0	-0.139053021998134	0.111250495205852	0.53423584881657	-0.110846178369034	0.0489239544729649	-0.255698947980457	-0.424473832193577	-0.788387730799778	-0.282667513132211	0.308354711050853	-0.246923772372611	0.0846094903313137	0.198742976365113	0.318547797483154
miR-126b-5p	0.37570169546626	-0.107770163199193	-0.989626740219221	0.798806947393432	0.494186389923714	-1.75917730031331	-0.945495604704668	-1.68957055745431	-0.119393227262519	0.67567583199506	1.25269263830703	2.19472378826025	0.690399179512523	0.147675038787607	0	1.67474762613564	-0.459109291170689	-2.31161212751287	-3.02077540865831
miR-126b-3p	0	-0.411354231682504	-0.179914602187496	0.687580953132693	0.267002487837368	-0.966367276716209	0.0270280736352468	-1.12812960466333	-0.726664225124642	1.24101692774371	0.896135653525096	1.59484099507566	0.433151282155908	-0.401607901018167	-0.390137815790627	1.4319760961659	0.265615284043371	-0.873051218241988	-1.33484361523807
miR-125b-2/3-5p	0.607659636514818	0.482299485654336	0.999523052745996	0.928025586775458	-0.28351758380771	0.00569761349921194	0.701928740972736	0.492540952786978	0.355280575238268	-0.392666279894604	-0.298011850851298	-0.0827922175796765	0	1.11721651503945	-1.92564634398641	-1.03222049280408	-0.215557567713109	-0.869779958450399	-0.991207999041597
miR-125b-2-3p	-0.636944255795803	-0.0783566347349494	0.979310302621661	1.49415457753605	0.265479708891598	-6.58083388622103	-0.69771030342505	0.524652632497062	-1.6777304279648	0.549712158703046	0	0.682492346149894	0.0127900629457827	0.207994826390899	-0.324093483613766	0.846158915380149	-0.799363205725766	-4.57579300360161	-1.38834449113968
miR-125a-5p	0.731924904317109	0.534191905690522	1.55532039034085	1.61853215656609	0	-0.603898807638855	-0.324610369435881	-0.649344043573661	-0.0372376775372985	0.520974012234065	0.604992628177632	0.0553569076179432	-0.11738961345209	0.775904283729531	0.80813381373774	-0.14570438392308	-0.348024632934615	-1.46237376782958	-0.78743577372979
miR-122-5p	7.38752872299545	3.11766239861264	4.61832570668308	-1.05952477787618	-3.94990083458288	-3.57296568446895	-0.591533657319983	0.71604695179936	2.96876307718462	3.21443227735641	4.51151302123756	-2.79535527693949	-0.282046250525973	-0.679523854161859	-0.868958326737852	4.67310238294062	0	-1.15143015520392	0.0254943289006402
miR-122-3p	8.76854738391764	4.52803600320189	0	0	0	0	-2.58126853225349e-15	0	3.77115575406836	3.95096746016449	4.57315193511759	-2.58126853225349e-15	0	2.64671868930585	-2.58126853225349e-15	4.6102256630769	-2.58126853225349e-15	-2.58126853225349e-15	0
miR-10c-5p	0.668825362206418	0	1.2180688172624	-1.26782948959135	-2.34246197280677	0.528524910679529	-0.152814598682975	0.745538000307723	-0.65340684123967	1.36394533606689	2.00420496541249	-2.25367170027667	-3.02592477779721	-2.20066381391496	-2.56344601764413	-2.48065322696513	0.701219234867319	0.550272909762231	0.0479047740989884
miR-10b-5p	-0.98290704240976	-0.980201005067324	0.101061652151767	0.110674732253987	0	0.498482547259465	0.0181041148343155	1.11430296325269	-0.948822273575832	-0.109320428426997	0.257438255595364	0.42633662359218	-0.235971991718605	-0.462838485949375	-2.17735127837764	-0.479381205713132	1.33767518630333	0.315372794416694	-0.969867778185581
miR-103-3p	0.15412454082611	0.103235913961491	-0.234612970377226	-0.873030282348751	0.221008242957957	0.00689087545610789	-1.35257684859383	-0.639715713194551	0.370466783460987	0.019345852928911	-0.399279272049963	0.0190677607116907	0.015367171254983	-0.559702636843367	1.26016894061092	-0.0694906748840527	-0.486095684872632	-0.041997436141564	0
miR-101b-5p	0.720411882965433	0.630033595985863	-0.326536694552681	1.58458836690817	0.963201711755126	-7.23260435542689	-0.767040601520477	0	0.911968147272738	-0.446778965340698	-1.86292441590862	0.144607716418061	-0.0086313964150655	1.0975024976488	2.41953697753584	0.775910587934094	-0.315590325732824	-1.24544558646905	-1.12264205250457
miR-101b-3p	-0.48228022594316	-0.544899742491488	0.119186307548296	2.80123524752542	0.0685063143745563	-3.24929797911273	-3.24929797911273	-3.24929797911273	1.46803204422693	0	0.48180410749996	0.906570445128246	0.899608846441679	-0.889003047651713	3.91834999472214	2.55510595065699	-3.24929797911273	-3.24929797911273	-3.24929797911273
miR-101a-3p	0	0.505924768555399	1.74261329271038	0.230874380755667	1.00961783040288	-0.814437015550951	-1.30331460982838	-0.622755112641318	1.81291915761447	1.10517062322979	1.54132270712379	-0.265611301722668	-0.336787007662869	-0.319868031525118	2.39799045624982	1.38386518529946	-1.4199607263951	-0.226230574582011	-0.926403099753653
miR-100-2-5p	0.675389565055292	-0.12804525312627	1.86803675589146	0	-0.358076287578678	0.387575825054961	0.804599531855441	0.979530899909427	-0.326272040717122	0.278434578866852	0.209233735696012	-0.248125423488023	-0.300040100232899	0.0444360874981733	-2.58387140232233	-0.649333873250107	0.368183284842782	-0.630414842220626	-0.275695772703084
miR-1-3p	-0.603548064988082	-1.33388946570355	2.86437987193285	0	0.825411678803787	-2.98612333182726	1.60180384852365	0.381041431464496	0.36302094893267	1.12264320892011	-1.74000733466927	0.496307058310641	-0.0808721504923593	0.753249436726691	-2.83288907257366	0.209288774104891	-2.4330462191316	-4.48281959112877	-4.04482461281818
let-7j-5p	-0.99188334054555	-0.599766636229221	-0.115470640103689	0	0.486880467391245	-0.581525714522863	1.39788104046719	1.1416903507154	-0.312103635211301	0.0695908993928054	-0.118130265543952	-0.0546745363724934	0.170348471666989	-0.306903828178129	0.474911996383028	0.768711775889406	-0.356258489810536	0.0440683004053337	0.35583463754725
let-7j-3p	-0.952328255032548	-0.213739763801941	-3.19510369532989	-1.38329363299272	-0.075777382800633	-3.19510369532989	1.92776772240211	0.651800325397362	1.41952361670896	0.49560840513204	-1.73348136970968	-0.814826362695518	0.997063142842839	0.377872404045058	0	0.0868283466215387	1.98041048940042	1.43025064005311	-3.19510369532989
let-7i-5p	0.406772106564381	-0.815120604279851	0.63676926941131	0.859636469914111	0.466620634403077	-9.39674212470936	-0.543762011106926	-0.60609988015438	-1.37723710894915	0	-0.0407111032555232	0.605441540383163	0.515848924913719	0.689060394071841	0.0765278764851409	0.836470056043954	-1.54684963372275	-1.20871817623363	-0.673602344193753
let-7h-1-5p	-1.91234676470392	-1.66782609743251	0.052965495136478	-0.11315461546743	0	0.61411644603108	1.15444338489958	0.638467250462536	-2.07082882698076	-1.08449118938834	-0.382613780925295	-0.122691900420644	-0.301630064511725	-0.436513300590237	0.41027671673562	0.263080053110912	0.572682654585401	0.84487800984745	1.16128827273117
let-7h-1-3p	1.14542605610741	0.162343050863877	-1.15182787182662	0.235490150310969	0.0265649535634696	-1.71581278116334	-0.158239851720397	-0.870977227036742	0.069356568385234	-0.638528194485268	-0.00180772698758958	0.414417534267818	0.732340287035701	0.451865539572209	0.866684943144342	-0.463547711579	-0.439227896099197	0	-0.45222311218628
let-7g-5p	-0.91439716072272	-1.23308947434325	0.967951798298625	0.347955119623473	0.180319113609658	-0.568747787964426	0.735873569059695	0.571496812216477	-0.774403168413929	-0.632748025911953	0.0242664144170721	-0.101293652551091	-0.158186774646826	0.134179168123191	0.472234820910669	0.481941715162794	-0.459593844572113	-0.321313852612755	0
let-7f-5p	-2.02223757475867	-1.80878406479114	-0.0435823319790103	-0.121759227391772	-0.087546226711062	0.296178927608016	1.98721280217957	1.53853954285797	-2.16065360170497	-0.577542581477381	0.312522165244889	-0.25946043723085	0	-0.440193287221907	0.435943933934277	0.688986426971685	0.545658527744239	0.723260388251392	0.605123088115809
let-7e-5p	-1.81048488446169	-1.73186392714415	1.20156391714161	-0.578328886114626	0.359201666299773	0.548435026737858	1.75525774061225	1.23941605407325	-1.68738237964314	-0.0466172829370741	0.506508761297274	-0.072652294287721	0	-0.989784140490752	-0.521723485001541	-0.197163372680171	0.531604512679996	0.651599707629158	0.768341810284388
let-7d-5p	-1.10587786826434	-1.09949027945243	0.542489069157245	0.227964269589259	-0.0448214967733129	0.226592551488521	1.57950912700171	1.49184130490203	-1.79010912875767	-0.0292822320263255	0.0499961695648015	-0.158403304581578	-0.793665957081437	-0.375860298358923	0	0.0423563585689752	0.785328823701017	-0.542520266323995	0.211075165059068
let-7c-2/d-3p	1.29455275215432	-0.70048056906966	-1.34222791518939	-4.11410903854158	0.129477304455843	-4.11410903854158	-4.11410903854159	-4.11410903854158	-0.342953284473224	0.926294997150567	0.561622562501714	1.62139004421383	1.96096720389876	1.79312306394361	0	1.66638436991714	0.872349008143542	-4.11410903854159	-0.00552938192062857
let-7c-2-5p	-0.745260655870387	-0.305916905131157	1.61802955908977	0.558796232947222	-0.226329765478649	0	1.8278913980706	1.89613989156182	-0.548944409073199	0.489596519381719	1.04389705791696	0.217434041907079	-0.214125625458578	-0.239114197140816	-1.88406504219721	-0.111290638360185	0.185793783447181	-0.602166446727525	0.0986040254180924
let-7b-5p	-0.665599519175867	-1.27348821274211	0.545692701215176	0.563343884268187	-0.227272454391739	0.856049862141083	1.56351013166545	1.55252552433722	-2.25968650194246	-0.500879956615453	0.392891435453514	-0.121652665772748	-0.901771608342447	-0.532265345557231	-0.0478542325865057	0	0.75559958742368	0.120033337329271	0.85990709132547
let-7b-1-3p	1.63627440419832	0	-0.342839584466171	2.73924797887678	1.56243082977725	-8.74360283603777	-8.74360283603777	-8.74360283603777	0.107940237975926	-0.372260427957849	-0.485144468889445	2.45038152935962	1.93480996225623	1.75246878363373	1.17188354758182	0.739991883165031	-8.74360283603777	-8.74360283603777	-8.74360283603777
let-7a-5p_gac-let-7c-2-5p	-0.844170273284409	-0.326023056311577	1.22126207982195	0	1.36924092036238	-1.44406851273301	0.376122701039503	-0.138604624186071	-0.0570458671690357	0.234398012826613	0.662691225431601	0.0388304483504669	-0.17366144358148	0.40092599725546	1.66146687865528	1.07160599008988	-0.853471972822529	-1.37979721201008	-1.44308818583576
let-7a-5p	-1.45650528696707	-1.3082783250734	0.496463036356669	-0.00496495337180747	0.346833790961117	0.149602157359261	1.24854150401242	0.982618447563691	-1.7218622498428	-0.421337447715608	0	-0.0555817023069203	-0.0753932701015749	-0.22069760225267	0.127253585002439	0.339196903398726	0.117761992127942	-0.0317486785579355	0.36488862499148
let-7a-5-3p	0.26036584006177	0.9561841155226	-0.538516446323531	0	0.220533018446308	-5.68712759895424	-0.575183788963725	-0.983175316709295	0.828061708948598	-0.488457767083491	-2.27137869344493	0.483366279124499	0.14411108993391	0.644330898573538	-0.166942277360582	-0.977915208483249	0.69434872823311	0.559301986942179	-0.852663792185678
let-7a-4-3p	1.96476708687453	0	0	5.31895982254618	0	0	-2.58126853225349e-15	0	1.48932944301685	0	-2.58126853225349e-15	-2.58126853225349e-15	0	1.61700530222502	-2.58126853225349e-15	0	-2.58126853225349e-15	-2.58126853225349e-15	0
let-7a-3/7-3p	0.519934261809261	-0.594336592658102	-0.786270508570077	-0.315360295502758	1.47971921873444	0.878568472585579	-0.966665793683226	-1.53216016935789	0	0.403020756949852	-1.47283792591575	1.88692432314212	1.45669387577658	0.905026601627442	0.0904238124838761	-0.0581252891060879	-0.743350316605314	-0.362942779395032	0.478591334345068
REV_miR-2184-5p	3.91673446648749	4.13369324672249	4.53318455067587	0	0	0	-2.58126853225349e-15	0	3.95053149405547	4.10157902049633	1.4616223256202	-2.58126853225349e-15	0	-2.58126853225349e-15	-2.58126853225349e-15	0	-2.58126853225349e-15	-2.58126853225349e-15	0
miR-301c-5p	0	0	0	5.4490338537857	0	0	-2.58126853225349e-15	0	-2.58126853225349e-15	0	-2.58126853225349e-15	3.70245749539958	0	0.645083670812579	-2.58126853225349e-15	0.75611826252445	-2.58126853225349e-15	-2.58126853225349e-15	0
miR-301a-5p	0	0	0	0	1.19006908374124	0	-2.58126853225349e-15	0	-2.58126853225349e-15	0	-2.58126853225349e-15	4.64595461945348	3.42220678884477	3.35180116563862	-2.58126853225349e-15	1.99472728356348	-2.58126853225349e-15	-2.58126853225349e-15	0
miR-29b-1a-5p	0	0	0	7.59304078572692	4.80293611187155	0	-2.58126853225349e-15	0	-2.58126853225349e-15	0	-2.58126853225349e-15	4.80946271288596	4.56556948810999	5.71930433959775	5.23699123430957	4.71485771142782	-2.58126853225349e-15	-2.58126853225349e-15	0
miR-26a-1b-3p	-3.2690072367386	-3.2690072367386	-3.2690072367386	-3.2690072367386	1.98526418513921	1.88686031613119	0.402520870425439	-3.2690072367386	-3.26900723673861	-3.2690072367386	-3.26900723673861	0.498552699977298	0	-0.210727157540926	1.0057401584829	0.863122516178034	2.6422701322576	2.24762065953902	1.58409401390163
miR-223-5p	-7.61786688284055	-7.61786688284055	-7.61786688284055	-0.530861950366699	1.41882711754878	1.54588310730735	0.357853829511128	-0.287268516951141	-7.61786688284056	-7.61786688284055	-7.61786688284056	1.63839911747675	1.38317461809712	0.0139685532744434	0.718679110712197	0	0.0366363878682083	1.12547820499772	-0.495981998548789
miR-2184-5p	0	0	0	2.73321464674202	4.92967946722477	0	-2.58126853225349e-15	0	-2.58126853225349e-15	0	-2.58126853225349e-15	1.48683236316713	4.96529456518968	4.2077936531056	-2.58126853225349e-15	3.17594543105537	3.91225662681299	-2.58126853225349e-15	0
miR-214a-5p	0	0	0	0	3.64785903529104	0	-2.58126853225349e-15	0	-2.58126853225349e-15	0	-2.58126853225349e-15	4.38059241060082	2.6780475135563	1.70279933238907	-2.58126853225349e-15	0	2.23232917565891	4.22136925776161	0
miR-19b-2-5p	0	0	0	5.27285832702039	0	0	-2.58126853225349e-15	0	-2.58126853225349e-15	0	-2.58126853225349e-15	1.48683236316713	2.79491091978083	2.55741658286741	-2.58126853225349e-15	1.24967617474261	-2.58126853225349e-15	-2.58126853225349e-15	0
miR-19a-1-3p	0	0	0	0	3.49224974907918	0	-2.58126853225349e-15	0	-2.58126853225349e-15	0	-2.58126853225349e-15	3.48741759926257	4.05828932225816	0.808816090644315	5.31297894273805	4.2758815747063	-2.58126853225349e-15	5.28133827375033	0
miR-181b-3-3p	0	0	0	3.38067314920077	3.11932631252925	5.3380229980124	-2.58126853225349e-15	0	-2.58126853225349e-15	0	-2.58126853225349e-15	-2.58126853225349e-15	1.05656851822665	2.51060326754753	-2.58126853225349e-15	1.50445458741104	-2.58126853225349e-15	-2.58126853225349e-15	0
miR-150-3p	-5.77483426349516	-5.77483426349516	-5.77483426349516	1.06581563598995	0.191378401425712	-5.77483426349516	0.788800250230725	-4.13603393582691	-5.77483426349516	-5.77483426349516	-5.77483426349516	0.0243252287040212	-1.27661102537189	0	1.28667018775371	1.44551646002345	0.439263608773	0.15233789457187	0.0530902491356491
miR-1388-5p	0	0	0	6.7425769470837	4.24358634299743	0	-2.58126853225349e-15	0	-2.58126853225349e-15	0	-2.58126853225349e-15	5.34553982271416	5.69373736217832	4.9661939787836	4.78214471891479	5.38809030732851	-2.58126853225349e-15	-2.58126853225349e-15	0
miR-132-3p	0	0	0	0	6.86229394247087	0	-2.58126853225349e-15	0	-2.58126853225349e-15	0	-2.58126853225349e-15	4.10639546721091	7.12698543984308	6.3999714822253	7.67920763931996	7.16139727907579	-2.58126853225349e-15	-2.58126853225349e-15	0
miR-129-1a-3p_gac-miR-129-1b/2-3p	0	0	0	4.35465620187066	0	0	-2.58126853225349e-15	0	-2.58126853225349e-15	0	-2.58126853225349e-15	-2.58126853225349e-15	3.0035769327135	-2.58126853225349e-15	-2.58126853225349e-15	2.59746639981047	-2.58126853225349e-15	-2.58126853225349e-15	0
miR-125a-1-3p	0	0	0	0	2.27646988315136	0	-2.58126853225349e-15	0	-2.58126853225349e-15	0	-2.58126853225349e-15	4.05516555362292	3.91070567547588	4.00319438636271	5.15677758860394	5.44243420856203	-2.58126853225349e-15	-2.58126853225349e-15	0
miR-124-3p	0	0	0	4.59843254568221	0	0	-2.58126853225349e-15	0	-2.58126853225349e-15	0	-2.58126853225349e-15	0.678891967513931	1.05656851822665	2.68937889160141	1.60388759794384	1.10315094530008	-2.58126853225349e-15	-2.58126853225349e-15	0
let-7f-3p	0	0	0	0	4.03383176410566	0	-2.58126853225349e-15	0	-2.58126853225349e-15	0	-2.58126853225349e-15	4.20370095090549	3.0035769327135	3.63975807476792	-2.58126853225349e-15	2.93729832937949	-2.58126853225349e-15	-2.58126853225349e-15	0
let-7e-1-3p	-4.2758815747063	-4.2758815747063	-4.2758815747063	1.06558806973291	0.929113110057233	-2.40188901639216	-1.17191201568146	1.66905357594416	-4.2758815747063	-4.2758815747063	-4.2758815747063	0.981747778835638	0.738445704170887	0.0582732908233279	1.53326395632117	0	0.282594941160165	1.17125396432617	-0.546366971100245
REV_let-7a-5p_gac-let-7g-5p	0	0	0	5.99482008352989	6.2835181082955	0	-2.58126853225349e-15	0	-2.58126853225349e-15	0	-2.58126853225349e-15	5.48756387119961	5.33696922325979	5.65618442685535	6.79622259683546	6.19197861446311	-2.58126853225349e-15	-2.58126853225349e-15	0
REV_miR-1306-5p	-3.18584081354764	-3.18584081354764	-3.18584081354764	3.10340101823827	0.730445071376089	3.60619164621036	1.99312152280353	-1.25273769898794	-3.18584081354764	-3.18584081354764	-3.18584081354764	-2.04714462580063	0	-0.375565032698109	2.12713812919042	0.765350126057981	3.76607494382733	2.69990819434815	2.07746330901606
REV_miR-18a-3p	0	0	0	0	1.19006908374124	0	-2.58126853225349e-15	0	-2.58126853225349e-15	0	-2.58126853225349e-15	5.13962727094329	2.41140277115338	2.41215730938687	-2.58126853225349e-15	2.2247650912251	-2.58126853225349e-15	-2.58126853225349e-15	0
REV_miR-7132b-3p	0	0	0	11.0677703996282	10.0528331668966	0	-2.58126853225349e-15	0	-2.58126853225349e-15	0	-2.58126853225349e-15	10.8387084132623	10.6769859656567	10.3757254816571	12.3538764427609	10.9389192277655	-2.58126853225349e-15	-2.58126853225349e-15	0
miR-9-7-3p	0	0	0	0	0	7.31102145637326	7.89009936033742	6.8207609052298	-2.58126853225349e-15	0	-2.58126853225349e-15	-2.58126853225349e-15	0	-2.58126853225349e-15	-2.58126853225349e-15	0	8.48061244910107	8.78337000783013	6.48562147438444
miR-205-1b-3p	0	0	0	0	0	5.17728058863618	4.52999116953962	0	-2.58126853225349e-15	0	-2.58126853225349e-15	-2.58126853225349e-15	0	-2.58126853225349e-15	-2.58126853225349e-15	0	-2.58126853225349e-15	-2.58126853225349e-15	5.31977184871171
miR-205-1a-3p	0	0	0	0	0	5.39396587067626	-2.58126853225349e-15	0	-2.58126853225349e-15	0	-2.58126853225349e-15	-2.58126853225349e-15	0	-2.58126853225349e-15	-2.58126853225349e-15	0	-2.58126853225349e-15	6.31041318494802	6.93569576767884
miR-200a-5p	0	0	0	0	0	7.44945993494147	4.85667512546402	0	-2.58126853225349e-15	0	-2.58126853225349e-15	-2.58126853225349e-15	0	-2.58126853225349e-15	-2.58126853225349e-15	0	-2.58126853225349e-15	6.81401235495836	7.32313424048205
miR-10545-3p	0	0	0	0	0	0	3.46143656667516	4.68168109194858	-2.58126853225349e-15	0	-2.58126853225349e-15	-2.58126853225349e-15	0	-2.58126853225349e-15	-2.58126853225349e-15	0	-2.58126853225349e-15	5.78795513043821	5.29744927203111
REV_let-7f-5p_REV_gac-let-7g-5p	0	0	0	0	0	0	4.41791665170925	0	-2.58126853225349e-15	0	-2.58126853225349e-15	-2.58126853225349e-15	0	-2.58126853225349e-15	-2.58126853225349e-15	0	4.6883349918976	2.81311449510224	0
REV_miR-18a/b-5p	0	0	0	0	0	0	-2.58126853225349e-15	4.51382969167545	-2.58126853225349e-15	0	-2.58126853225349e-15	-2.58126853225349e-15	0	-2.58126853225349e-15	-2.58126853225349e-15	0	-2.58126853225349e-15	-2.58126853225349e-15	4.13399714466038
REV_miR-191-5p	0	0	0	0	0	15.4322671501674	15.9804110270175	14.6414057850853	-2.58126853225349e-15	0	-2.58126853225349e-15	-2.58126853225349e-15	0	-2.58126853225349e-15	-2.58126853225349e-15	0	14.2082627986779	14.9130909652072	16.1886917226133
REV_miR-19b-3p	0	0	0	0	0	0	-2.58126853225349e-15	0	-2.58126853225349e-15	0	-2.58126853225349e-15	-2.58126853225349e-15	0	-2.58126853225349e-15	-2.58126853225349e-15	0	6.43987146122668	-2.58126853225349e-15	4.44955499827884
REV_miR-210-3p	0	0	0	0	0	7.45823345527702	2.1549560808242	0	-2.58126853225349e-15	0	-2.58126853225349e-15	-2.58126853225349e-15	0	-2.58126853225349e-15	-2.58126853225349e-15	0	5.62806929933317	4.57411915199136	0
REV_miR-733-3p	0	0	0	0	0	0	8.18878161378087	0	-2.58126853225349e-15	0	-2.58126853225349e-15	-2.58126853225349e-15	0	-2.58126853225349e-15	-2.58126853225349e-15	0	-2.58126853225349e-15	-2.58126853225349e-15	0
REV_miR-8159-5p	0	0	0	0	0	0	-2.58126853225349e-15	3.44170250380259	-2.58126853225349e-15	0	-2.58126853225349e-15	-2.58126853225349e-15	0	-2.58126853225349e-15	-2.58126853225349e-15	0	3.87636995724319	-2.58126853225349e-15	3.97430709931984
REV_miR-9-1/3/5/6-3p	0	0	0	0	0	0	4.63398337249433	0	-2.58126853225349e-15	0	-2.58126853225349e-15	-2.58126853225349e-15	0	-2.58126853225349e-15	-2.58126853225349e-15	0	-2.58126853225349e-15	0.516591639954684	3.43452405104289
