Gene	D1_P_M	D2_P_M	D3_P_M	D4_P_M	D5_P_M	D6_P_M	D7_P_M	D8_P_M	D9_P_M	D10_P_M	D15_M_MP	D21_M_MP	D22_M_MP	D24_M_MP	D46_M_MP	D48_M_MP	D50_M_MP	D52_M_MP	D57_M_MP	D60_M_MP	D12_M_MPP	D13_M_MPP	D20_M_MPP	D47_M_MPP	D61_M_MPP	D25_M_I	D45_M_I	D53_M_I	D56_M_I	D27_G_F	D28_G_F	D29_G_F	D31_G_F	D35_G_F	D36_G_F	D38_G_F	D41_G_F	D44_G_F
a103_gac-miR-ENSGACG00000022167-5p	323	275	169	151	22	125	230	177	89	156	74	23	85	174	1679	2510	632	279	369	123	0	36	76	100	124	0	552	97	188	17	140	126	165	105	185	44	63	110
a109_gac-miR-ENSGACG00000022167-3p	118	94	51	16	45	55	28	37	40	41	31	0	13	108	97	237	21	80	0	41	0	6	8	0	128	0	19	43	28	10	12	8	49	14	32	2	6	6
a10_gac-miR-99a-5p	22496	49443	15949	20117	16867	48674	11954	12953	9956	15990	34550	9234	6869	28990	22479	10294	4547	34760	27312	6076	5137	18274	15077	25907	6578	16954	16976	24737	73914	10957	19585	19082	36703	16242	27910	70371	13548	10300
a57_gac-miR-99a-3p	12	41	0	8	0	0	0	0	3	7	32	4	0	43	0	14	0	0	0	2	0	6	0	0	0	0	2	0	26	10	11	21	38	9	1	66	0	3
a244_gac-miR-96-5p	7	0	0	0	27	0	0	0	3	0	0	0	6	7	0	0	24	93	0	4	0	4	3	0	0	0	0	0	22	2	0	0	1	0	0	0	34	0
a165_gac-miR-92a-3p	399538	636031	781279	632826	858148	455820	306417	436186	274908	1860471	991058	635762	1081384	1334883	254512	601260	226980	624539	1884054	230932	703097	1628249	1139090	660250	697040	1115988	1141147	853843	709911	734628	490084	632707	418813	365763	787878	731993	1277953	528429
a44_gac-miR-92a-2-5p	306	250	675	282	318	304	481	461	156	584	391	59	88	193	55	102	79	538	832	74	551	89	225	351	313	427	135	483	505	173	364	556	175	228	299	312	780	208
a181_gac-miR-9-5p	79	144	111	117	176	82	114	121	54	113	97	51	55	154	22	0	26	63	77	35	0	121	161	39	128	0	116	179	36	77	52	32	313	72	192	255	87	108
a46_gac-miR-9-1/3/5/6-3p	10	19	56	33	41	16	38	132	15	25	0	17	17	24	7	12	0	16	0	4	0	6	33	34	0	0	31	0	68	0	2	25	27	6	39	59	40	20
a34_gac-miR-8160a-5p	0	0	13	0	0	18	0	0	0	0	0	0	0	2	0	0	0	0	0	0	0	0	0	0	0	0	0	0	0	0	0	2	0	0	0	0	0	2
a167_gac-miR-8159-5p	1710	929	2249	197	0	404	53	209	210	79	148	22	26	397	12	77	0	33	181	24	0	17	74	13	200	0	22	35	94	20	259	12	148	149	134	81	295	64
a125_gac-miR-737-5p	1101	1456	4053	2595	3220	2543	2146	3756	974	2619	7387	1046	1606	2578	1683	3722	204	2392	5596	660	2820	2237	4969	2881	356	4168	1865	726	2091	1227	1743	2314	1139	940	1375	1331	4591	647
a97_gac-miR-734-5p	0	0	0	0	0	0	16	34	0	0	0	1	0	0	0	0	3	0	0	1	0	0	1	0	0	0	9	0	0	5	0	0	5	0	10	0	0	1
a127_gac-miR-734-3p	0	0	0	0	0	0	24	0	0	0	0	0	0	5	0	5	0	0	0	2	0	0	0	0	0	0	0	41	0	0	4	0	0	0	0	12	0	0
a177_gac-miR-730-5p	74	155	105	137	106	178	63	35	35	54	198	81	103	240	31	91	30	51	698	52	0	99	136	413	233	0	55	1058	167	75	198	207	75	84	209	233	96	180
a168_gac-miR-727b-5p	3	17	1	11	0	13	74	39	27	5	6	2	0	0	2	0	4	0	0	1	38	0	0	0	0	0	7	0	40	0	0	47	26	8	1	14	5	0
a124_gac-miR-727b-3p	60	26	78	76	0	105	144	98	47	62	39	9	8	67	45	17	0	90	0	2	0	38	26	45	0	0	13	90	158	1	43	40	27	11	54	133	1	16
a232_gac-miR-725-3p	4401	644	2480	145	1124	10625	237	1450	180	833	157	381	657	2190	35	173	354	12294	393	1391	189	6400	1619	566	0	54	1276	51	575	2162	33	107	1022	229	501	1964	6454	108
a223_gac-miR-724-5p	246	506	333	920	182	1231	1715	3723	90	285	164	332	454	154	23	147	30	1266	244	284	0	158	220	289	507	0	67	801	213	506	99	350	442	84	482	774	1464	1076
a248_gac-miR-722-3p	1067	496	528	338	249	332	308	309	155	117	94	55	13	903	98	33	28	1591	69	33	0	68	108	243	95	433	18	79	244	28	220	109	109	35	292	120	85	185
a217_gac-miR-7147-5p	6	0	6	0	77	13	0	0	10	0	0	47	30	14	0	56	0	18	0	9	0	61	29	50	0	0	0	193	20	8	28	0	2	0	12	4	0	2
a156_gac-miR-7133-3p	1020	346	12541	2043	4388	523	491	864	477	1275	364	403	741	1056	132	684	160	705	1059	161	1124	2122	1028	418	100	532	441	706	94	1017	180	724	100	367	735	398	486	463
a99_gac-miR-7132b-5p	481	215	2253	479	1546	259	373	426	306	340	260	271	454	419	263	1145	330	904	594	100	0	2519	662	379	326	1291	650	223	485	1368	214	786	580	1051	963	870	640	488
a98_gac-miR-7132a-5p_gac-miR-7132b-5p	177	143	1042	266	521	162	214	136	164	134	60	121	214	226	58	508	77	313	245	60	0	1005	318	237	242	42	251	47	340	494	88	239	156	463	391	309	382	172
a100_gac-miR-7132a-5p	177	61	340	100	33	120	67	110	77	91	93	83	98	150	82	193	58	487	283	34	0	510	147	236	0	449	89	0	136	222	35	199	183	260	193	117	144	118
a202_gac-miR-7-5p	159	116	365	345	2192	244	414	542	132	570	465	274	419	886	64	161	575	331	1826	154	0	504	535	848	350	67	377	376	515	318	113	206	455	99	200	157	256	179
a105_gac-miR-551a-3p	344	3351	1498	2503	117	1397	885	3010	150	255	6482	364	711	1764	2080	2961	584	2615	38442	2266	6327	5109	2358	14052	4839	2004	3662	30161	1403	2844	5591	8131	630	973	5071	2225	2782	3920
a224_gac-miR-499a-5p	325	1439	427	1169	203	3009	2408	6261	128	497	853	928	311	2913	2882	546	819	3115	1654	1748	134	238	1770	3530	1373	126	323	1928	2237	1159	1674	1187	2809	231	14712	3730	1868	2677
a182_gac-miR-489-3p	48	126	74	125	239	711	163	105	106	134	69	41	26	101	54	82	21	126	3	28	0	28	22	137	0	0	40	47	220	91	69	134	31	73	96	279	265	57
a75_gac-miR-460-5p	394	250	168	141	57	165	215	93	155	0	57	70	35	505	37	69	5	77	90	31	309	73	58	61	0	205	72	150	201	68	192	58	135	75	171	100	46	190
a47_gac-miR-458-3p	141	180	255	487	535	54	215	130	48	152	188	174	117	508	48	217	53	361	456	120	0	555	412	424	155	131	143	1164	260	275	206	60	89	76	242	103	199	220
a60_gac-miR-456-3p	428	603	919	718	948	508	608	499	250	874	861	452	652	794	97	404	170	738	929	220	618	695	830	538	610	560	424	1046	1279	512	487	791	501	426	926	890	1128	452
a164_gac-miR-455-5p	791	1507	720	764	194	959	685	701	356	343	1153	208	448	962	115	346	20	687	779	229	84	695	712	617	431	0	524	956	1057	304	690	409	680	421	855	1185	394	494
a102_gac-miR-455-3p	1034	2189	903	1453	906	1756	1131	830	812	426	1268	281	561	1179	1110	788	265	2035	1773	452	982	1096	671	1628	251	383	1026	3415	4399	439	958	659	566	547	1102	1350	309	576
a155_gac-miR-454b-3p	208	286	273	339	803	424	114	243	149	333	558	563	688	238	100	656	119	147	373	42	0	882	1089	612	0	0	196	312	254	224	115	108	119	47	124	429	687	177
a1_gac-miR-451-5p	89571	225649	115193	72613	300988	144998	49659	73482	91599	328589	460481	172562	261529	274686	187655	322778	47681	321820	278573	83486	56574	236483	133870	357129	61618	125790	303513	86603	504293	241087	180487	248214	274938	92855	117984	406458	324730	51506
a134_gac-miR-429a-3p	2061	221	1175	94	76	955	221	492	116	179	23	84	223	425	15	46	44	3703	102	69	0	798	351	29	81	255	104	54	88	135	23	15	153	67	44	76	286	89
a17_gac-miR-425-5p	24135	19850	47398	33170	33146	43197	16534	23897	23077	33808	30920	33872	42177	27380	16202	39234	6054	197029	42637	7684	13175	102244	60578	17058	35047	28390	31505	18769	31045	30368	13176	26631	15212	21423	24883	49107	61608	20816
a247_gac-miR-375a-3p	24095	4569	26489	2723	3289	33086	9220	20736	3985	13648	3406	5019	10121	16842	464	3356	60255	100697	7188	3451	6498	28729	16026	3975	8286	5823	8655	4716	4900	5712	2204	2502	4867	4375	3046	6958	27535	3275
a116_gac-miR-365-2b-5p	177	375	159	174	135	612	421	424	136	205	252	61	69	76	121	127	24	347	188	28	898	62	66	276	0	221	65	214	321	63	444	105	142	175	274	108	188	42
a136_gac-miR-365-2b-3p	4269	8874	2000	4072	8578	16584	1958	2956	2480	5140	5337	456	396	3462	3214	1488	391	2072	4757	783	687	1691	1262	7184	504	477	1979	2088	12187	1881	1382	2625	4370	1266	6285	17909	2693	933
a205_gac-miR-34a-5p	0	28	6	14	0	30	0	0	2	31	0	5	0	17	0	21	0	77	62	3	0	29	6	36	0	0	17	28	51	15	31	12	16	6	16	73	38	8
a174_gac-miR-338-3p	269	215	241	212	213	339	196	160	50	80	615	131	64	420	274	334	52	214	606	167	0	294	285	1063	306	112	318	1322	763	126	239	119	346	61	337	634	149	123
a3_gac-miR-338-1b-5p	4	21	0	5	0	45	0	0	3	15	3	0	0	0	20	0	0	0	0	0	0	8	0	32	0	0	5	0	16	2	0	0	0	0	2	12	0	0
a4_gac-miR-338-1a-5p	19	34	29	33	50	79	17	25	6	26	29	1	6	20	30	15	0	60	70	9	92	12	26	11	132	0	22	2	110	11	24	25	29	12	20	49	24	30
a122_gac-miR-33-5p	8	8	13	21	0	9	0	0	3	53	0	2	3	11	0	0	0	0	0	7	0	11	19	0	0	0	0	0	0	2	0	0	0	0	0	8	0	0
a43_gac-miR-31a-5p	2083	534	1513	990	2000	1884	922	2017	861	1059	638	248	1366	2256	187	577	170	2800	1322	433	576	1260	1323	864	219	882	945	630	2046	1441	828	1498	910	467	1628	1884	1677	607
a214_gac-miR-30e-5p	5874	4101	10013	4035	11417	2415	3069	4438	1175	3810	5025	3172	3600	8798	2811	5757	1135	9760	6158	2872	1073	8304	4946	12895	3853	2280	3725	10944	4654	2880	1567	1214	1018	1110	2372	2687	2112	1538
a95_gac-miR-30e-3p	4530	5101	10047	8645	16044	7323	5551	8256	3045	5815	9366	3820	5664	11174	3598	7370	3356	19613	18995	4206	2126	11671	7364	14784	10157	3141	7490	68443	8663	4874	5934	5932	3125	3148	10817	7555	8704	5648
a212_gac-miR-30c-2-5p	18501	18383	31337	24965	93984	30618	20572	21182	13310	22010	20223	22867	23971	42085	7690	23895	11646	45034	57316	8991	7290	47251	23915	36986	28121	16702	24203	32830	37884	26815	12507	16753	15620	8688	33973	24590	39949	17221
a211_gac-miR-30c-1-5p_gac-miR-30c-2-5p	137	235	314	246	932	305	202	157	125	409	775	281	228	602	150	426	172	628	1043	152	94	501	189	494	21	234	436	718	579	465	486	273	454	139	522	501	515	282
a213_gac-miR-30c-1-5p	5544	6545	10247	5727	2940	7836	3568	6903	1340	1352	12502	2982	3339	12394	4483	8805	2047	32424	35652	4754	4112	12123	6852	16323	5815	3014	10603	61387	7298	3709	6120	5756	3423	1748	8546	4646	4034	6913
a209_gac-miR-30bb-5p_gac-miR-30c-1-5p_gac-miR-30c-2-5p	0	0	0	0	0	0	0	0	0	0	0	0	0	0	0	0	0	0	0	0	0	0	0	43	0	0	6	0	0	0	0	0	0	0	0	0	0	0
a210_gac-miR-30bb-5p	1452	1390	1799	951	3527	1948	844	737	637	958	1571	834	592	1888	427	746	421	3076	2098	515	171	1544	641	2168	845	554	933	1652	1205	862	924	649	558	297	1545	1581	1293	373
a89_gac-miR-30bb-3p	101	65	91	113	110	106	58	102	36	95	126	76	66	166	120	128	23	140	109	36	0	133	86	125	0	297	79	116	78	65	46	50	81	29	91	127	50	26
a208_gac-miR-30a-5p	31179	34749	31334	33472	38488	37244	19093	22804	12782	34427	39972	24888	37076	61834	25640	36834	11416	97390	68163	14701	14889	56939	37218	45111	39603	20804	45367	42365	66130	34363	26155	27254	27013	15492	70536	62207	45303	25278
a110_gac-miR-301c-5p	0	16	20	34	14	10	0	0	2	0	0	4	13	2	41	0	0	0	0	0	0	30	15	0	0	0	9	55	0	14	0	0	4	0	3	8	76	1
a111_gac-miR-301b-5p	22	7	18	25	0	14	0	108	2	48	9	9	38	0	0	13	0	68	0	0	0	14	48	0	0	0	42	0	16	2	0	13	6	33	6	50	21	21
a63_gac-miR-301a-3p	0	0	0	0	0	0	0	0	4	9	1	4	0	7	0	15	0	0	0	1	0	8	7	0	0	0	0	0	0	0	0	6	0	0	0	5	0	0
a143_gac-miR-29b-2b-3p	29	0	12	0	0	0	0	0	2	0	0	0	0	0	0	0	0	57	0	2	0	9	2	25	0	0	0	0	0	0	2	0	0	3	1	0	0	1
a145_gac-miR-29b-1a/2a-3p	194	15	125	86	120	38	45	0	55	23	47	71	19	194	60	82	67	184	262	13	0	178	23	156	0	221	66	86	107	82	26	35	73	31	94	89	17	33
a107_gac-miR-29b-1a-5p	12	12	0	0	72	1	0	34	4	10	40	9	30	21	0	31	9	85	0	7	0	0	11	52	0	0	24	84	41	54	49	52	17	19	31	21	22	22
a144_gac-miR-29a-3p_gac-miR-29b-1a/2a-3p	19	0	5	2	0	4	0	0	0	0	13	1	5	0	0	1	6	13	0	4	0	0	0	0	0	0	0	0	0	1	7	0	7	4	0	5	0	0
a146_gac-miR-29a-3p	461	384	367	260	795	196	145	576	122	608	1516	306	413	580	344	596	107	1118	2021	146	47	652	315	1279	199	290	334	1070	1180	389	297	279	265	132	264	715	153	76
a33_gac-miR-29a-3b-5p	48	44	35	191	352	43	1	27	56	161	110	55	57	146	29	57	50	124	445	15	0	60	139	26	152	0	57	0	27	48	53	68	47	14	75	64	115	24
a228_gac-miR-27e-3p	3544	3923	3711	2993	2295	6252	3523	3505	1689	1865	3991	1345	1240	3751	2047	1515	578	9943	3367	1319	263	2331	2380	5237	1024	1270	2766	4864	5323	818	1316	1606	2095	857	2184	4901	1937	1560
a35_gac-miR-27e-1-5p	0	0	0	2	0	0	0	0	0	0	0	0	0	7	0	0	0	19	0	5	0	0	0	0	0	0	0	0	0	0	0	0	10	0	0	0	0	0
a59_gac-miR-27c-1-5p	1116	996	799	1270	550	906	1138	262	339	481	492	557	880	706	307	838	228	1241	843	230	567	1325	952	952	741	464	665	1088	1902	468	299	292	379	406	795	1265	646	379
a231_gac-miR-27c-1-3p	7601	7760	12886	7101	9117	6219	6223	3930	3101	4150	7243	12342	11635	9857	3766	8288	1756	10092	5311	4510	4112	24160	14216	11567	3634	3468	6479	10853	16716	6635	3316	3876	4686	4641	5204	12414	4728	4219
a36_gac-miR-27b-5p	643	923	550	514	250	519	835	233	265	349	334	223	312	590	159	282	87	1149	865	157	727	319	321	464	181	58	191	633	597	207	251	236	333	218	404	640	447	306
a230_gac-miR-27b-3p	13330	17581	12015	7902	6236	9420	9225	7293	3833	5481	10640	5510	7552	16247	3502	4998	2737	25261	11387	5054	5039	12431	10449	11098	3760	5217	8617	13352	20021	4221	5116	5219	5406	4617	6822	10760	6408	4067
a42_gac-miR-27a-5p	183	108	296	200	88	259	147	226	73	66	204	59	109	214	6	123	20	408	277	89	1	286	161	67	145	0	203	260	1539	74	107	98	62	231	187	172	263	69
a227_gac-miR-27a-3p_gac-miR-27b-3p_gac-miR-27e-3p	117	75	174	109	11	132	12	58	52	80	168	45	91	140	12	105	3	230	236	57	0	98	70	124	0	44	27	39	93	39	26	49	40	53	136	128	25	71
a229_gac-miR-27a-3p	793	276	1170	257	458	490	345	233	123	174	577	298	471	1068	488	632	169	1794	1067	685	560	1236	614	1035	341	132	531	1152	1311	236	220	71	131	217	217	297	247	167
a74_gac-miR-26b-3p	325	383	422	233	1033	620	236	285	233	1438	880	345	378	407	208	663	151	367	848	137	500	288	455	547	411	188	541	77	638	230	262	372	186	139	174	311	814	69
a73_gac-miR-26a-1b-3p	216	149	230	197	436	179	77	218	159	317	216	245	284	383	57	158	67	200	217	102	0	506	351	182	186	289	358	126	378	256	141	211	109	98	319	396	311	111
a226_gac-miR-26-5p	100716	148537	144579	166390	293821	161126	104596	98255	71535	313173	344753	169085	235151	232387	119012	212832	48560	290884	253433	61408	63713	260688	274315	259636	109397	92425	187635	225507	311825	155305	123039	151036	96248	54526	191156	266607	213662	70901
a197_gac-miR-24-6-5p	147	88	141	112	15	141	75	220	35	1	60	50	66	234	52	60	15	363	246	156	25	151	87	239	0	91	157	346	171	33	98	43	59	68	80	88	45	32
a196_gac-miR-24-4a-5p	5	0	0	0	53	0	0	0	0	0	0	0	0	3	8	0	0	24	0	0	0	0	6	0	0	0	0	0	9	0	0	0	0	0	0	0	0	0
a206_gac-miR-24-3p	5577	5370	6682	3595	3213	4592	3186	2318	2040	1776	4382	3075	3818	4537	2404	3303	787	10568	3391	1630	1410	6435	4954	4252	976	1907	3530	3444	10539	2481	1583	1664	2461	1789	1948	6226	3062	1811
a198_gac-miR-24-3-5p	20	8	42	15	0	12	16	0	2	0	0	16	8	37	0	13	6	65	0	3	0	4	9	0	0	0	0	0	0	13	0	0	17	11	6	25	36	0
a199_gac-miR-24-2-5p	816	617	547	558	264	723	342	407	275	389	769	396	534	586	298	379	141	754	555	194	493	1174	506	462	662	206	658	572	1024	337	261	355	589	403	567	1132	530	432
a119_gac-miR-23b-2-5p	779	682	311	379	112	298	464	294	247	214	187	58	74	159	75	164	92	503	366	116	883	144	157	184	171	412	182	317	500	66	258	248	145	171	170	199	255	90
a50_gac-miR-23b-2-3p	13450	17098	11091	6861	4224	8852	6048	4203	3464	3092	8029	2380	3822	8634	2903	3663	1189	15924	11294	1828	3591	5754	4841	5097	955	2268	4656	7071	10767	2017	4585	2740	4129	2962	3962	5652	3439	2577
a49_gac-miR-23a-3p_gac-miR-23b-2-3p	81	58	170	35	67	36	12	45	43	58	65	50	57	103	24	71	9	0	126	22	259	150	69	153	0	175	69	89	108	34	31	33	14	53	68	86	43	18
a51_gac-miR-23a-3p	95580	102048	166318	86670	68625	121288	60602	51289	44554	58529	119710	69556	98806	86143	35836	76090	13754	129168	120630	29768	59413	159924	119961	59897	29117	30890	83406	82667	167223	44133	60636	38990	58473	51005	58613	111291	68989	45467
a114_gac-miR-23a-3-5p	455	293	617	317	79	379	166	200	132	203	656	87	150	400	64	484	34	984	389	130	328	406	397	326	212	569	316	587	1255	144	390	183	193	182	338	340	363	238
a112_gac-miR-23a-2-5p	389	256	380	325	209	365	100	189	157	159	181	197	400	213	208	522	36	575	527	103	0	436	316	370	155	307	554	141	878	171	126	181	303	179	171	481	125	76
a118_gac-miR-23a-1-5p	173	130	167	109	0	175	168	75	39	59	160	13	19	83	45	18	14	126	81	22	0	75	80	89	0	20	198	123	123	37	60	55	222	56	88	124	32	28
a79_gac-miR-22b-5p	1708	4986	2574	1993	2963	3119	1540	2771	1480	7601	6791	1237	2241	2543	1179	1539	506	2821	4708	643	2479	2047	2740	2150	1135	2323	2091	1842	4779	1498	3493	4108	1992	1556	2353	4421	6803	1189
a14_gac-miR-22b-3p	78	157	120	131	287	69	38	0	63	191	259	132	135	198	45	138	39	193	13	30	141	248	188	135	116	107	56	314	257	73	108	98	112	56	102	236	231	52
a45_gac-miR-22a-5p	2702	8129	2974	2935	2883	7279	2416	3244	1785	2986	5896	732	1009	5281	893	1327	315	3784	3482	951	1926	2187	2208	3225	360	3762	2028	2670	7613	1131	3599	3204	2113	1371	3411	5862	4421	1019
a13_gac-miR-22a-3p	191622	218084	227863	218218	72301	268372	239869	214160	116813	111670	114069	39338	62802	272223	50796	48994	14610	257065	154365	52657	50206	131658	108935	93826	90274	58402	93148	170826	232246	35130	68791	73495	104895	66388	155545	237791	129189	106072
a219_gac-miR-223-5p	952	590	2168	1369	2656	1158	901	1056	789	1309	916	2285	2115	1033	308	2495	165	820	1265	351	421	3538	3195	803	1014	846	1065	605	969	1152	350	447	792	801	843	1754	2641	768
a173_gac-miR-223-3p	41005	26536	88008	41121	74241	42136	10791	18426	21295	39005	39678	47952	64021	33591	10734	59933	6386	40154	28337	7982	17047	105852	73131	33042	22288	42046	32496	16318	48381	71416	16901	33812	32267	39008	36222	105419	106510	22038
a201_gac-miR-222c-5p	93	98	72	134	306	126	158	147	57	65	74	57	75	180	4	23	9	58	85	51	188	145	85	338	127	0	110	302	105	54	46	46	21	18	125	123	115	47
a200_gac-miR-222a-5p	215	112	180	181	284	114	320	182	54	16	99	115	144	357	46	709	119	226	234	98	178	321	124	980	108	0	321	1330	516	140	68	32	34	46	160	115	61	108
a39_gac-miR-222-3p	11533	9460	10742	6730	8245	12339	5843	6293	4218	3430	7032	2670	3908	12364	3263	7965	2223	16984	12100	2879	3573	9168	4749	11304	4306	4455	6702	19355	17788	4013	5997	6348	4704	3386	9843	8494	8002	4957
a25_gac-miR-221a-5p	95	74	61	18	0	27	46	36	7	15	10	38	17	19	0	0	0	83	0	12	0	45	22	0	0	92	27	23	18	7	40	2	20	0	4	1	0	0
a40_gac-miR-221-3p	12117	8789	8401	4635	5859	8101	3125	3935	2516	2704	4618	2119	2876	9089	1164	3818	1159	6755	5266	1566	3998	6000	3492	6613	1654	4986	2890	9827	9014	3599	5556	5590	3526	1882	7798	6165	6654	3068
a77_gac-miR-21a-3p	43	89	206	35	57	9	40	19	32	32	0	22	11	46	0	38	19	145	0	37	161	172	63	186	0	0	15	220	19	11	5	0	5	10	14	0	32	4
a238_gac-miR-218b-5p	1	6	1	0	50	16	0	0	6	0	23	6	0	0	0	0	0	0	0	1	0	6	0	0	0	0	0	0	0	0	1	0	0	0	0	0	0	0
a237_gac-miR-218a-2-5p_gac-miR-218b-5p	24	29	0	5	22	18	0	12	2	0	6	11	6	44	0	29	7	59	99	11	0	26	1	20	0	0	30	0	28	19	0	0	1	4	4	12	0	9
a239_gac-miR-218a-2-5p	588	735	417	632	412	626	929	1000	229	591	821	418	260	1529	132	448	226	2168	818	269	0	532	564	804	441	0	976	1690	986	303	244	254	795	110	407	405	145	272
a15_gac-miR-2188-5p	13244	29628	11272	10353	36549	16073	4535	5089	10512	41236	50745	20031	46392	27085	8753	21316	6622	21249	17468	8182	11581	26037	19218	44477	8101	30700	28765	15305	58496	35686	30548	38235	31969	10481	21453	69073	46500	8249
a108_gac-miR-2188-3p	18835	67080	31559	55669	108095	57840	46899	56367	51935	166527	136354	54636	112940	102918	44002	48608	14432	128867	87356	34464	28739	52738	77947	69149	82995	27286	69399	40781	147401	59560	76469	78741	79053	28203	66658	178443	154404	27285
a137_gac-miR-2187a-5p	1	1	0	1	0	2	27	0	0	3	0	0	0	12	0	0	0	19	0	0	0	0	0	0	0	0	0	0	0	0	0	0	0	0	0	0	0	4
a5_gac-miR-2184-5p	158	227	112	112	242	141	410	204	117	76	297	98	90	507	260	165	47	223	189	122	0	300	212	546	308	0	145	418	618	68	50	82	147	89	159	294	115	76
a142_gac-miR-217a-5p	158	154	441	126	25	87	52	78	50	35	81	10	0	107	11	16	7	37	0	8	165	10	20	20	54	0	16	52	75	11	36	25	88	33	59	39	40	36
a135_gac-miR-216b-5p	34	36	82	17	0	14	0	0	0	0	24	0	1	3	31	0	4	9	0	0	0	0	0	26	0	0	0	58	24	7	7	15	2	0	3	5	0	7
a58_gac-miR-214a-3p	5841	17914	3447	5621	6276	16968	4033	3310	3767	5642	14652	1105	1308	7209	5005	3524	1790	8386	9919	1600	4465	4069	3017	18582	2618	3008	4392	24688	30618	2938	8852	7702	7734	7109	5627	14956	7049	3926
a27_gac-miR-212b-5p	10	5	15	19	0	13	0	0	0	0	4	0	1	4	0	0	74	21	0	0	0	0	0	0	0	0	10	0	0	0	0	0	16	0	0	20	0	2
a26_gac-miR-212a-5p	12	54	27	67	21	75	37	0	8	41	29	17	25	131	71	95	4	23	84	11	0	69	67	10	0	2	80	24	176	39	73	44	107	17	104	146	0	56
a38_gac-miR-210-5p	4045	3513	4853	4026	3499	4012	1424	1723	1595	2803	3365	2201	2654	3732	2368	1938	577	5782	5183	1015	513	4252	3009	3862	1176	1712	2396	4702	5000	2037	2374	2227	2124	1191	3605	4388	3210	2266
a94_gac-miR-210-3p	523	307	798	389	1467	249	266	216	135	482	477	753	573	1081	15	733	326	273	394	223	148	1513	534	1553	144	80	381	1074	530	683	250	379	203	143	540	563	387	212
a52_gac-miR-21-5p	195784	212114	296374	263999	451595	300090	212405	227740	166499	231336	202333	181408	212867	284965	85032	277075	54787	404544	346689	99862	107227	391938	277116	317490	160536	105271	198541	370960	501207	157103	117849	133790	157583	148233	227448	329855	366226	131629
a56_gac-miR-20b-5p	0	0	0	0	0	0	0	0	0	0	0	0	0	0	0	0	0	0	0	0	204	12	0	0	0	0	0	37	0	3	0	0	0	0	1	0	0	2
a126_gac-miR-20a-5p	178	384	503	377	1463	259	183	138	102	399	506	338	358	751	90	1094	146	128	481	180	0	1099	438	1013	71	279	281	250	218	400	197	125	92	64	281	263	215	105
a203_gac-miR-206-1-3p	8246	72617	9943	101256	9786	119642	31322	56500	9443	10888	28243	271	1100	16496	46479	6011	9623	1487	3082	2571	4325	2428	24509	79510	5111	3563	738	1445	177508	2566	33001	14571	91455	2536	120134	92268	30863	20393
a240_gac-miR-205-1a-3p	491	107	481	79	141	1331	222	401	44	75	11	37	30	296	0	60	38	1453	86	61	0	256	154	27	0	123	92	38	66	63	8	51	88	29	40	148	288	49
a178_gac-miR-205-1-5p	31233	16239	26060	3652	4571	117044	5190	14584	5183	12248	5101	3010	6146	53536	1100	3475	3150	198196	25002	10425	4581	40547	17665	5876	2345	10888	19924	3218	8153	20050	2657	4607	8402	3558	11247	29948	55127	5353
a101_gac-miR-204-2b-3p	94	95	60	62	70	105	169	233	108	27	9	0	1	0	0	0	0	0	119	0	0	6	0	0	0	0	12	0	29	0	16	30	10	13	10	26	34	25
a233_gac-miR-204-1/2b-5p	58764	24841	14589	24307	23732	71781	32561	37371	40880	28229	12851	852	1334	19391	9042	5373	916	5383	21285	826	873	2437	2727	10302	1527	5945	7497	1772	16638	3258	1166	3456	5338	2717	11975	13166	10405	9844
a234_gac-miR-202-5p	67	103	65	30	0	0	8	117	0	220	324	49	11	14	0	83	0	23	152	23	509	28	30	0	0	0	237	0	8	17	0	2	48	4	22	31	0	43
a67_gac-miR-200b-5p	101	29	79	19	0	179	0	36	4	57	5	15	26	25	0	13	11	826	102	9	0	111	72	0	0	0	44	0	48	20	0	0	22	1	12	2	44	10
a133_gac-miR-200b-3p	59446	11414	45406	4794	8728	71177	9047	28174	6433	15103	1975	3413	9175	23478	441	2254	3774	145057	12821	4707	3960	39540	19716	2727	2794	8167	11193	2905	3860	6678	1260	1007	5325	2027	2244	4776	31823	2417
a128_gac-miR-200a-3p	10690	1046	8349	454	835	5876	1914	3295	746	928	140	574	1367	3571	26	133	290	26961	1433	1034	350	7446	2864	431	427	519	1739	173	552	1155	81	84	905	211	276	607	2043	358
a221_gac-miR-19c-3p	22	0	10	31	0	15	0	0	2	48	37	0	2	2	0	0	0	0	0	0	0	8	5	0	0	0	0	0	0	2	0	0	5	0	2	9	7	0
a220_gac-miR-19b-3p	382	741	507	504	1508	300	228	286	203	1357	1456	450	484	944	41	432	109	240	481	251	507	1213	815	845	0	734	295	348	226	636	425	423	40	68	414	397	817	114
a157_gac-miR-19b-2-5p	110	107	89	114	244	142	56	166	51	221	126	88	91	235	123	46	47	84	244	45	0	94	122	100	169	186	90	124	46	55	103	138	55	52	67	100	308	25
a106_gac-miR-19a-1-5p	0	0	0	0	0	0	0	0	1	11	12	6	0	0	0	12	0	12	0	0	0	0	0	48	0	0	0	48	0	3	0	0	0	0	0	0	0	0
a222_gac-miR-19a-1-3p	48	238	169	118	385	50	31	35	72	320	312	139	115	313	28	82	24	150	108	69	0	248	187	221	0	156	88	89	117	98	37	16	3	12	50	37	391	26
a72_gac-miR-199-5p	7883	14972	5827	6737	5608	13510	7290	3731	4028	4295	11190	3192	4488	21129	7827	4550	3025	11476	10602	5355	3743	13335	6610	21304	5501	4224	7695	35275	45158	7452	9044	10038	8204	7879	10033	22478	4661	5287
a20_gac-miR-199-3p	34935	94236	33665	56175	31957	93704	56925	53787	30733	44603	67346	11212	19639	61556	20388	21813	5559	29433	62323	12519	11613	29862	42172	48126	13321	13598	24518	71740	94222	14825	44853	29720	40640	31774	35960	87705	32608	29109
a153_gac-miR-196d-5p	163	113	72	170	108	290	384	206	143	173	130	4	20	29	99	14	14	23	0	15	0	13	70	61	0	0	27	0	300	8	79	44	120	35	88	305	28	79
a69_gac-miR-196d-3p	492	638	148	490	149	1033	296	497	296	334	412	23	40	121	173	68	53	71	166	14	0	45	124	196	119	208	106	0	832	59	189	135	323	136	234	793	228	136
a154_gac-miR-196a-5p	988	1099	621	838	730	3064	620	1266	629	719	1082	103	164	595	397	254	55	149	779	95	0	173	684	216	120	87	446	46	1315	100	701	443	1196	291	614	900	546	116
a216_gac-miR-194b-5p	38	21	11	0	0	14	14	0	2	0	4	0	5	10	0	0	0	0	0	0	0	0	0	36	0	0	0	77	0	11	2	2	3	17	0	6	15	2
a215_gac-miR-194a-5p	6566	4179	4279	1337	512	1359	642	972	1027	372	255	216	64	5723	520	325	181	721	3054	182	0	350	353	1219	384	1722	149	1224	973	277	1736	778	984	441	1066	225	372	1254
a71_gac-miR-194a-3p	132	18	35	16	0	43	0	0	19	0	0	1	0	25	0	0	0	0	0	2	0	0	0	0	0	0	0	0	0	1	13	0	30	5	8	0	15	1
a207_gac-miR-193a-2-5p	569	2363	286	849	783	2837	602	845	642	1185	1273	122	96	611	298	315	71	230	526	144	1065	226	154	1603	1	265	425	1123	1922	406	950	1537	1687	618	1134	4295	950	339
a195_gac-miR-190b-5p	0	15	84	6	0	0	0	0	0	0	0	0	1	0	0	0	0	0	0	0	0	0	0	0	0	0	0	0	0	0	0	0	0	0	0	0	0	0
a86_gac-miR-190a-3p	0	0	0	0	0	0	0	27	0	0	0	0	0	0	0	0	0	0	0	0	0	0	0	0	0	0	11	0	0	0	0	0	0	0	0	0	0	0
a131_gac-miR-18c-5p	114	48	539	255	734	165	134	28	80	273	38	76	116	169	41	178	50	248	127	21	0	223	178	22	344	86	38	134	24	209	33	27	68	44	104	88	52	51
a130_gac-miR-18a/b-5p	191	67	359	87	120	135	13	23	52	121	86	165	207	224	0	268	49	71	0	69	0	259	177	302	178	0	122	72	26	126	17	53	38	32	40	138	112	37
a32_gac-miR-18a-3p	86	168	221	94	248	183	64	94	110	546	171	124	168	228	31	120	64	153	374	86	0	199	253	150	0	349	140	77	184	166	115	131	50	78	129	125	406	73
a76_gac-miR-184-5p	58	9	58	0	43	128	3	0	13	6	0	1	3	0	0	0	0	35	67	5	0	8	10	0	0	0	9	0	0	12	0	0	12	0	0	0	0	0
a204_gac-miR-184-3p	21144	3240	13528	953	3016	40768	4235	11220	2374	3872	438	1180	2626	6928	207	919	574	8100	7208	2441	2383	13995	8361	1037	624	1247	5315	710	2042	2532	256	363	3256	1462	698	2944	17537	291
a159_gac-miR-183-5p	855	280	847	387	522	1328	340	608	224	417	233	156	381	1103	30	136	350	6111	322	132	161	1196	770	212	340	0	458	216	308	395	67	91	460	91	276	599	382	244
a243_gac-miR-182b-5p	6	10	0	10	0	41	19	81	15	77	80	6	28	37	0	18	0	0	0	1	0	30	31	38	0	0	21	0	21	22	0	0	9	0	14	12	10	6
a241_gac-miR-182a-5p_gac-miR-182b-5p	47	17	116	11	0	102	9	64	5	25	0	16	10	35	0	13	12	170	1	1	0	39	37	23	0	0	12	0	0	13	4	0	6	7	18	2	0	4
a242_gac-miR-182a-5p	601	123	365	157	205	784	166	562	93	164	44	30	72	333	33	34	117	2108	425	61	0	227	258	60	292	0	132	0	83	78	20	8	97	36	42	206	233	73
a87_gac-miR-181b-3-3p	56	0	13	4	0	3	28	0	0	0	6	0	5	23	0	26	0	0	0	0	0	9	10	0	0	0	0	0	0	7	0	0	0	0	0	0	0	3
a8_gac-miR-181b-2/3-5p_gac-miR-181c-5p	3363	2388	2813	2309	1893	3015	1790	2305	1179	1190	1607	1179	1319	3446	640	1265	279	11338	3349	676	1084	2125	2138	2806	1069	500	1423	5013	2727	1023	1809	1903	1725	839	2368	3292	1801	1860
a88_gac-miR-181b-2-3p	2	0	0	3	0	0	20	0	3	0	11	0	2	6	0	0	0	0	0	7	0	0	4	79	0	0	0	0	0	0	0	0	21	0	2	0	0	0
a7_gac-miR-181b-1-5p	1562	1235	1383	1413	1268	1531	1207	676	753	660	800	682	774	1019	239	742	193	1358	1289	343	75	1582	969	967	340	136	798	1937	1798	582	540	535	585	365	650	910	984	467
a6_gac-miR-181a-5p	13642	12847	15513	14998	14663	15032	10826	7444	5473	7430	13793	15493	14951	24575	9047	14105	4865	57172	18814	5485	4315	31860	19841	30336	11563	7179	17734	44452	35542	16089	12194	13413	13529	7193	17695	26996	14290	13597
a23_gac-miR-181a-3-3p	482	586	373	486	200	669	466	517	252	502	527	247	474	587	108	380	106	510	660	162	646	689	724	543	725	363	538	745	942	368	310	394	472	293	598	966	738	358
a21_gac-miR-181a-2-3p_gac-miR-181a-3-3p	56	82	120	57	45	117	14	90	31	72	142	28	48	69	26	61	10	99	181	32	0	87	75	48	1	0	61	45	60	40	105	75	61	44	188	189	155	61
a22_gac-miR-181a-2-3p	1830	2825	1771	1778	402	2969	1812	1377	1110	1061	1545	452	601	2862	835	854	216	5562	2674	826	474	1336	860	2277	2872	266	1896	8753	2049	702	1223	993	847	663	3106	2600	1592	1703
a24_gac-miR-181a-1-3p	362	349	662	277	673	496	299	195	203	126	127	183	167	320	33	220	60	1314	339	71	0	501	120	399	212	129	194	307	190	229	71	117	109	54	234	345	213	102
a2_gac-miR-17a-5p	134	103	389	140	1010	145	0	39	62	61	297	157	110	265	40	355	64	170	0	68	102	703	219	380	0	0	139	418	123	105	36	78	58	79	164	181	170	66
a31_gac-miR-17a-1-3p	14	0	8	0	0	0	0	0	0	17	19	3	20	0	0	0	0	0	191	0	0	7	7	38	0	0	0	0	0	4	12	13	6	0	3	12	0	0
a115_gac-miR-1788-5p	11	0	0	0	0	18	0	42	0	0	0	0	3	0	0	0	0	26	0	0	0	24	0	0	0	0	0	0	0	0	0	0	0	0	0	0	31	0
a150_gac-miR-16c-5p	77584	159188	177129	282618	552378	198670	144971	164221	134692	523267	329043	252911	344638	298756	74262	270599	76157	179884	458349	63681	77685	345634	433016	271277	178808	156894	208579	182438	316702	244875	158362	210284	128152	82089	190396	279133	377826	125561
a149_gac-miR-16a-5p_gac-miR-16c-5p	4589	8571	10973	13449	24623	9852	6531	7673	5948	22652	18140	11689	16406	14786	5845	16368	2997	14983	16488	3484	3811	19944	17967	13731	8108	5117	9724	7061	16787	11388	8931	7133	6971	4557	8629	14792	13817	5425
a151_gac-miR-16a-5p	5018	5536	11377	9137	40358	6265	3712	4153	4211	14853	9883	11120	15422	15286	5295	10353	3911	8657	18213	3484	1381	13992	16799	12818	6874	8480	8993	9838	14493	9059	4663	5068	5039	3134	6403	7045	11721	4324
a152_gac-miR-15c-5p	31040	65352	82425	81561	136126	58148	39935	46847	35314	150658	101428	74835	145003	171269	34562	68038	34409	90140	158910	37086	63535	162149	132000	115245	88489	94873	72341	107995	137032	105889	74467	101621	48799	46996	94455	111205	179681	57189
a147_gac-miR-15b-1-5p	82	177	83	72	436	77	10	121	64	145	355	329	447	689	193	317	215	356	155	199	122	965	191	686	0	223	276	429	1009	696	296	169	218	88	240	685	279	106
a148_gac-miR-15a-2-5p	24397	30453	48448	43951	87441	27198	15105	16738	16925	73178	70544	58372	65710	60814	8952	41298	12221	25319	36787	13991	14405	75384	75608	52344	16500	30838	37002	30326	44975	56312	29705	39143	30538	20874	37537	62530	57125	24202
a225_gac-miR-155-5p	1668	296	3159	2222	6230	812	1862	2072	1175	1005	542	401	562	1331	132	1399	496	1938	1625	230	263	2243	729	1025	1311	385	739	1826	803	704	165	328	286	321	1075	665	414	423
a235_gac-miR-153c-3p	0	9	0	0	0	0	0	0	0	0	7	0	0	0	0	0	6	0	0	3	0	0	1	45	0	0	0	0	0	0	0	0	0	0	0	0	0	0
a16_gac-miR-152a-5p	745	1310	1058	952	1305	1410	787	524	429	952	956	429	614	1448	274	689	202	931	1246	241	156	1116	625	1299	811	303	816	854	1483	549	413	415	440	399	710	1173	966	376
a169_gac-miR-152a-3p	2711	3188	3859	1869	1711	1068	1863	1952	624	1729	1961	832	1209	3221	197	994	154	664	575	838	389	2255	1541	1597	174	593	889	1043	570	792	656	529	633	581	583	1057	986	507
a29_gac-miR-150-5p	11182	30441	11188	2870	1701	4883	1657	8372	1668	6460	9354	924	2164	15122	1005	2432	882	289263	13481	996	5177	7871	2681	16310	4507	15440	3393	2816	5463	4491	7931	3117	2848	2747	4688	4248	7173	5554
a78_gac-miR-150-3p	32	104	36	8	0	0	0	129	4	34	2	0	1	4	0	0	0	624	68	3	0	7	6	148	0	0	16	51	44	11	22	9	7	3	5	8	0	14
a170_gac-miR-148a-3p	2986	3159	3537	1460	1463	1481	1659	1970	724	1350	818	569	711	3544	335	407	231	1409	3438	671	250	1047	1034	2055	189	927	523	1533	977	474	868	454	590	330	845	784	962	584
a183_gac-miR-146a-5p	88678	30960	61150	47960	23411	29520	47667	47591	14962	13356	37344	27416	27329	66170	14462	40222	12521	105725	92886	33805	10778	73128	47580	60768	37964	9469	50753	143706	49696	17306	15515	13237	15192	9754	40792	24951	22793	39473
a53_gac-miR-146a-3p	986	463	825	545	422	684	529	332	253	371	1469	447	337	1065	237	283	217	2794	1672	551	1107	797	824	1044	324	693	584	3760	967	414	390	566	327	156	725	575	721	473
a121_gac-miR-145-5p	2576	10378	3701	2900	3222	4400	1054	1520	1073	2141	14238	2290	2749	9301	2932	3314	912	9999	7055	1371	1793	5218	5226	5694	1200	1237	2748	7207	6207	2672	6666	2246	1821	1890	5626	5075	3107	2019
a113_gac-miR-145-3p	2286	4554	3071	3570	1264	3364	2008	3410	1204	1303	4783	2209	2534	6724	1755	2318	281	5467	6095	916	140	4043	5355	2065	2874	1012	2772	3661	2981	1415	4019	1499	1517	1627	3549	2730	3100	2679
a48_gac-miR-144-5p	6899	7757	9329	12482	120039	8946	11862	12112	7672	19941	10985	10750	17366	28440	9719	20973	5863	9507	29623	9054	1668	11437	11311	56815	17416	5260	13464	10589	18145	8745	3407	5218	3344	1776	5155	4330	21062	3323
a80_gac-miR-144-3p	562	1005	1118	426	4959	423	711	578	377	1421	1665	941	858	2314	822	1412	505	996	360	1261	503	1160	810	6405	928	1219	739	1668	1548	667	208	175	210	111	137	222	344	141
a120_gac-miR-143-5p	31	60	81	16	153	29	0	0	11	16	138	50	33	50	0	33	5	35	0	26	0	60	82	40	0	0	7	0	43	46	38	16	1	0	41	90	111	31
a55_gac-miR-143-3p	34967	91279	57231	61569	46012	49184	52870	55918	17567	20318	69992	35884	42075	158194	45062	60269	14818	139549	127747	28918	9464	54550	68857	121726	112070	8631	41753	226881	82237	23691	47936	17451	18360	21069	84307	68504	35801	43884
a66_gac-miR-142-5p	1120	333	3814	1190	6256	325	611	707	318	832	931	1039	827	2086	463	1614	456	1524	1182	536	407	3156	880	3078	1230	449	679	2200	799	741	136	128	160	378	454	311	308	262
a218_gac-miR-142-3p	240	290	1557	528	2690	139	85	356	195	449	510	329	416	1131	151	628	126	410	67	231	590	1264	677	1268	136	568	206	473	250	490	82	98	53	156	169	222	228	127
a65_gac-miR-140-5p	110	1232	231	163	1245	211	159	308	83	161	347	219	320	555	151	350	167	552	415	112	65	387	342	652	0	0	237	411	544	185	60	132	39	68	151	248	289	51
a139_gac-miR-140-3p	3109	28413	4432	4659	16157	4396	4569	3099	2620	9003	11026	8845	10971	13167	2893	17789	5224	5552	10188	3662	3460	15812	6759	14454	5828	1860	16070	16201	18873	9831	4520	5366	6377	2922	7542	14542	10719	3222
a180_gac-miR-139-5p	1559	1171	1241	869	777	997	877	711	384	424	2011	781	1072	1995	502	1172	206	2445	606	324	1180	1863	1747	2174	601	1344	1765	1340	1394	933	1025	1471	1137	1458	1052	1728	2005	807
a54_gac-miR-1388-3p	798	323	2851	4498	3930	309	931	560	529	631	246	523	1495	2499	117	751	553	1964	1689	204	143	2086	1124	1598	1516	954	734	2428	578	1074	289	647	179	400	1473	1015	423	635
a160_gac-miR-135c-5p	295	149	62	118	46	101	211	92	68	12	0	28	0	93	11	40	52	77	48	34	0	32	18	77	0	135	3	173	23	49	15	20	16	1	20	22	67	24
a162_gac-miR-135b-5p	5	31	20	17	0	67	31	0	2	82	18	1	4	26	9	31	1	0	0	7	0	9	20	30	0	0	20	0	18	5	15	0	6	0	2	14	0	0
a163_gac-miR-135a-2-5p	0	0	0	0	0	0	0	0	0	0	0	0	1	0	0	0	28	0	0	0	0	0	8	0	0	0	7	14	51	0	0	0	0	0	0	0	0	0
a161_gac-miR-135a-1-5p	0	88	0	30	0	30	0	0	6	7	89	5	1	32	0	7	3	17	101	0	0	3	11	0	0	0	4	0	9	4	14	0	0	0	9	53	0	0
a246_gac-miR-133b-3p	5	124	7	57	68	110	29	1	5	5	73	6	4	31	34	0	17	19	0	0	0	9	12	137	0	47	0	0	435	4	7	19	238	0	436	512	57	30
a41_gac-miR-133a-5p	30	336	80	237	0	177	28	74	6	66	214	1	0	79	54	17	15	0	27	14	0	17	69	171	0	0	0	51	200	40	41	41	261	4	187	424	102	23
a245_gac-miR-133a-3p_gac-miR-133b-3p	23	155	3	86	0	85	0	46	7	0	115	0	0	41	64	35	13	0	0	7	0	39	18	286	0	2	0	0	612	3	38	15	200	5	508	878	108	36
a236_gac-miR-133a-3p	2068	27735	2135	23694	1701	25101	2408	4565	825	2392	16457	427	387	7266	10130	1712	3647	1041	1122	1494	739	2533	9469	31305	300	1480	275	918	99934	3024	7211	6651	46906	423	54975	102348	12615	6777
a64_gac-miR-130c-3p	58	0	61	22	230	35	15	0	17	30	53	45	48	23	25	33	7	81	65	21	0	97	74	119	0	71	57	71	69	25	19	15	10	9	4	39	20	15
a104_gac-miR-130c-2-5p	120	116	237	238	401	420	94	370	122	171	196	116	136	115	64	270	21	113	259	32	0	223	313	128	129	55	47	95	339	116	71	90	93	63	73	199	400	123
a30_gac-miR-130b-5p	6070	10272	9907	7363	5776	15603	6269	9948	6071	10834	9418	5902	7467	4696	2823	8382	1481	5452	15224	1628	6717	10406	9500	5849	6785	2920	5100	7600	11307	5296	3574	4648	2973	3976	3910	10311	15267	4783
a62_gac-miR-130b-3p	49	50	101	48	85	28	0	131	11	66	121	191	92	77	19	258	28	43	57	13	0	191	176	118	0	135	80	188	178	54	11	16	35	20	27	79	95	38
a70_gac-miR-1306-5p	139	466	199	121	114	171	92	470	104	632	735	108	218	161	198	163	18	245	874	37	1252	154	210	265	130	1288	175	179	316	152	252	395	73	80	79	162	453	66
a12_gac-miR-129-1b/2-3p	19	0	10	0	0	12	0	0	0	0	5	0	5	7	0	0	0	14	0	0	0	0	0	0	0	0	0	0	14	0	0	7	5	0	17	34	0	0
a96_gac-miR-129-1a/2-5p	0	16	16	70	26	16	9	0	16	45	28	2	6	17	0	0	55	34	0	8	0	11	7	34	0	0	60	0	98	16	13	0	180	0	54	47	0	13
a117_gac-miR-128-2-5p	5	0	23	3	0	10	0	84	2	0	0	0	0	8	0	0	0	58	0	0	0	7	14	0	0	0	0	0	6	2	5	0	0	0	1	5	0	4
a166_gac-miR-128-2-3p	19754	31648	36262	35791	43874	27553	28870	33709	18063	78737	55605	19579	37613	40393	8729	18818	6420	34589	53158	9849	20053	36020	53094	26567	30399	36035	28827	24190	43297	26521	31270	44253	21746	17784	32018	42508	77761	17165
a68_gac-miR-126b-5p	2885	3957	4937	1723	1683	3426	960	2212	877	1727	8937	2165	2965	6220	1648	2722	414	3604	4126	2211	2670	5858	3931	4466	1086	2378	4705	3597	5727	1984	3269	4648	2892	1688	4727	6232	2926	1423
a179_gac-miR-126b-3p	83994	103435	174169	89415	87671	127712	97715	120211	38703	46678	150054	69566	93678	195199	83369	160186	24449	195958	243737	82067	65183	170403	82745	217750	73301	51250	204115	173360	272683	40704	53394	65184	43984	50942	99858	91762	71468	43003
a175_gac-miR-125b-2/3-5p	86821	268507	71650	86998	66031	248631	50476	81022	63185	88089	226878	21030	29032	108893	102515	72155	18147	119745	206764	25882	33070	49765	52828	104588	27330	55336	99803	121223	255487	39575	108705	96676	132493	68575	119653	239876	110018	47230
a28_gac-miR-125b-2-3p	490	714	152	344	142	730	872	916	252	273	273	26	24	112	167	50	7	256	632	36	0	42	133	208	183	455	80	94	563	12	156	116	155	132	97	153	138	45
a176_gac-miR-125a-5p	46645	98607	48189	47063	28406	128096	52304	63802	37896	36632	97781	35156	47357	95787	86532	89601	16893	136747	229426	30144	43604	100264	51159	119043	65384	50524	124474	165819	196440	40737	59557	58474	65913	41834	64424	94793	76476	55987
a61_gac-miR-125a-1-3p_gac-miR-125a-2-3p	51	152	58	66	112	134	8	131	38	52	28	17	33	46	31	40	24	71	105	2	0	43	42	74	0	18	59	191	196	26	66	12	80	45	99	133	31	22
a129_gac-miR-124-3p	42	19	96	15	99	20	0	0	6	3	5	2	0	0	0	0	0	0	18	0	0	0	12	0	0	0	12	0	0	0	14	0	21	0	18	3	26	4
a123_gac-miR-122-5p	616404	483946	466665	166239	6436	149433	175020	176633	198393	88943	39735	5578	1075	287681	7512	9283	2855	31558	88669	5220	4982	6872	32060	31438	75676	603411	3325	47689	17015	3486	617165	235841	287013	94073	215550	87567	92594	283633
a11_gac-miR-122-3p	2836	2132	2391	602	0	705	418	280	682	188	134	102	18	2435	104	77	15	226	729	36	0	152	127	474	413	1375	61	523	252	61	1637	500	1065	232	1146	415	112	881
a141_gac-miR-10c-5p	3632	8566	9152	6998	1732	5928	4280	6487	1277	1771	19851	2049	2431	8093	2391	4871	1516	7425	20552	6156	3511	10489	4717	8896	8742	1911	11200	47287	2857	4608	7631	10061	2587	3404	17351	10284	7460	7037
a140_gac-miR-10b-5p	31801	59112	37972	57380	27124	94933	55242	66993	28735	34197	98076	13208	30153	97615	35581	53042	6086	32891	103919	10814	14837	37422	65116	28155	25789	8811	49398	62643	70206	10033	35508	17734	28762	22659	48637	66923	32211	16552
a132_gac-miR-10545-5p	19	12	0	15	38	22	17	0	6	0	27	6	3	53	0	24	0	16	100	0	0	17	4	15	66	0	8	53	1	0	8	43	19	3	23	14	23	2
a90_gac-miR-10545-3p	142	43	26	20	0	54	117	23	25	49	10	6	4	36	0	0	0	159	181	3	0	31	3	23	0	0	26	66	107	5	35	27	14	19	17	22	35	16
a37_gac-miR-103-3p	2239	3402	4296	2970	5958	2238	1807	1994	1211	3993	5482	2540	2682	3486	585	2442	763	3147	1865	843	1389	4496	4090	3347	1818	1606	1929	4280	2129	2845	2274	3082	1432	1229	2970	5445	4616	1077
a172_gac-miR-101b-5p	707	1076	894	796	2000	661	371	347	417	2216	3522	769	804	2225	486	959	457	1354	1027	241	838	1459	1397	2218	40	2620	1062	1011	1703	1240	2010	2176	1477	722	1728	2591	2043	749
a19_gac-miR-101b-3p	170	225	308	55	274	20	35	39	48	109	278	47	81	290	31	105	10	85	0	63	0	118	73	371	0	0	108	28	47	84	35	10	37	39	46	48	79	43
a171_gac-miR-101a-5p	0	0	5	0	34	0	0	0	0	0	9	0	0	22	0	0	0	0	0	0	0	8	0	0	0	0	0	0	8	0	0	0	0	0	0	6	0	0
a138_gac-miR-101a-3p	9037	15614	19973	9961	13771	6059	7531	9396	4147	28600	33017	9708	14380	21336	2961	11730	2069	6778	9897	8694	7721	19798	14546	15213	6053	4562	10195	9578	8571	8739	5663	5132	4791	4277	7629	12498	16406	2817
a9_gac-miR-100-2-5p	68691	172197	62711	118648	52939	171155	78163	102560	43147	72353	156961	27953	42790	123880	51293	56327	16214	92512	202051	31138	24856	92264	88873	79851	64393	19828	101657	251180	181285	44415	86760	72395	134722	59105	165279	265075	86381	64755
a18_gac-miR-1-3p	13716	80653	16642	159224	11798	111944	50679	95401	7615	12990	51051	1503	2532	40808	83363	11716	8575	5464	8703	11015	868	8213	58496	129289	23584	3622	1484	3907	220340	4454	12870	10770	160941	2472	116461	130999	46318	31981
a194_gac-let-7j-5p	7576	5677	13782	16695	29908	9320	10970	10302	6304	12871	10090	10288	14232	16155	5056	9501	2334	14763	20457	3918	2297	16109	15745	15273	12514	5525	9310	11295	14893	8559	6186	7735	7645	4360	10035	11017	13881	7786
a92_gac-let-7j-3p	158	180	269	173	702	224	155	133	74	307	214	278	362	430	98	294	150	261	257	66	145	576	288	254	311	237	196	201	501	234	77	153	86	115	261	319	348	128
a192_gac-let-7i-5p	1615	1726	2074	2853	1728	2637	3499	2934	924	867	1673	1700	1658	2569	1165	1001	507	3945	3024	1181	729	3880	2955	3571	2968	624	1607	6452	4055	1549	1717	1804	2705	993	3877	4149	1497	2151
a184_gac-let-7h-1-5p	20457	21007	38460	43747	42214	37150	39103	39178	19352	37490	26811	14310	25619	26305	8292	18717	5648	40037	62385	6829	13627	27450	37463	32723	41365	31074	12602	49419	33605	17700	28446	26825	22200	19775	31547	40803	51106	21372
a82_gac-let-7h-1-3p	1839	2336	2793	1005	1970	2053	588	1461	686	2484	3390	591	1090	1488	499	884	240	2064	3072	311	2583	1898	1605	1071	201	2409	1227	613	1660	647	746	1190	671	481	780	1037	3367	536
a191_gac-let-7g-5p	58007	67341	96961	141183	175048	110443	110645	122312	64322	174825	132592	75865	150589	116328	44087	88056	21543	125024	179135	30262	35732	111586	154150	142540	137177	75457	79249	76542	180699	104094	101917	132083	136896	52644	122840	186830	193838	77638
a84_gac-let-7g-1-3p	2	23	7	0	0	10	1	0	5	22	0	5	9	18	17	0	0	0	0	1	0	10	0	0	0	0	10	0	0	16	10	13	0	0	8	23	0	0
a186_gac-let-7f-5p	15463	12734	26778	34971	46827	25467	26431	32282	12562	23502	15710	13389	23349	23962	7641	21506	4059	24071	45537	6213	4929	24206	24820	28363	31223	12311	14298	28120	23901	13164	13236	13490	17717	11845	27029	24674	28558	16538
a185_gac-let-7e-5p	115280	109018	223202	273872	352959	193962	251905	269834	115940	246101	163186	194148	274483	196258	53437	231046	40962	183834	338100	56315	58401	298007	343103	205277	355976	74508	129626	304643	191602	135579	106073	119277	155175	107633	215288	252512	306157	171348
a83_gac-let-7e-1-3p	103	106	204	124	434	263	116	251	133	377	539	160	164	257	92	272	52	147	357	92	192	362	387	167	0	241	231	278	83	162	93	86	41	62	100	144	477	50
a193_gac-let-7d-5p	47605	76323	53826	57711	32866	123041	126193	146538	46865	47917	59218	16383	23572	46284	20510	37922	8913	50961	131005	13800	39157	34684	35295	84904	59504	34434	25055	165762	88737	16271	59547	53887	50483	39787	43800	78371	64411	39780
a91_gac-let-7c-2/d-3p	426	560	174	203	80	749	218	175	121	176	136	26	54	78	99	38	0	138	175	22	0	93	89	89	169	231	251	104	378	22	43	96	95	57	134	178	204	33
a189_gac-let-7c-2-5p	34607	67213	28062	48076	25665	101229	68391	84314	35642	32197	40611	6324	8127	24624	21678	15823	5655	44894	73849	6749	10288	11033	16192	52299	24048	34110	10979	62550	86964	9108	48106	42759	63182	40841	39856	85507	36991	27889
a190_gac-let-7b-5p	130398	259961	134944	115851	66552	351488	376309	442284	141933	136681	172849	31183	45789	140473	79772	68596	23288	306198	500067	39471	182043	63508	77153	246195	252435	290373	48457	371933	371317	49355	371754	258049	163782	178414	132984	218227	304515	124872
a81_gac-let-7b-1-3p	6227	11420	5656	2274	1283	7278	2033	4044	1714	3372	7388	717	1212	4551	2805	2247	590	8431	7219	835	4408	2867	2021	4443	280	11929	3419	3949	6699	1248	3018	3144	2445	1355	2917	3394	6114	1638
a187_gac-let-7a-5p_gac-let-7c-2-5p	1171	1697	1295	2414	1403	1624	1188	1806	1252	2361	3111	1292	2322	2370	1020	1895	379	2496	3500	584	1150	1630	1831	2979	1225	1365	1928	2698	3621	1929	4017	2413	3313	2055	3717	7397	4069	2406
a188_gac-let-7a-5p	582928	757392	929215	1259049	1185924	1239326	1034114	1375708	639553	1275707	927993	506937	894481	982843	329070	768022	185171	1044388	1895945	239359	457081	801342	984027	1181453	1331474	945921	534204	1239377	1272516	578961	1110439	1031757	1067004	746327	1150805	1548913	1962339	826059
a85_gac-let-7a-5-3p	462	466	1105	547	1683	699	198	430	296	604	879	677	984	756	176	928	141	748	976	142	318	1610	1147	498	132	451	582	194	651	586	261	374	360	303	492	730	1238	320
a93_gac-let-7a-4-3p	12	0	0	0	0	0	0	0	0	5	5	0	0	0	0	0	0	0	0	0	0	9	0	0	0	0	4	0	0	0	0	0	11	0	0	4	0	6
a158_gac-let-7a-3/7-3p	485	1074	499	455	752	1219	211	293	257	569	1368	208	161	944	219	469	156	722	1025	196	180	404	457	754	555	269	392	407	537	227	365	384	185	129	317	512	1098	160
a267_REV_gac-let-7b-5p_gac-let-7c-2-5p	12	0	1	0	0	9	10	0	12	6	24	0	0	7	0	0	0	25	1	0	0	4	0	0	0	1	0	0	1	0	6	0	0	2	0	28	8	2
a257_REV_gac-let-7f-3p	28	38	25	12	18	69	42	0	10	23	30	12	3	19	13	0	0	17	0	2	0	30	36	0	0	89	8	0	0	9	3	0	14	13	7	3	65	1
a266_REV_gac-let-7i-1-3p	0	0	8	0	0	5	0	0	0	0	2	6	5	0	0	0	0	12	0	0	0	15	11	52	0	0	0	0	6	0	0	0	0	0	0	0	0	3
a253_REV_gac-miR-103a-5p	0	0	7	13	35	0	0	0	0	25	4	6	3	16	0	0	8	0	0	0	0	18	1	0	0	0	9	0	0	8	5	0	4	1	6	15	7	2
a262_REV_gac-miR-10544-5p	7	0	0	0	27	0	0	0	0	0	0	0	0	0	0	0	0	0	0	0	0	0	0	0	0	0	0	0	0	0	0	0	0	0	0	0	0	0
a252_REV_gac-miR-10c-3p	0	4	0	0	0	0	0	0	4	0	4	0	0	0	0	0	0	0	41	3	0	0	0	82	0	0	4	52	19	4	0	8	0	0	3	0	0	2
a260_REV_gac-miR-132-3p	30	22	25	30	28	14	11	0	7	58	49	7	6	92	36	29	36	0	0	14	0	48	56	34	0	0	9	59	79	19	70	43	13	19	83	109	38	26
a263_REV_gac-miR-135b-3p	0	18	0	1	0	0	0	0	0	6	0	0	0	0	0	0	0	0	0	0	0	0	0	0	0	0	0	0	12	4	0	0	0	0	2	0	0	0
a258_REV_gac-miR-153c-5p	0	0	0	0	0	0	0	0	0	0	0	0	0	0	0	0	0	0	0	0	0	0	0	0	0	0	0	24	18	0	0	0	0	0	0	0	0	0
a250_REV_gac-miR-181b-2/3-5p	68	78	42	32	141	26	73	90	26	0	112	4	13	37	15	32	12	86	0	26	0	58	46	55	175	0	8	192	76	20	38	64	52	16	55	59	32	24
a265_REV_gac-miR-183a-3p	0	0	0	0	0	0	0	0	0	0	0	0	0	0	0	0	0	32	0	0	0	0	0	0	0	0	0	0	0	0	0	0	0	0	0	0	0	0
a268_REV_gac-miR-190a-5p	38	28	13	22	148	38	19	31	1	31	29	15	11	15	13	10	2	0	0	4	0	21	14	62	0	0	14	0	0	35	2	15	3	0	20	10	12	3
a261_REV_gac-miR-191-5p	38812	28481	71029	58787	44732	49574	24924	40303	35177	54417	47316	52764	68077	38495	10588	48046	7887	139208	55629	10995	18294	124861	105269	24937	33519	43776	35494	23137	40320	37528	24636	41492	24295	38289	32276	65703	87779	38833
a251_REV_gac-miR-193a-2-3p	0	8	0	4	0	12	0	0	0	0	18	7	0	10	0	12	0	2	0	4	0	1	0	0	0	0	0	36	0	11	0	0	0	0	2	22	0	0
a269_REV_gac-miR-27b-3p_gac-miR-27c-1-3p	52	50	42	26	32	70	0	205	7	75	110	65	69	65	17	43	7	144	132	26	0	110	108	35	103	0	30	0	176	57	26	63	45	21	49	75	44	14
a264_REV_gac-miR-459-5p	34	0	0	0	0	0	0	0	6	0	0	0	0	0	0	0	0	31	0	0	0	0	0	0	0	0	0	107	0	7	0	0	4	0	0	0	0	0
a255_REV_gac-miR-460-3p	25	9	31	0	27	0	24	0	5	0	23	2	0	7	0	0	0	0	0	0	0	0	0	0	0	187	18	0	0	0	0	0	7	11	0	0	0	5
a249_REV_gac-miR-728a-5p	0	0	18	9	0	0	0	0	0	0	0	0	0	1	0	0	0	0	0	0	0	2	0	0	0	0	0	0	0	0	0	8	0	0	0	0	0	0
a256_REV_gac-miR-730-3p	10	11	0	0	49	0	0	0	0	0	15	1	5	3	0	2	7	23	56	0	0	3	4	0	0	0	11	49	8	4	21	19	0	11	21	0	0	0
a254_REV_gac-miR-7bb-3p	0	0	0	6	66	0	0	0	0	3	3	2	2	1	0	0	0	0	128	4	0	0	0	0	0	0	0	0	38	2	5	0	0	3	0	0	0	3
a259_REV_gac-miR-9-7-3p	0	0	0	3	0	0	0	0	0	5	0	0	0	0	0	0	0	0	0	0	0	0	3	0	0	0	0	0	23	1	0	0	1	0	0	10	0	0
