Gene	B9_Immature	B31_Immature	B27_Immature	B11_Immature	B14_Immature	B17_Immature	B19_Immature	B43_Mature	B54_Mature	B60_Mature	B48_Mature	B49_Mature	B59_Mature
miR-ENSGACG00000022167-5p	18.2295212911703	5.26177502826831	4.02707873627817	8.52499417004381	15.484842754777	0.929897457539101	0	6.28776136479708	28.7483204413733	74.0168284250682	63.0524664814492	3.06223861835095	0
miR-99a-5p	5153.40641022562	5503.81667956866	7036.03874841183	8086.88360008765	10627.7637440286	9009.77646609635	7538.6845515524	10452.0558915398	7373.94419321226	10012.0096582976	9583.97490518028	4122.53873995496	3937.13609040692
miR-99a-3p	0.792587882224796	0	13.9117265435064	6.30108264742369	0	4.64948728769551	12.2731017264158	12.5755227295942	8.624496132412	0	0	0	3.54059000935874
miR-92a-3p	392384.897677265	404355.571928606	235100.85662392	282927.506515414	204053.235939158	134390.175409737	124837.354256005	264220.715065009	213916.252404259	161373.956559948	259446.887911945	146995.874837046	95043.598211226
miR-92a-2-5p	52.3108002268365	251.249757599812	115.686989151264	111.566228051443	74.8434066480891	93.9196432114492	101.730376532291	144.618511390333	146.616434251004	572.396806487194	150.625336594573	150.049692299196	329.274870870363
miR-92a-1-5p	366.968189470081	399.894902148392	348.159261654595	328.768253427342	211.626184315286	132.045438970552	207.279051379466	650.334175444726	675.585530372273	2102.07792727194	581.483857551142	549.671831993995	1317.09948348145
miR-9-5p	7.13329094002316	22.3625438701403	60.0400829772382	35.2119324414853	55.9174877255838	25.5721800823253	40.9103390880526	0	63.2463049710213	138.164746393461	24.5204036316747	59.7136530578435	201.813630533448
miR-9-1/3/5/6-3p	4.75552729334878	19.7316563560062	45.7622583667974	21.8684633057646	69.6817923964967	12.0886669480083	24.0007322649908	13.4737743531366	0	29.6067313700273	21.0174888271497	6.89003689128963	141.62360037435
miR-8159-5p	53.1033881090613	0	7.32196133868758	8.15434224960712	15.484842754777	17.2031029644734	10.6366881628937	112.281452942805	5.74966408827467	106.090787409264	3.50291480452495	16.0767527463425	49.5682601310224
miR-737-5p	183.880388676153	220.994551187269	323.264593103057	191.997694786204	230.552103237792	529.576602068518	486.014828366064	69.1653750127679	149.491266295141	41.942869440872	255.712780730322	202.87330846575	38.9464901029462
miR-733-1-5p	0	15.7853250848049	3.66098066934379	0	22.3669950902335	0	0.27273559392035	0	11.4993281765493	17.2705932991826	14.0116592180998	0	0
miR-730-5p	22.9850485845191	19.7316563560062	2.92878453547503	3.70651920436687	7.74242137738852	9.76392330416056	7.09112544192911	10.7790194825093	11.4993281765493	0	0	9.18671585505285	0
miR-727b-5p	36.4590425823406	28.9397626554757	110.195518147248	45.2195342932759	132.481432457537	279.899134719269	306.009336378633	111.383201319263	103.493953588944	59.2134627400545	63.0524664814492	39.8091020385623	70.8118001871748
miR-727b-3p	32.4961031712166	18.4162125989391	59.6739849103038	31.8760651575551	80.8652899416135	338.017725815463	145.640807153467	52.996845789004	43.12248066206	34.5411865983651	49.0408072633494	75.790405804186	24.7841300655112
miR-725-3p	53.8959759912861	559.063596753508	363.535380465838	424.396448900007	542.829765459129	165.52174744196	584.19964217739	231.748918873949	517.46976794472	98.6891045667575	31.5262332407246	388.90430453057	658.549741740726
miR-724-5p	39.6293941112398	32.886093926677	45.0300622329286	13.7141210561574	58.49829485138	43.7051805043377	31.3645933008403	15.2702776002215	14.3741602206867	9.86891045667576	28.0233184361996	29.091266874334	28.3247200748699
miR-722-3p	41.2145698756894	26.3088751413416	73.2196133868758	130.840127914151	107.533630241507	112.052643633462	72.8204035767335	101.502433460296	5.74966408827467	0	31.5262332407246	28.3257072197463	28.3247200748699
miR-7147-5p	25.3628122311935	23.6779876272074	8.7863536064251	0	0	5.11443601646506	4.63650509664596	12.5755227295942	5.74966408827467	39.475641826703	17.5145740226248	3.06223861835095	0
miR-7133-3p	278.990934543128	146.014257034446	78.3449863239571	32.2467170779918	70.5420614384288	104.613463973149	118.912718949273	90.7234139777864	94.869457456532	56.7462351258856	203.169058662447	98.7571954418181	329.274870870363
miR-7132b-5p	1175.40782933937	607.73501576499	127.402127293164	86.7325493821848	125.59928012208	94.3845919402188	94.9119866842819	423.974766312032	718.708011034333	315.805134613624	514.928476265168	454.742434825116	1030.31169272339
miR-7132a-5p_gac-miR-7132b-5p	519.937650739466	338.069045566239	235.76715510574	32.2467170779918	161.730579883227	40.4505394029509	54.0016475962294	381.756940005537	434.099638664737	66.6151455825614	290.741928775571	227.371217412558	173.488910458578
miR-7132a-5p	438.301098870312	215.732776159001	38.0741989611754	20.7565075444545	56.7777567675158	25.5721800823253	15.2731932595396	153.601027625757	169.615090604103	91.2874217242507	94.5786997221738	140.862976444144	208.894810552166
miR-7-5p	56.2737396379605	13.1544375706708	77.246692123154	29.652153634935	79.1447518577494	152.503183036413	98.4575494052465	56.5898522831737	68.995969059296	340.477410755314	56.0466368723993	53.5891758211416	131.001830346273
miR-551a-3p	186.258152322827	267.035082684617	332.783142843351	454.789906375815	386.260799827494	306.401212259134	269.190031199386	1661.76550355351	505.970439768171	51.8117798975477	122.602018158373	1126.90381155315	123.920650327556
miR-499a-5p	22.9850485845191	63.1413003392198	151.198501643899	325.432386143412	214.206991441082	846.671635089352	906.573114191244	104.197188330923	347.854677340617	69.0823731967303	409.84103212942	289.381549434165	38.9464901029462
miR-489-3p	118.095594451495	57.8795253109515	173.530483726896	147.148812413365	133.341701499469	162.267106340573	133.367705427051	105.095439954465	83.3701292799827	44.4100970550409	45.5378924588244	108.709470951459	99.1365202620447
miR-460-5p	0	82.872956695226	63.701063646582	19.2738998627077	24.9478022160297	3.25464110138685	30.0009153312385	164.380047108266	51.746976794472	0	38.5320628497745	59.7136530578435	102.677110271403
miR-458-3p	37.2516304645654	6.57721878533539	22.3319820829971	10.7489056926639	35.2710307192144	27.4319749974035	14.1822508838582	55.6916006596313	0	0	31.5262332407246	20.6701106738689	7.08118001871748
miR-456-3p	277.405758778679	578.795253109515	314.478239496632	221.279196500702	216.787798566879	255.721800823253	233.1889328019	269.475487062732	376.602997781991	222.050485275204	325.771076820821	241.916850849725	485.060831282147
miR-455-5p	169.613806796106	105.235500565366	250.77717585005	126.021652948474	199.582417728237	114.842336006079	107.730559598538	72.7583815069376	71.8708011034333	61.6806903542235	91.0757849176488	77.3215251133614	14.162360037435
miR-455-3p	354.286783354484	380.163245792386	240.160331908953	297.63349211066	381.099185575902	345.456905475776	194.73321405913	296.423035769005	155.240930383416	0	66.5553812859741	160.001967808837	99.1365202620447
miR-454b-3p	76.0884366935804	36.8324251978782	84.5686534618416	83.7673340186913	107.533630241507	104.613463973149	178.641814017829	5.38950974125464	22.9986563530987	14.8033656850136	17.5145740226248	9.95227550964058	0
miR-451-5p	145014.256695495	53295.2038175727	68724.2952229886	135588.179014945	112023.374371351	105378.769580704	115180.332346473	144269.091508775	125980.889838186	163051.671337583	265349.29935757	47221.2506142808	27652.0079730918
miR-429a-3p	11.8888182333719	357.800701922245	62.2366713788444	76.7249475303943	75.7036756900211	33.4763084714076	168.277861448856	35.0318133181552	91.9946254123947	0	14.0116592180998	60.4792127124312	159.326550421143
miR-425-5p	5278.63529561714	16011.5814110205	6220.73835334897	7877.09461312048	6202.53979233014	6141.50775831699	4922.87747026232	7418.66015883701	8575.62398766167	5684.49242304524	7075.88790514041	4401.96801387949	3731.78186986411
miR-375a-3p	517.559887092792	13647.7289795709	2325.82101923411	1531.53373524439	1950.22991805998	504.934319443732	1505.50047844033	868.609319965539	8943.60248931124	3106.23956623869	476.396413415394	1442.3143892433	8950.6115436589
miR-365-2b-5p	32.4961031712166	52.6177502826832	127.768225360098	94.886891631792	100.651477906051	101.358822871762	70.09304763753	79.9443944952772	120.742945853768	22.2050485275205	31.5262332407246	77.3215251133614	49.5682601310224
miR-365-2b-3p	2977.75267351856	847.145779551199	3434.73206397834	4483.40562960217	5414.53334992037	4198.95196951781	3339.64734755469	1486.60643696274	1463.2895104659	1105.31797114768	1793.49237991678	653.787945017928	414.249031094973
miR-34a-5p	18.2295212911703	15.7853250848049	10.2507458741626	0	3.44107616772823	13.0185644055474	9.54574578721226	26.0492970827308	5.74966408827467	0	17.5145740226248	0	31.8653100842287
miR-338-3p	17.4369334089455	9.20810629946955	31.850531823291	59.30430726987	82.5858280254776	64.6278732989675	145.095335965626	48.5055876712918	71.8708011034333	157.902567306812	112.093273744799	52.8236161665539	42.4870801123049
miR-338-1b-5p	0	10.5235500565366	9.51854974029386	2.9652153634935	0	0.929897457539101	3.2728271270442	0	2.87483204413733	14.8033656850136	3.50291480452495	0	0
miR-338-1a-5p	14.2665818800463	0	40.6368854297161	10.3782537722272	8.60269041932058	34.8711546577163	50.1833492813445	34.1335616946127	17.248992264824	66.6151455825614	14.0116592180998	0.765559654587737	0
miR-31a-5p	43.5923335223638	128.913488192574	127.03602922623	70.0532129625339	238.29452461518	28.3618724549426	52.0924984387869	126.653478919484	488.721447503347	86.3529664959129	150.625336594573	118.661746461099	230.138350608318
miR-30e-5p	1145.28948981483	603.788684493789	292.878453547503	568.580045949878	394.003221204883	636.514809685515	598.927364249089	792.257931964432	615.214057445389	523.052254203815	2147.2867751738	937.810576869978	640.846791693932
miR-30e-3p	2296.91968268746	1891.60812266246	1360.42041672815	2743.19486315192	1886.570008957	2799.45629592146	1886.78483874098	1684.22179414207	1451.79018228935	1882.4946696109	1891.57399444348	1331.30823932807	1656.99612437989
miR-30c-2-5p	4994.88883378066	3992.37180269858	2236.85918896906	2845.86544511289	3676.78988521762	3343.44630858184	3061.18430616201	6261.71206771435	4326.62222642669	2898.9924466485	3646.53431151048	4554.31438514245	3427.29112905926
miR-30c-1-5p_gac-miR-30c-2-5p	49.9330365801622	69.7185191245552	18.304903346719	41.1423631684723	67.9612543126326	34.4062059289467	39.2739255245304	40.4213230594098	51.746976794472	24.6722761416894	105.087444135749	67.3692496037209	7.08118001871748
miR-30c-1-5p	1607.36822515189	1360.16884480736	845.686534618416	1134.93618037714	1185.45073978238	1679.39480831562	1200.30934884346	2457.61644201212	1339.671732568	875.865803029973	914.260763981013	1329.7771200189	1625.13081429566
miR-30bb-5p	502.500717330521	269.665970198751	277.136236669325	411.423631684723	563.476222465498	445.885830889999	471.014370700445	720.397802081037	468.597623194385	281.263948015259	802.167490236215	442.493480351712	233.678940617677
miR-30bb-3p	13.4739939978215	0	16.4744130120471	34.0999766801752	5.16161425159235	28.3618724549426	22.0915831075484	14.372025976679	34.497984529648	49.3445522833788	14.0116592180998	51.2924968573784	70.8118001871748
miR-30a-5p	26226.7330228185	16604.8465454577	13738.5621578464	17461.7826236928	19196.9036707139	16335.5086365894	13203.1301016842	25591.1887547241	17073.6275101316	25937.9639077581	29781.7816680712	13959.2147417528	15104.1569799244
miR-29b-1a/2a-3p	15.8517576444959	0	0	1.85325960218344	0	11.6237182192388	14.7277220716989	28.7440519533581	37.3728165737853	22.2050485275205	45.5378924588244	40.5746616931501	63.7306201684573
miR-29a-3p	118.095594451495	32.886093926677	31.850531823291	71.5358206442807	38.7121068869426	36.7309495727945	72.5476679828132	30.540555200443	89.1197933682573	39.475641826703	336.279821234396	57.4169740940803	138.083010364991
miR-27e-3p	501.708129448296	948.434948845364	1643.04812440149	1064.51231549417	1280.0803343949	1069.84702489874	1451.22609525018	720.397802081037	761.830491696393	636.544724455586	441.367265370144	400.387699349387	1033.85228273275
miR-27c-1-5p	292.46492854095	395.948570877191	341.569496449776	201.634644717558	325.181697850318	246.887774976631	202.64254628282	518.291186783988	664.086202195724	1421.12310576131	511.425561460643	729.578350822114	814.33570215251
miR-27c-1-3p	4326.73724906516	3066.29939772336	1835.98180567591	1939.62149964518	2175.62040704617	2267.5549502091	1761.87193672546	2914.82651839522	3053.07163087385	5013.40651199128	7047.86458670421	4166.94119992105	4652.33527229739
miR-27b-5p	45.9700971690382	90.7656192376284	107.632831678707	88.5858089843683	90.3282494028661	27.896923726173	91.093688369397	31.4388068239854	37.3728165737853	128.295835936785	49.0408072633494	71.9626075312473	28.3247200748699
miR-27b-3p	1257.04438120853	2086.29379870839	2426.49798764106	2522.65697049209	2355.41663680997	2676.24488279753	2152.70204281333	2058.79272115927	1500.66232703969	2588.12176726322	1758.46323187153	1135.32496775361	1731.34851457642
miR-27a-5p	41.2145698756894	97.3428380229638	23.4302762838003	14.4554248970308	33.5504926353503	26.0371288110948	30.2736509251589	26.0492970827308	60.371472926884	76.4840560392371	17.5145740226248	115.599507842748	187.651270496013
miR-27a-3p_gac-miR-27b-3p_gac-miR-27e-3p	18.2295212911703	15.7853250848049	28.1895511539472	19.6445517831444	41.2929140127388	13.483513134317	17.1823424169821	0	22.9986563530987	12.3361380708447	70.0582960904991	10.7178351642283	7.08118001871748
miR-27a-3p	67.3699699891077	81.5575129381589	49.7893371030756	35.582584361922	63.6599091029723	42.3103343180291	96.0029290599633	50.3020909183766	195.488579001339	86.3529664959129	140.116592180998	174.547601246004	297.409560786134
miR-26b-3p	41.2145698756894	24.9934313842745	18.6710014136533	51.8912688611362	108.393899283439	86.945412279906	87.0026544605918	72.7583815069376	48.8721447503347	86.3529664959129	119.099103353848	0	3.54059000935874
miR-26-5p	48376.3939794727	33001.8529772989	28431.5419761908	35744.5592511528	36120.9765326433	44063.6559742191	39695.8474883252	39182.6340705448	27549.5154789681	32407.034712109	52673.3299156417	22779.9930819127	18981.1030401722
miR-24-6-5p	15.8517576444959	6.57721878533539	3.66098066934379	0	11.1834975451168	10.6938207616997	10.091216975053	12.5755227295942	5.74966408827467	9.86891045667576	7.00582960904991	98.7571954418181	63.7306201684573
miR-24-4a-5p	0	0	13.1795304096376	0	0	0	0	0	0	0	0	0	0
miR-24-3p	1644.61985561645	1571.95528969516	1174.80869679242	753.535354247785	791.447518577493	828.073685938569	641.201381306744	1034.78587032089	1437.41602206867	624.208586384742	2648.20359222087	1650.54661529116	1186.09765313518
miR-24-2-5p	393.916177465724	599.842353222588	271.278667598375	144.554248970308	182.377036889596	211.086722861376	181.369169957033	369.181417275943	370.853333693716	703.159870038148	385.320628497745	347.564083182833	414.249031094973
miR-23b-2-5p	22.9850485845191	194.685676045928	110.561616214182	83.026030177818	64.5201781449044	37.6608470303336	63.0019221956009	46.7090844242069	48.8721447503347	96.2218769525886	21.0174888271497	132.441820243679	84.9741602246098
miR-23b-2-3p	1266.55543579522	1225.99358158652	1418.99610743765	1386.60883435365	1430.62741673301	1408.32969944297	1779.05427914245	1098.5617355924	940.070078432908	772.242243234878	1106.92107822989	593.308732305496	290.328380767417
miR-23a-3p_gac-miR-23b-2-3p	110.169715629247	31.5706501696099	66.2637501151226	57.8216995881232	28.3888783837579	41.8453855892595	44.1831662150968	26.0492970827308	31.6231524855107	81.418511267575	105.087444135749	42.1057810023255	46.0276701216636
miR-23a-3p	29995.4884027974	33442.5266359163	17172.9281237579	14809.7681329683	22830.6801038349	18028.3869580393	17587.9002451416	25169.0104916592	36547.7397771179	29693.0843365232	38458.5016388795	27645.1246868178	21363.9201164706
miR-23a-3-5p	30.910927406767	115.759050621903	71.7552211191383	26.6869382714415	60.2188329352441	21.8525902521689	45.8195797786189	27.8458003298156	71.8708011034333	12.3361380708447	14.0116592180998	42.1057810023255	63.7306201684573
miR-23a-2-5p	106.206776218123	245.987982571544	92.6228109343979	40.4010593275989	49.8956044320594	54.863949994807	57.0017391293532	84.4356526129894	178.239586736515	111.025242637602	87.5728701131239	150.815251953784	120.380060318197
miR-23a-1-5p	66.5773821068829	69.7185191245552	131.795304096376	73.0184283260274	85.1666351512738	81.3660275346713	62.7291866016806	15.2702776002215	8.624496132412	86.3529664959129	0	32.9190651472727	14.162360037435
miR-22b-5p	592.063148021923	953.696723873632	1412.0402441659	3427.78896019848	2757.16227939225	2063.44245827927	1840.1470521806	916.216656013289	796.328476226041	2171.16030046867	893.243275153863	518.283886155898	577.116171525475
miR-22b-3p	79.2587882224796	13.1544375706708	52.7181216385506	127.874912550657	123.018472996284	90.2000533812928	97.0938714356447	36.82831656524	17.248992264824	0	70.0582960904991	41.3402213477378	38.9464901029462
miR-22a-5p	257.591061723059	457.774427459343	802.486962720159	947.75696055661	1084.79926187633	1699.38760365271	1038.03167046085	1198.26766580561	606.589561312977	594.601855014714	343.285650843446	480.005903426511	453.195521197919
miR-22a-3p	32987.507658196	28262.3091205862	65994.3019378589	46285.8998683722	65223.0179521629	52573.1476081594	40800.9721148905	74227.0229114295	31387.4162578914	138907.381905325	29112.7249404069	54905.1728673779	75294.187139023
miR-223-3p	23702.3406179325	20327.5523779576	7694.28307275985	6891.90180859976	9246.17166268576	10497.6123981589	8634.53616792437	16529.626376428	27747.8788900135	17884.9329751106	24720.0697755326	15597.5124025706	11577.7293306031
miR-222c-5p	20.6072849378447	0	15.0100207443095	35.9532362823587	1.72053808386412	29.7567186412512	25.3644102345926	12.5755227295942	5.74966408827467	0	3.50291480452495	12.2489544734038	3.54059000935874
miR-222a-5p	81.636551869154	0	12.8134323427033	22.9804190670746	11.1834975451168	45.564975419416	15.8186644473803	3.59300649416976	8.624496132412	101.156332180926	28.0233184361996	102.584993714757	148.704780393067
miR-222-3p	2719.36902391328	1806.1042784531	1519.67307584461	977.779766111981	1733.4421194931	1605.00301171249	1736.78026208479	2550.13635923699	2296.99080326573	434.232060093733	1625.35246929958	1694.94907525725	1225.04414323812
miR-221a-5p	0	38.1478689549453	14.6439226773752	15.9380325787776	22.3669950902335	5.11443601646506	29.1827085494775	20.6597873414761	17.248992264824	0	10.5087444135749	0	0
miR-221-3p	1638.27915255865	865.561992150138	1031.29825455415	812.098357676782	1002.21343385085	1106.11302574276	808.115564785998	1538.7050311282	1167.18180991976	478.642157148774	889.740360349339	793.885361807483	715.199181890466
miR-21a-3p	2.37776364667439	0	6.58976520481882	0	5.16161425159235	0.929897457539101	0	10.7790194825093	45.9973127061973	27.1395037558583	28.0233184361996	35.2157441110359	46.0276701216636
miR-218b-5p	6.34070305779837	7.89266254240247	2.19658840160627	0	0	1.39484618630865	1.0909423756814	0	0	0	3.50291480452495	7.65559654587737	0
miR-218a-2-5p_gac-miR-218b-5p	0	0	12.8134323427033	8.8956460904805	3.44107616772823	0.929897457539101	2.7273559392035	2.69475487062732	0	0	10.5087444135749	14.545633437167	7.08118001871748
miR-218a-2-5p	154.554637033835	315.706501696099	375.616616674673	254.637869340004	484.331470607749	535.155986813753	399.284909499393	79.9443944952772	186.864082868927	96.2218769525886	56.0466368723993	36.7468634202114	152.245370402426
miR-2188-5p	46431.383316493	21452.2567902499	18720.7907507564	28426.7783859713	20396.9789842091	19482.2816329017	25107.7660407135	18444.6988378205	23148.1476193938	13406.914855394	57002.9326140346	5111.64181368232	2623.57719693483
miR-2188-3p	6140.1783235955	6031.30962615256	7265.94833444662	8906.7656480936	5744.87666202228	6809.63908155884	5782.54006229927	11151.7939062794	13304.7227002676	13197.2005081897	24762.1047531869	8918.00441629255	2726.25430720623
miR-217a-5p	26.1554001134183	9.20810629946955	15.7422168781783	35.582584361922	22.3669950902335	33.9412572001772	45.8195797786189	53.8950974125464	22.9986563530987	0	38.5320628497745	35.9813037656236	0
miR-216b-5p	0	0	6.9558632717532	3.33586728393019	1.72053808386412	27.896923726173	10.909423756814	17.0667808473064	0	0	3.50291480452495	0	0
miR-214a-3p	10981.3051082245	14861.8835673439	14621.9567933591	17612.2673033901	17745.6297969745	20129.0253146202	19424.2289990074	6375.79002390424	7046.2133401806	7853.18549589973	6767.63140234221	2713.90897551353	3972.54199050051
miR-212b-5p	15.0591697622711	0	3.66098066934379	2.59456344305681	0	0	2.1818847513628	3.59300649416976	14.3741602206867	0	0	0	35.4059000935874
miR-212a-5p	0	10.5235500565366	0	0	0	16.7381542357038	0.27273559392035	0.89825162354244	28.7483204413733	0	0	0	14.162360037435
miR-210-5p	664.981233186604	597.211465708454	624.563302190051	632.702828185425	677.03173600053	799.711813483627	501.015286031684	3011.8376937378	2064.12940769061	1564.22230738311	3040.53005032766	1129.20049051691	1048.01464277019
miR-210-3p	143.458406682688	13.1544375706708	31.1183356894222	24.0923748283847	16.3451117967091	58.1185910961938	25.3644102345926	215.580389650186	143.741602206867	120.894153094278	395.82937291132	106.412791987695	145.164190383708
miR-21-5p	42168.0530980058	27271.7799715147	27922.665663152	25041.614396623	29897.7902833067	31790.869329618	30467.5659324363	29362.9473219788	48561.6628895678	67611.9055386856	38069.6780955772	33449.597987902	68715.7709016344
miR-20b-5p	0	1.31544375706708	6.9558632717532	0.741303840873375	0	0	4.09103390880526	0	0	0	0	0	0
miR-20a-5p	210.035788789571	46.0405314973478	26.3590608192753	22.2391152262012	27.5286093418259	76.2515915182063	92.7301019329191	33.2353100710703	45.9973127061973	0	52.5437220678743	92.6327182051162	0
miR-206-1-3p	27018.5283171611	16366.7512254286	43643.2827553812	64251.027800018	66186.5192791268	63095.8672376719	49468.7820252731	9585.24307482138	9975.66719315655	70446.7500673657	12274.2134750554	14003.6172017189	1950.86509515667
miR-205-1-5p	940.009228318608	22198.113400507	9499.51264081327	2530.8113127417	4660.07740014596	1236.763618527	5323.52605773132	1397.67952623204	7146.83246172541	301.001768928611	921.266593590063	1694.18351560266	1791.53854473552
miR-204-2b-3p	34.0812789356662	96.0273942658968	87.863536064251	19.6445517831444	54.1969496417197	71.6021042305108	73.6386103584946	12.5755227295942	25.873488397236	0	21.0174888271497	3.82779827293869	0
miR-204-1/2b-5p	11310.2290793478	9267.30126853757	16365.6818861675	6158.01100613512	17467.7628964304	9033.4888512636	18748.3901972727	1618.64942562348	3682.65984853992	1236.08103469864	1576.31166203623	931.686099633276	2138.51636565268
miR-200b-5p	0	72.3494066386893	0.366098066934379	0	15.484842754777	1.39484618630865	19.6369627622652	17.9650324708488	17.248992264824	0	0	25.2634686013953	42.4870801123049
miR-200b-3p	275.820583014229	11994.2161769376	2291.40780094228	1997.81385115374	2402.73143411624	1021.02740837793	5292.97967121224	667.400956292033	2455.10656569328	375.018597353679	126.104932962898	1364.22730447535	2910.36498769289
miR-200a-3p	67.3699699891077	1243.09435042839	382.572479946426	248.707438613017	282.168245753715	121.816566937622	566.744564166488	245.222693227086	988.942223183243	160.369794920981	112.093273744799	543.547354757293	2836.01259749635
miR-19b-3p	104.621600453673	61.8258565821527	49.4232390361412	81.9140744165079	23.2272641321656	86.4804635511364	117.549040979671	35.0318133181552	22.9986563530987	0	133.110762571948	29.8568265289217	0
miR-199-5p	2531.525695826	2475.66515080024	2983.33314744826	3091.23701644197	4012.29481157112	4125.95501910099	3292.73682540039	2745.95521316924	1819.76868393893	2240.2426736654	2749.78812155209	882.690281739661	1681.7802544454
miR-199-3p	6106.88963254205	9727.70658351105	17570.1445263817	14253.0489484724	20148.3612310907	17815.9053889916	16513.0492695015	10971.2453299474	8607.24714014718	5191.04690021145	5426.01503220915	4712.01967398752	5020.55663327069
miR-196d-5p	89.562430691402	69.7185191245552	112.02600848192	214.607461932842	197.861879644373	262.231083026027	181.641905550953	14.372025976679	37.3728165737853	37.0084142125341	21.0174888271497	35.9813037656236	3.54059000935874
miR-196d-3p	75.2958488113556	32.886093926677	120.080165954476	99.3347146770322	100.651477906051	164.591849984421	99.5484917809279	25.1510454591883	89.1197933682573	49.3445522833788	28.0233184361996	0	10.6217700280762
miR-196a-5p	172.784158325006	239.410763786208	848.615319153891	630.108264742369	935.112448580147	940.591278300801	888.299829398581	69.1653750127679	91.9946254123947	125.828608322616	45.5378924588244	88.8049199321775	67.2712101778161
miR-194a-5p	37.2516304645654	0	8.42025553949072	11.4902095335373	11.1834975451168	0.929897457539101	4.09103390880526	995.262798885023	40.2476486179227	37.0084142125341	52.5437220678743	81.9148830408879	84.9741602246098
miR-194a-3p	0	0	0	0	0	0	0	35.9300649416976	0	0	0	0	0
miR-193a-2-5p	439.886274634762	459.089871216411	914.146873135145	580.070255483416	751.014873606687	667.201425784305	465.286923228118	300.016042263175	255.860051928223	604.47076547139	318.765247211771	253.400245668541	262.003660692547
miR-191-5p	11628.05682012	38175.4932738437	15178.0597570324	16651.1668736977	14676.1898553609	14544.9910820978	12003.9116952164	22298.1983028175	32842.0812722249	27966.0250066049	18898.2253704121	12555.1783352389	16272.5516830128
miR-18c-5p	35.6664547001158	34.201537683744	19.0370994805877	14.0847729765941	37.8518378450106	34.4062059289467	48.8196713117427	21.5580389650186	20.1238243089613	88.8201941100818	7.00582960904991	13.0145141279915	84.9741602246098
miR-18a/b-5p	101.451248924774	10.5235500565366	0	2.22391152262012	0	12.5536156767779	20.7279051379466	21.5580389650186	2.87483204413733	29.6067313700273	38.5320628497745	15.3111930917547	38.9464901029462
miR-18a-3p	73.710673046906	86.8192879664272	12.4473342757689	46.3314900545859	66.2407162287685	38.5907444878727	38.7284543366897	96.1129237190411	60.371472926884	0	52.5437220678743	32.9190651472727	0
miR-184-3p	65.7847942246581	1757.43285944162	1113.67031961438	461.832292864112	829.299356422504	257.116647009561	1491.5909631504	321.574081228194	839.450956888101	318.272362227793	70.0582960904991	1069.48683745907	2513.81890664471
miR-183-5p	513.596947681668	277.558632741154	279.698923137866	88.5858089843683	239.154793657112	96.244386855297	136.095061366255	174.260814967233	431.2248066206	964.685997140055	133.110762571948	181.437638137294	591.27853156291
miR-182b-5p	51.5182123446117	26.3088751413416	0.732196133868758	11.860861453974	8.60269041932058	3.7195898301564	5.45471187840701	0	25.873488397236	81.418511267575	28.0233184361996	9.95227550964058	0
miR-182a-5p_gac-miR-182b-5p	6.34070305779837	0	14.6439226773752	8.52499417004381	16.3451117967091	0	14.4549864777786	3.59300649416976	2.87483204413733	0	7.00582960904991	17.607872055518	10.6217700280762
miR-182a-5p	43.5923335223638	52.6177502826832	66.9959462489914	37.4358439641054	49.8956044320594	12.0886669480083	32.728271270442	19.7615357179337	48.8721447503347	251.657216645232	42.0349776542995	41.3402213477378	155.785960411785
miR-181b-2/3-5p_gac-miR-181c-5p	854.40973703833	945.80406133123	1339.91892497983	520.395296293109	993.610743431527	975.462432958517	657.838252535885	733.871576434173	566.341912695055	508.248888518801	388.82354330227	359.047478001649	640.846791693932
miR-181b-1-5p	548.470814499559	803.736135567985	763.31446955818	287.625890258869	617.673172107218	454.71985673662	352.919858532933	314.388068239854	229.986563530987	219.583257661036	178.648655030773	156.939729190486	332.815460879722
miR-181a-5p	10350.4051539736	9668.51161444303	9620.32500290161	5010.1020085427	9775.23712347398	6426.9862777815	4313.31341785034	6439.56588917575	4226.00310488188	5970.69082628883	5958.45808249695	4023.01598485856	6974.96231843672
miR-181a-3-3p	449.397329221459	409.103008447861	437.853288053517	298.74544787197	375.937571324309	271.995006330187	227.734220923493	308.998558498599	439.849302753012	1184.26925480109	224.186547489597	542.781795102706	984.28402260173
miR-181a-2-3p_gac-miR-181a-3-3p	23.7776364667439	1.31544375706708	16.1083149451127	8.15434224960712	19.7861879644373	4.64948728769551	17.1823424169821	57.4881039067162	17.248992264824	44.4100970550409	0	48.9958178936152	21.2435400561524
miR-181a-2-3p	879.772549269524	782.689035454912	683.87118903342	698.678870023156	842.203392051485	571.886936386547	491.196804650551	1578.22810256407	853.825117108788	2277.25108787793	479.899328219919	1293.03025659869	1639.2931743331
miR-181a-1-3p	213.998728200695	161.799582119251	168.03901272288	91.1803724274251	175.49488455414	98.5691304991447	63.820128977362	151.804524378672	261.609716016497	863.529664959129	196.163229053397	176.07872055518	637.306201684573
miR-17a-5p	206.072849378447	36.8324251978782	23.0641782168659	53.0032246224463	59.358563893312	57.6536423674243	69.274840855769	8.08426461188196	28.7483204413733	0	105.087444135749	25.2634686013953	0
miR-16c-5p	35579.2700330711	51423.3273512662	28846.3310860275	29099.8822734843	29319.6894871284	38176.0102218103	28171.4049672208	22931.4656974149	28828.8157386092	21408.1340081439	29392.9581247689	30378.9382133506	16431.8782334339
miR-16a-5p_gac-miR-16c-5p	1951.35136603745	1585.10972726583	1695.76624604004	1945.55193037217	1750.64750033174	2011.36820065708	1894.69417096467	1666.25676167123	1684.65157786448	1191.6709376436	3562.46435620188	1874.09003443078	948.878122508143
miR-16a-5p	2892.94577012051	2333.597225037	1956.06197163039	2220.57565533619	2243.58166135881	2764.12019253498	3732.65933839391	1288.9910797834	1552.40930383416	1717.19041946158	3548.45269698378	1726.33702109535	1083.42054286377
miR-15c-5p	83709.1691811718	99636.9719352888	50018.5144929765	58065.959203691	45962.454372346	62230.5976534317	47614.9981933965	54902.935734161	55260.0215524078	41516.0390636207	65879.3187287008	33918.8860561643	17823.3301071119
miR-15c-3p	38.836806229015	7.89266254240247	32.9488260240941	7.78369032917043	9.46295946125264	1.39484618630865	7.09112544192911	13.4737743531366	2.87483204413733	17.2705932991826	17.5145740226248	4.59335792752642	0
miR-15b-1-5p	1715.95276501668	239.410763786208	242.356920310559	344.706286006119	194.420803476645	225.500133453232	606.563960878859	194.022350685167	89.1197933682573	133.230291165123	518.431391069693	68.9003689128963	49.5682601310224
miR-15a-2-5p	6758.39687173084	6002.36986349708	3470.97577260485	4262.12643310147	3511.61822916666	5277.1680715344	4200.40088196732	5344.59716007752	6149.26574240976	5714.09915441526	13510.7424010528	5132.31192435619	4595.68583214765
miR-155-5p	362.212662176732	203.893782345397	115.320891084329	65.234737996857	137.643046709129	46.494872876955	72.8204035767335	176.057318214318	250.110387839948	372.55136973951	262.718610339372	159.236408154249	580.656761534834
miR-152a-5p	181.502625029478	90.7656192376284	187.808308337336	202.375948558431	213.34672239915	191.093927524285	176.459929266467	345.826875063839	57.4966408827467	268.927809944414	112.093273744799	142.394095753319	283.247200748699
miR-152a-3p	257.591061723059	113.128163107769	258.099137188737	266.498730793978	223.669950902335	245.027980061553	317.191495729367	162.583543861182	149.491266295141	170.238705377657	287.239013971046	252.634686013953	311.571920823569
miR-150-5p	1207.90393251059	18446.4678053516	789.673530377456	298.74544787197	412.068871085456	514.233294019123	565.653621790807	1875.54938995661	7437.19049818328	1204.00707571444	2105.2517975195	1730.16481936829	7527.29435989668
miR-148a-3p	256.005885958609	159.168694605117	314.844337563566	317.648695814241	252.058829286093	267.810467771261	310.100370287438	262.289474074392	160.990594471691	185.04207106267	350.291480452495	125.551783352389	290.328380767417
miR-146a-5p	3591.21569436055	2753.2237835414	3055.08836856739	2142.36810012405	2844.90972166932	1842.12686338496	2689.17295605465	4211.00361116696	4366.86987504461	2306.85781924796	2487.06951121272	10938.3163447496	5579.96985474938
miR-146a-3p	65.7847942246581	80.2420691810918	77.6127901900884	55.2271361450664	74.8434066480891	32.5464110138685	69.8203120436097	143.72025976679	146.616434251004	212.181574818529	59.5495516769242	88.0393602775898	208.894810552166
miR-145-5p	344.775728767786	278.874076498221	393.555421954458	866.213538060538	467.126089769108	715.091144847569	796.660669841343	1942.9182617223	850.950285064651	214.648802432698	1061.38318577106	1130.73160982609	131.001830346273
miR-145-3p	106.999364100347	107.8663880795	355.847321060217	378.806262686294	315.718738389065	412.874471147361	321.282529638173	1525.23125677506	342.105013252343	394.75641826703	234.695291903172	1423.94095753319	616.062661628421
miR-144-5p	4563.72102585038	1239.14801915719	2411.85406496369	2458.90484017698	1783.33772392516	2025.31666252016	2332.43479920684	1136.28830378119	1753.64754692377	3602.15231668665	4066.88408805347	1884.80786959501	566.494401497399
miR-144-3p	635.655481544286	64.4567440962869	95.9176935368073	348.412805210486	94.6295946125264	116.702130921157	459.832211349711	264.085977321477	189.738914913064	167.771477763488	2014.17601260185	303.927182871332	92.0553402433273
miR-143-5p	0	6.57721878533539	0	5.55977880655031	0	5.11443601646506	5.72744747232736	11.6772711060517	0	27.1395037558583	0	6.1244772367019	0
miR-143-3p	3224.24750489047	2366.48331896367	3886.13098050843	4056.78526917954	3301.71258293524	3624.27534075865	4927.51397535897	22550.607009033	4982.08393249	8603.22269060709	7177.47243447163	59851.4537956693	13638.3527160499
miR-142-5p	381.234771350127	148.64514454858	115.686989151264	114.902095335373	106.673361199575	83.6907711785191	156.550230910281	198.513608802879	333.480517119931	994.292728510082	1124.43565225251	698.955964638604	1720.72674454835
miR-142-3p	407.390171463545	80.2420691810918	19.7692956144565	44.4782304524025	12.0437665870488	41.38043686049	59.7290950685567	14.372025976679	57.4966408827467	9.86891045667576	329.273991625346	117.896186806512	35.4059000935874
miR-140-5p	19.0221091733951	2.63088751413416	26.7251588862097	70.7945168034073	36.9915688030785	24.6422826247862	43.9104306211764	5.38950974125464	0	0	59.5495516769242	22.2012299830444	10.6217700280762
miR-140-3p	2823.19803648472	1304.92020701054	1269.26199806149	5146.5019152634	2254.76515890392	1654.75252569083	1635.0498855525	1348.2756869372	1098.18584086046	2415.41583427139	2073.72556427877	846.708977974037	913.472222414555
miR-139-5p	253.628122311935	484.083302600685	206.47930975099	290.9617575428	215.067260483015	605.363244857955	321.828000826013	1173.11662034643	557.717416562643	207.247119590191	322.268162016296	234.261254303848	315.112510832928
miR-1388-3p	634.070305779837	331.491826780904	210.506388487268	126.39230486891	166.892194134819	62.7680783838893	92.7301019329191	168.871305225979	367.978501649579	772.242243234878	655.045068446167	238.854612231374	1533.07547405233
miR-135a-1-5p	0	1.31544375706708	0	7.41303840873375	1.72053808386412	11.6237182192388	0.27273559392035	0	8.624496132412	0	0	0	0
miR-133b-3p	183.087800793928	10.5235500565366	113.124302682723	302.451967076337	351.850038150212	134.3701826144	121.912810482397	78.1478912481923	11.4993281765493	54.2790075117167	147.122421790048	15.3111930917547	31.8653100842287
miR-133a-5p	92.7327822203011	23.6779876272074	86.0330457295791	139.735774004631	126.459549164013	265.950672856183	155.186552940679	29.6423035769005	43.12248066206	39.475641826703	101.584529331224	1.53111930917547	0
miR-133a-3p_gac-miR-133b-3p	216.376491847369	19.7316563560062	47.5927487014693	209.418335046728	191.839996350849	84.1557199072886	125.185637609441	44.912581177122	80.4952972358453	2.46722761416894	357.297310061545	22.2012299830444	0
miR-133a-3p	20027.9031959384	8147.85863127349	29393.2815980274	44814.782396159	50545.96782776	33811.0715561217	18745.3901057396	11009.8701497597	6065.89561312977	5464.9091653842	23515.067082776	4907.2373859074	230.138350608318
miR-130c-3p	0	0	0	0.741303840873375	0	3.25464110138685	10.6366881628937	0	0	0	3.50291480452495	2.29667896376321	14.162360037435
miR-130c-2-5p	30.1183395245423	10.5235500565366	38.8063950950442	36.3238882027954	51.6161425159235	35.8010521152554	27.273559392035	9.88076785896684	25.873488397236	0	7.00582960904991	11.4833948188161	31.8653100842287
miR-130b-5p	1517.80579446048	2116.54900512093	2005.11911259959	2201.67240739392	3000.61841825902	2195.48789724982	2188.70314121081	3193.28452169337	1977.88444636649	2292.05445356294	879.231615935764	1171.30627151924	2474.87241654176
miR-130b-3p	3.96293941112398	5.26177502826831	10.2507458741626	4.44782304524025	1.72053808386412	12.0886669480083	31.3645933008403	0	14.3741602206867	0	7.00582960904991	0	0
miR-1306-5p	149.799109740486	347.277151865709	133.259696364114	188.661827502274	145.385468086518	180.865055491355	202.64254628282	176.955569837861	158.115762427553	185.04207106267	259.215695534847	60.4792127124312	0
miR-129-1b/2-3p	0	7.89266254240247	0	0	0	5.11443601646506	2.1818847513628	4.4912581177122	2.87483204413733	0	0	3.82779827293869	0
miR-129-1a/2-5p	35.6664547001158	13.1544375706708	8.42025553949072	42.2543189297824	17.2053808386412	40.9154881317204	39.8193967123712	0	48.8721447503347	32.0739589841962	7.00582960904991	13.0145141279915	31.8653100842287
miR-128-2-3p	13213.2325845696	17695.3494200663	12271.6072036404	13241.1692056802	9659.10080281315	12170.4979242718	9849.30050324561	11415.8798836009	14391.4092129515	27275.2012746376	11486.0576440373	11914.404904349	10820.0430686003
miR-126b-5p	328.92397112329	256.51153262808	534.137079657259	496.673573385161	693.376847797239	840.627301615347	1281.31182023781	894.65861704827	615.214057445389	338.010183141145	567.472198333043	915.609346886934	1533.07547405233
miR-126b-3p	7540.68111148671	5466.98425437078	9045.18493974771	5859.26555826315	10618.3007845674	10657.0898121269	11671.1742706336	13922.0019132843	10073.4114826572	12007.9967981602	7527.76391492413	27345.0253022194	24150.364453836
miR-125b-2/3-5p	23558.0896233676	21266.7792205035	22845.2515728391	34539.5698578131	33171.1139878582	38560.9877692314	38745.3639435128	37955.6223527858	33486.0436501117	48661.130234254	28513.7265088331	15764.4044072707	18881.9665199102
miR-125b-2-3p	69.7477336357821	197.316563560062	136.920677033458	132.322735595897	123.018472996284	115.307284734849	118.094512167512	131.144737037196	186.864082868927	397.223645881199	56.0466368723993	250.33800705019	191.191860505372
miR-125a-5p	19449.3140419143	24842.1553522118	19294.8325197095	23619.4229779075	22315.3789477176	17198.9184259144	18340.9232199557	30609.7205754557	25683.7494823229	52926.9667791521	16071.3731231605	21973.8587656318	26126.0136790581
miR-125a-1-3p_gac-miR-125a-2-3p	2.37776364667439	77.6111816669576	36.9759047603723	31.8760651575551	44.733990180467	32.081462285099	17.4550780109024	9.88076785896684	0	0	10.5087444135749	25.2634686013953	0
miR-122-5p	126.021473273743	1164.16772500436	554.638571405584	191.627042865767	166.031925092887	349.176495305932	264.280790508819	149241.812496706	7442.94016227156	21388.3961872305	6242.19418166347	6872.42901923412	18945.6971400786
miR-122-3p	0	0	0	0	0	6.50928220277371	0	942.26595309602	45.9973127061973	0	24.5204036316747	26.0290282559831	46.0276701216636
miR-10c-5p	941.594404083058	830.045010709327	973.454759978514	1266.8882640526	1403.09880739119	1243.73784945855	1191.85454543193	2342.64023419868	1417.29219775971	3350.49510004142	837.196638281464	3152.5746575923	5512.69864457156
miR-10b-5p	11825.411202794	5198.6337279291	16936.7948705852	16797.9450341907	21061.1066845806	14496.171465577	16059.7627124059	6896.77596555885	6649.48651808965	14287.7151136523	6319.25830736302	10501.18178198	15189.131140149
miR-10545-5p	8.71846670447276	3.94633127120124	0	0	33.5504926353503	0.929897457539101	6.00018306624771	0	2.87483204413733	0	0	0	0
miR-103-3p	1053.34929547675	1177.32216257504	550.245394602372	650.12346844595	607.349943604033	906.185072371854	779.478327424361	1104.8494969572	1026.31503975703	824.054023132426	1148.95605588419	835.991142809809	701.036821853031
miR-101b-5p	659.43311801103	439.358214860404	275.671844401587	446.635564126208	313.998200305201	440.306446144764	423.831112952224	534.459716007752	482.971783415072	251.657216645232	546.454709505893	196.748831229048	81.433570215251
miR-101b-3p	30.910927406767	15.7853250848049	20.8675898152596	32.9880209188652	6.88215233545646	31.6165135563294	30.8191221129996	12.5755227295942	11.4993281765493	19.7378209133515	49.0408072633494	15.3111930917547	24.7841300655112
miR-101a-3p	3530.18642742924	1979.74285438595	3234.84251943217	4849.60972699362	2610.05627322186	4414.22323093811	6010.54701881668	2273.47485918592	3107.69343971246	7438.69125671935	7152.95203083996	4065.88732551547	6171.24838631229
miR-100-2-5p	36435.2649458739	28438.5785840332	58713.7096807349	61956.3217605945	61537.6253765259	52040.7813137183	40186.226086194	57070.4169017689	31467.9115551273	127461.913003196	25504.7226917462	36013.4572711163	38503.9163517763
miR-1-3p	25695.6991417279	13289.9282776487	59616.1414157282	59521.5092952459	82169.4578091825	52640.1002251022	53175.5314822446	10032.5723833455	5818.66005733396	108488.932650237	17546.1002558655	27584.6454741053	4252.24860123985
let-7j-5p	1176.2004172216	1770.58729701229	1392.63704661838	1132.34161693408	1483.10382829087	1379.50287825926	1321.94942373194	1433.60959117373	1811.14418780652	2573.3184015782	2056.21099025615	2488.06887741015	2450.08828647625
let-7j-3p	6.34070305779837	38.1478689549453	4.02707873627817	0	7.74242137738852	1.39484618630865	2.45462034528315	8.08426461188196	14.3741602206867	0	45.5378924588244	21.4356703284566	3.54059000935874
let-7i-5p	638.825833073186	731.386728929296	1123.55496742161	679.775622080885	861.989580015922	1025.21194693686	696.839442466495	1933.03749386333	796.328476226041	2215.57039752371	500.916817047068	1211.1153735578	1320.64007349081
let-7h-1-5p	3591.21569436055	4669.82533758813	6135.07140568633	5733.98520915555	6458.03969778396	5342.7258422909	4980.42468057952	3893.02253643293	4438.74067614804	14860.1119201395	3121.09709083173	5743.2285287172	10480.1464277019
let-7h-1-3p	426.41228063694	848.461223308266	419.182286639864	483.33010424944	684.774157377918	507.724011816349	412.92168919541	852.440790741775	413.975814355776	167.771477763488	360.80022486607	204.404427774926	357.599590945233
let-7g-5p	27480.6070524981	27754.5478303583	31020.5875055507	27218.8237772681	26380.1501708466	25777.2224717126	22064.3095481563	22891.9426259791	17662.9680791798	82469.5502312109	22572.7830003588	23122.1982475134	40897.3551981028
let-7f-5p	3404.1649541555	2473.03426328611	3368.10221579629	2749.12529387891	2830.28514795647	2853.39034845873	2873.54221754481	2145.92312864289	2394.7350927664	8270.14696269428	1744.45157265343	4856.7104487046	10097.7627066911
let-7e-5p	52069.060922758	46681.1526070394	44152.5251664869	39373.241552228	40299.3032693073	42076.0001587292	37092.0407731676	32639.7692446616	33169.8121252566	257292.364515994	31809.9693398911	92108.3098417236	151593.901840704
let-7d-5p	9711.57932090043	16736.3909211644	27816.1311256741	20946.2813277181	22913.2659318604	23827.2275032532	21642.6603199555	11694.337886899	11303.839597548	35824.144957733	6511.91862161189	20495.5630726229	24288.447464201
let-7c-2/d-3p	22.9850485845191	10.5235500565366	37.708100894241	32.2467170779918	30.109416467622	32.5464110138685	51.2742916570259	89.825162354244	20.1238243089613	12.3361380708447	24.5204036316747	57.4169740940803	49.5682601310224
let-7c-2-5p	6344.66599720949	9928.96947834231	13023.2065350567	11099.542409397	14775.1207951831	14007.0454029115	12363.9226791912	5643.71495071715	7365.31969707985	28382.9864733995	5786.81525707523	11039.3702191552	18184.4702880665
let-7b-5p	13061.0557111824	32449.3665993307	47053.120150808	39815.0586413885	41243.0184083067	34227.6656170992	32268.7117946862	52617.783603869	33224.4339340952	119046.199611265	15594.9767097451	49008.8324077432	102142.48117999
let-7b-1-3p	1068.40846523903	2223.09994944336	1228.62511263178	2317.31580657017	2046.58005075637	1326.9636719083	1257.03835237889	2883.38771157123	891.197933682573	713.028780494823	893.243275153863	594.074291960084	616.062661628421
let-7a-5p_gac-let-7c-2-5p	651.507239188782	470.928865030014	935.746659084273	1002.98409670168	972.104017383226	679.290092732313	560.47164550632	1117.4250196868	1540.90997565761	4576.70722428338	1726.9369986308	1962.89495436296	2963.47383783327
let-7a-5p	213210.103257881	248558.359672853	273523.947042883	225507.964260965	226335.924663283	224214.550218184	189178.953688942	148309.427311469	158167.509404348	561064.830055316	110418.880468236	252547.41221333	379360.057142752
let-7a-5-3p	684.003342359999	460.405314973478	89.6940263989229	180.13683333223	182.377036889596	230.614569469697	229.370634487015	273.966745180444	428.349974576463	152.968112078474	364.303139670595	134.738499207442	42.4870801123049
let-7a-4-3p	0	0	0	7.04238648829706	6.02188329352441	9.76392330416056	0	6.28776136479708	0	0	3.50291480452495	0	0
let-7a-3/7-3p	69.7477336357821	49.986862768549	130.697009895573	117.867310698867	160.010041799363	139.484618630865	129.276671518246	203.004866920591	89.1197933682573	78.9512836534061	126.104932962898	155.408609881311	46.0276701216636
REV_let-7f-3p	10.3036424689223	10.5235500565366	0	0	5.16161425159235	3.7195898301564	0.818206781761051	2.69475487062732	5.74966408827467	0	0	6.1244772367019	0
REV_miR-137-1-3p	0	0	0	7.41303840873375	0	3.25464110138685	4.36376950272561	0	0	0	0	0	0
REV_miR-181b-2/3-5p	15.0591697622711	0	23.0641782168659	7.04238648829706	28.3888783837579	5.57938474523461	33.8192136461234	10.7790194825093	8.624496132412	0	0	0.765559654587737	24.7841300655112
REV_miR-190a-5p	3.96293941112398	0	6.9558632717532	0.370651920436687	7.74242137738852	8.36907711785191	4.90924069056631	9.88076785896684	0	0	0	0	7.08118001871748
REV_miR-19a-1-3p	4.75552729334878	24.9934313842745	15.0100207443095	15.9380325787776	17.2053808386412	25.1072313535557	17.7278136048228	0	28.7483204413733	0	21.0174888271497	6.89003689128963	0
REV_miR-2184-5p	15.0591697622711	1.31544375706708	41.0029834966505	39.6597554867256	31.8299545514861	32.5464110138685	55.9107967536718	30.540555200443	34.497984529648	46.8773246692098	28.0233184361996	29.091266874334	3.54059000935874
REV_miR-29b-1a-5p	2.37776364667439	22.3625438701403	8.05415747255634	2.22391152262012	1.72053808386412	12.5536156767779	1.6364135635221	0	37.3728165737853	0	0	0	0
REV_miR-9-7-3p	0	0	0	0	1.72053808386412	6.50928220277371	4.36376950272561	0	0	0	0	9.18671585505285	35.4059000935874
