Gene	D15_M_MP	D21_M_MP	D22_M_MP	D24_M_MP	D46_M_MP	D48_M_MP	D50_M_MP	D52_M_MP	D57_M_MP	D60_M_MP	D25_M_I	D45_M_I	D53_M_I	D56_M_I
a103_gac-miR-ENSGACG00000022167-5p	52.0139205715477	30.8888872087442	86.0092822719823	97.7213902564575	3176.122924678	2427.96319688391	2242.64344073949	162.162374580619	184.005740132164	286.243671792457	0	529.335552682755	63.3774654753874	103.275795887058
a109_gac-miR-ENSGACG00000022167-3p	21.7896153745673	0	13.1543608180679	60.6546560212495	183.492509644887	229.253895482664	74.5182155941919	46.4981719227581	0	95.4145572641522	0	18.2198831539354	28.095165107646	15.3815015150937
a10_gac-miR-99a-5p	24284.8777803645	12401.2167167628	6950.56188148525	16281.2822042224	42522.9703536848	9957.55105526813	16134.967919371	20203.4557004384	13619.4167330344	14139.9719496827	22034.1583069928	16278.986127432	16162.5604480893	40603.8679638085
a57_gac-miR-99a-3p	22.4925061931017	5.37198038412942	0	24.1495389714234	0	13.542424205727	0	0	0	4.65436864703181	0	1.91788243725636	0	14.2828228354442
a244_gac-miR-96-5p	0	0	6.07124345449287	3.93132029767358	0	0	85.1636749647908	54.0541248602063	0	9.30873729406363	0	0	0	12.0854654761451
a165_gac-miR-92a-3p	696605.568835093	853825.248243722	1094224.25529889	749693.2332742	481454.07850247	581608.426995387	805435.455979509	362999.022430843	939503.38948229	537421.330198176	1450386.70878284	1094292.89481389	557880.466535064	389982.040074346
a44_gac-miR-92a-2-5p	274.830310046961	79.236710665909	89.0449039992287	108.392116778714	104.042144644008	98.6662334988682	280.330430092436	312.700206180548	414.885571246506	172.211639940177	554.947835147217	129.457064514804	315.580575511465	277.416366611512
a181_gac-miR-9-5p	68.1804093978395	68.4927498976501	55.6530649995179	86.4890465488187	41.6168578576033	0	92.2606478785233	36.617310389172	38.3968617619964	81.4514513230568	0	111.237181360869	116.954291959736	19.7762162336919
a46_gac-miR-9-1/3/5/6-3p	0	22.83091663255	17.2018564543965	13.4788124491665	13.2417275001465	11.6077921763374	0	9.29963438455162	0	9.30873729406363	0	29.7271777774735	0	37.3550751080848
a167_gac-miR-8159-5p	104.027841143095	29.5458921127118	26.3087216361358	222.96202259663	22.7001042859654	74.4833331314986	0	19.1804959181377	90.2575581678097	55.8524237643818	0	21.0967068098199	22.8681576457583	51.6378979435289
a125_gac-miR-737-5p	5192.25447651382	1404.77287044984	1625.06949798592	1447.84910391464	3183.68962610665	3600.350206694	723.891237200721	1390.29534049047	2790.50439506665	1535.9416535205	5416.91469998501	1788.42537274155	474.350927166302	1148.66855957361
a127_gac-miR-734-3p	0	0	0	2.8080859269097	0	4.83658007347393	0	0	0	4.65436864703181	0	0	26.7884132421741	0
a177_gac-miR-730-5p	139.172382069817	108.782602778621	104.223012635461	134.788124491665	58.6419360720774	88.0257573372256	106.454593705988	29.6425846007583	348.065058569785	121.013584822827	0	52.7417670245498	691.271736834638	91.7396697507376
a168_gac-miR-727b-5p	4.21734491120657	2.68599019206471	0	0	3.78335071432757	0	14.1939458274651	0	0	2.32718432351591	0	6.71258853039725	0	21.973573592991
a124_gac-miR-727b-3p	27.4127419228427	12.0869558642912	8.09499127265715	37.62835142059	85.1253910723704	16.4443722498114	0	52.3104434131029	0	4.65436864703181	0	12.4662358421663	58.8038339462357	86.7956156923146
a232_gac-miR-725-3p	110.353858509905	511.681131588327	664.801158266969	1229.94163598645	66.2086375007325	167.345670542198	1256.16420573066	7145.60657022985	195.973593148891	3237.11339401063	70.1807566696714	1223.60899496956	33.3221725695336	315.870120399246
a223_gac-miR-724-5p	115.274094239646	445.874371882742	459.390754723293	86.4890465488187	43.5085332147671	142.195454160134	106.454593705988	735.833570677647	121.673172336716	660.920347878518	0	64.249061648088	523.354122121498	117.009279382677
a248_gac-miR-722-3p	66.0717369422362	73.8647302817795	13.1543608180679	507.140318399891	185.384185002051	31.921428484928	99.3576207922559	924.732394113852	34.4075774230877	76.7970826760249	562.745696999402	17.2609419353072	51.6166986861403	134.038798917245
a217_gac-miR-7147-5p	0	63.1207695135207	30.3562172724643	7.86264059534715	0	54.169696822908	0	10.4620886826206	0	20.9446589116432	0	0	126.101555018039	10.9867867964955
a156_gac-miR-7133-3p	255.852257946532	541.227023701039	749.798566629869	593.067747763328	249.70114714562	661.644154051234	567.757833098605	409.765140069306	528.081514363041	374.676676086061	691.410417560467	422.893077415027	461.283408511583	51.6378979435289
a99_gac-miR-7132b-5p	182.751612818951	363.951671024768	459.390754723293	235.317600675033	497.510618934076	1107.57683682553	1171.00053076587	525.429342727167	296.204362163972	232.718432351591	1677.83994186196	623.311792108316	145.702833000117	266.429579815016
a98_gac-miR-7132a-5p_gac-miR-7132b-5p	42.1734491120657	162.502406619915	216.541016543579	126.925483896318	109.7171707155	491.396535464952	273.233457178704	181.924097647791	122.171832879079	139.631059410954	54.5850329653	240.694245875673	30.7086688385898	186.775375540424
a100_gac-miR-7132a-5p	65.3688461237018	111.468592970686	99.1636430900501	84.2425778072909	155.117379287431	186.691990836094	205.812214498244	283.05762157979	141.120933488896	79.1242669995409	583.539995271898	85.3457684579079	0	74.7101502161695
a202_gac-miR-7-5p	326.844230618509	367.980656312865	423.975167905418	497.592826248398	121.067222858482	155.737878365861	2040.37971269811	192.386186330412	910.554150355914	358.38638582145	87.0761240160738	361.520839422823	245.669350708718	282.90976000976
a105_gac-miR-551a-3p	4556.13828574016	488.850214955777	719.442349357405	990.692715013741	3934.68474290068	2864.22271951126	2072.31609080991	1519.90899472516	19169.5085695411	5273.39967708705	2604.48585863003	3511.64274261639	19706.4715072491	770.723093774161
a224_gac-miR-499a-5p	599.565868209867	1246.29944911803	314.692785724547	1635.99086101759	5451.80837934603	528.154544023353	2906.21040817348	1810.52256924239	824.784537069377	4067.91819750581	163.7550988959	309.738013616902	1259.70879831492	1228.87210318802
a182_gac-miR-489-3p	48.4994664788755	55.0627989373266	26.3087216361358	56.7233357235759	102.150469286844	79.3199132049725	74.5182155941919	73.234620778344	1.49598162709077	65.1611610584454	0	38.3576487451272	30.7086688385898	120.854654761451
a75_gac-miR-460-5p	40.0647766564624	94.0096567222649	35.415586817875	283.616678617879	69.9919882150601	66.7448050139403	17.7424322843314	44.7544904756547	44.879448812723	72.1427140289931	266.426946616345	69.0437677412289	98.0063899103929	110.41720730478
a47_gac-miR-458-3p	132.143473884472	233.68114670963	118.389247362611	285.301530174025	90.8004171438618	209.907575188769	188.069782213913	209.823000801446	227.389207317797	279.262118821909	170.253317106055	137.12859426383	760.529585704649	142.828228354442
a60_gac-miR-456-3p	605.188994758143	607.033783406625	659.741788721558	445.92404519326	183.492509644887	390.795669936694	603.242697667268	428.945635987444	463.255643855774	511.9805511735	727.800439537333	406.591076698348	683.431225641806	702.605015635888
a164_gac-miR-455-5p	810.433113770196	279.34297997473	453.319511268801	540.275732337426	217.542666073835	334.691341084396	70.9697291373256	399.303051386685	388.456562501236	532.925210085143	0	502.485198561166	624.627391695571	580.651682194788
a102_gac-miR-455-3p	891.265557901655	377.381621985092	567.661262995083	662.146661565307	2099.7596464518	762.245019579492	940.348911069565	1182.79724828516	884.125141610644	1051.88731422919	497.763514897855	983.873690312511	2231.27881029328	2416.54375588919
a155_gac-miR-454b-3p	392.213076742211	756.106239066216	696.169249448515	133.664890120902	189.167535716379	634.55930563978	422.269888367088	85.440390908068	186.000382301619	97.7417415876681	0	187.952478851123	203.853291013617	139.532192315493
a1_gac-miR-451-5p	323667.867009552	231749.919761535	264634.371568344	154268.378183823	354982.33914857	312228.328591154	169195.382749841	187050.521102275	138913.363267852	194287.310433049	163482.173731074	291051.126089494	56584.3159027317	277027.983698256
a134_gac-miR-429a-3p	16.1664888262918	112.811588066718	225.647881725318	238.687303787324	28.3751303574568	44.4965366759602	156.133404102116	2152.28413287467	50.8633753210861	160.575718322598	331.409128717893	99.7298867373306	35.2823003677414	48.3418619045803
a17_gac-miR-425-5p	21733.3841090845	45489.9298928079	42677.8058633576	15377.0785357575	30648.9241367677	37951.6765205353	21482.5370098685	114518.603947114	21261.3895447564	17882.0843418962	36896.8829972587	30211.4430928808	12263.2128815211	17054.2398048602
a247_gac-miR-375a-3p	2394.04612792826	6740.49238698639	10241.1758338204	9458.75663620263	877.737365723997	3246.3125453157	213814.051458478	58527.8302263247	3584.37197850948	8031.1131004534	7567.82492754624	8299.63624722689	3081.32089878275	2691.7627651414
a116_gac-miR-365-2b-5p	177.128486270676	81.9227008579737	69.8192997266679	42.6829060890274	228.892718216818	122.849133866238	85.1636749647908	201.685820714963	93.7481819643548	65.1611610584454	287.22124488884	62.3311792108316	139.822449605494	176.337928083753
a136_gac-miR-365-2b-3p	3751.32829851824	612.405763790754	400.702067996529	1944.31869579227	6079.84459792441	1439.36622986584	1387.45820463472	1204.30265279944	2372.12820002359	1822.18532531296	619.930017248764	1897.74467166517	1364.24894755267	6694.79853444454
a205_gac-miR-34a-5p	0	6.71497548016178	0	9.54749215149297	0	20.3136363085905	0	44.7544904756547	30.9169536265425	6.98155297054772	0	16.302000716679	18.2945261166067	28.0163063310636
a174_gac-miR-338-3p	432.277853398673	175.932357580239	64.7599301812572	235.879217860415	518.319047862877	323.083548908059	184.521295757047	124.382609893378	302.188288672335	388.639782027157	145.560087907467	304.943307523761	863.762983076929	419.145916286304
a4_gac-miR-338-1a-5p	20.3838337374984	1.34299509603236	6.07124345449287	11.2323437076388	56.7502607149136	14.5097402204218	0	34.8736289420686	34.9062379654513	20.9446589116432	0	21.0967068098199	1.30675186547191	60.4273273807254
a43_gac-miR-31a-5p	448.444342224965	333.062783816024	1382.21975980621	1267.00837022166	353.743291789628	558.141340478892	603.242697667268	1627.43601729653	659.229237004665	1007.67081208239	1146.2856922713	906.199451603629	411.62683762365	1123.94828928149
a214_gac-miR-30e-5p	3532.0263631355	4259.98044461463	3642.74607269572	4941.1079969903	5317.4994289874	5568.83829659789	4027.53212854323	5672.77697457649	3070.75161987498	6683.67337713769	2963.18750383057	3572.05603938997	7150.54620786226	2556.62528754451
a95_gac-miR-30e-3p	6583.27540639345	5130.2412668436	5731.25382104126	6275.51042945779	6806.2479350753	7129.11902830058	11908.7205492432	11399.6080740132	9472.05700219638	9788.13726470791	4082.18067961922	7182.46972752506	44719.0089642468	4758.92670090203
a212_gac-miR-30c-2-5p	14214.5610232217	30710.2688609719	24255.6294746081	23635.6592467989	14546.9834965895	23114.0161711319	41325.6732766647	26174.9834296186	28581.2276461115	20923.7142527315	21706.648109201	23209.2543144578	21450.3318717213	20811.1715499218
a211_gac-miR-30c-1-5p_gac-miR-30c-2-5p	544.740384364182	377.381621985092	230.707251270729	338.093545599928	283.751303574568	412.076622259979	610.339670581	365.010649593651	520.102945685224	353.732017174418	304.116612235243	418.098371321886	469.123919704414	318.067477758545
a213_gac-miR-30c-1-5p	8787.54101331742	4004.81137636848	3378.64698242528	6960.68339562376	8480.38062616526	8517.2175093876	7263.75177720528	18845.7090802939	17778.2456563467	11063.4342739946	3917.12593708129	10167.6537411146	40108.7883828619	4009.07850204121
a210_gac-miR-30bb-5p	1104.24147591759	1120.05791009098	599.029354176629	1060.3332460011	807.745377508937	721.617746962311	1493.9127983407	1787.85471043005	1046.18981787881	1198.49992661069	720.002577685148	894.692156980091	1079.37704087979	661.953904488855
a89_gac-miR-30bb-3p	88.5642431353379	102.067627298459	66.7836779994215	93.228452773402	227.001042859654	123.816449880933	81.6151885079245	81.3718008648267	54.3539991176312	83.7786356465727	385.994161683193	75.7563562716261	75.7916081973705	42.8484685063325
a208_gac-miR-30a-5p	28095.9517984582	33424.4619500533	37516.2370531296	34727.0370409068	48502.5561576795	35630.1180852678	40509.5213915855	56605.7120444677	33990.1985491293	34211.9367400074	27037.7863288119	43504.2862655046	27680.2713903586	36327.8105426124
a110_gac-miR-301c-5p	0	5.37198038412942	13.1543608180679	1.12323437076388	77.5586896437153	0	0	0	0	0	0	8.63047096765361	35.9356763004774	0
a111_gac-miR-301b-5p	6.32601736680985	12.0869558642912	38.4512085451215	0	0	12.5751081910322	0	39.5234461343444	0	0	0	40.2755311823835	0	8.78942943719641
a143_gac-miR-29b-2b-3p	0	0	0	0	0	0	0	33.1299474949652	0	4.65436864703181	0	0	0	0
a145_gac-miR-29b-1a/2a-3p	33.0358684711181	95.3526518182972	19.2256042725607	108.953733964096	113.500521429827	79.3199132049725	237.748592610041	106.945795422344	130.64906209926	30.2533962057068	287.22124488884	63.2901204294598	56.1903302152919	58.779309361251
a107_gac-miR-29b-1a-5p	28.1156327413771	12.0869558642912	30.3562172724643	11.7939608930207	0	29.9867964555384	31.9363781117965	49.4043076679305	0	16.2902902646114	0	23.0145892470763	54.88357834982	22.5229129328158
a146_gac-miR-29a-3p	1065.58248089819	410.956499385901	417.903924450926	325.737967521525	650.736322864343	576.520344758093	379.688050884692	649.811952620545	1007.79295611681	339.768911233322	376.896656188976	320.286367021812	699.112248027469	648.220420993236
a33_gac-miR-29a-3b-5p	77.3179900387871	73.8647302817795	57.6768128176822	81.9961090657632	54.8585853577498	55.1370128376028	177.424322843314	72.0721664802751	221.903941351797	34.9077648527386	0	54.6596494618062	0	14.8321621752689
a228_gac-miR-27e-3p	2805.2372567709	1806.32840416352	1254.72364726186	2106.62606236766	3872.25945611427	1465.4837622626	2051.02517206871	5779.1415428498	1678.99004613821	3069.55612271748	1650.54742537931	2652.43141072554	3178.02053682767	2924.13330588728
a59_gac-miR-27c-1-5p	345.822282718939	748.048268490022	890.449039992287	396.501732879649	580.744334649282	810.610820314231	809.054912165512	721.302891951785	420.370837212506	535.252394408659	603.034649902362	637.695910387739	710.873014816716	1044.84342434672
a231_gac-miR-27c-1-3p	5091.03819864486	16575.2454752313	11773.1529321707	5535.86059630978	7124.04939507882	8017.11512979039	6231.14221825719	5865.74438805593	2648.38614049302	10495.6012990567	4507.16415056334	6212.98015549197	7091.08899798329	9182.75640451095
a36_gac-miR-27b-5p	234.765533390499	299.487906415215	315.704659633629	331.354139375344	300.776381789042	272.78311614393	308.718321747366	667.829994240613	431.341369144505	365.367938791997	75.3793312377952	183.157772757982	413.586965421858	327.955585875391
a230_gac-miR-27b-3p	7478.75830920632	7399.90297913828	7641.67176138835	9124.59441090037	6624.64710078758	4834.64544144454	9712.20743244301	14682.3790117599	5678.24759589419	11761.5895710494	6780.24088047548	8263.19648091902	8723.87545389044	10998.3229226318
a42_gac-miR-27a-5p	143.389726981023	79.236710665909	110.294256089954	120.186077671735	11.3500521429827	118.979869807459	70.9697291373256	237.140676806066	138.128970234714	207.119404792916	0	194.66506738152	169.877742511348	845.43324399033
a227_gac-miR-27a-3p_gac-miR-27b-3p_gac-miR-27e-3p	118.085657513784	60.434779321456	92.0805257264751	78.6264059534715	22.7001042859654	101.568181542953	10.6454593705988	133.68224427793	117.683887997807	132.649506440407	57.1843202493619	25.8914129029608	25.4816613767021	51.0885586037042
a229_gac-miR-27a-3p	405.568002294365	400.212538617642	476.59261117769	599.807153987911	923.137574295928	611.343721287105	599.694211210402	1042.72150536785	532.07079870195	1594.1212616084	171.552960748086	509.197787091563	752.689074511817	720.183874510281
a74_gac-miR-26b-3p	618.543920310297	463.333308131163	382.48833763305	228.578194450449	393.468474290068	641.330517742643	535.821454986808	213.310363695653	422.864139924324	318.824252321679	244.333004701819	518.787199277845	50.3099468206684	350.478498808207
a73_gac-miR-26a-1b-3p	151.824416803436	329.033798527927	287.372190179329	215.099382001283	107.825495358336	152.835930321776	237.748592610041	116.245429806895	108.209337692899	237.372800998623	375.597012546945	343.300956268888	82.32536752473	207.650270453765
a226_gac-miR-26-5p	242323.7183622	227080.325812631	237943.161594575	130512.532859353	225132.067606777	205875.802039521	172314.502345427	169069.678019745	126377.037232832	142907.734938465	120119.563614711	179930.935557298	147340.846463486	171297.739640861
a197_gac-miR-24-6-5p	42.1734491120657	67.1497548016178	66.7836779994215	131.418421379374	98.3671185725169	58.0389608816872	53.2272968529942	210.985455099515	122.670493421443	363.040754468482	118.267571424817	150.553771324624	226.06807272664	93.9370271100367
a206_gac-miR-24-3p	3080.06756681786	4129.70992029949	3863.33458487563	2548.05717007786	4547.58755862174	3195.04479653688	2792.65884155376	6142.40851099635	1690.95789915493	3793.31044733093	2478.42042535303	3385.06250175747	2250.22671234262	5789.48730241331
a198_gac-miR-24-3-5p	0	21.4879215365177	8.09499127265715	20.7798358591318	0	12.5751081910322	21.2909187411977	37.779764687241	0	6.98155297054772	0	0	0	0
a199_gac-miR-24-2-5p	540.523039452975	531.826058028813	540.340667449865	329.107670633817	563.719256434808	366.612769569324	500.336590418146	438.245270371995	276.756601011792	451.473758762086	267.726590258376	630.983321857342	373.731033524965	562.523483980571
a119_gac-miR-23b-2-5p	131.440583065938	77.8937155698766	74.8786692720787	89.2971324757284	141.875651787284	158.639826409945	326.460754031698	292.357255964342	182.509758505074	269.953381527845	535.453180516752	174.527301790329	207.120170677297	274.669669912388
a50_gac-miR-23b-2-3p	5643.51038201292	3196.32832855701	3867.38208051196	4849.00277858767	5491.53356184647	3543.278561827	4219.15039721401	9255.461121225	5631.87216545438	4254.09294338708	2947.5917801262	4464.8303139328	4620.02122037592	5914.73667189336
a49_gac-miR-23a-3p_gac-miR-23b-2-3p	45.6879032047378	67.1497548016178	57.6768128176822	57.8465700943398	45.4002085719309	68.6794370433298	31.9363781117965	0	62.8312283378123	51.19805511735	227.437637355417	66.1669440853443	58.1504580134998	59.3286487010758
a51_gac-miR-23a-3p	84143.0598867564	93413.3668996265	99979.2134607703	48379.3892003564	67790.0780993215	73603.0755581263	48805.8827277388	75075.9483864852	60153.4212253198	69275.6229424215	40145.9921023361	79981.4512809019	54012.628231483	91862.1724235185
a114_gac-miR-23a-3-5p	461.096376958585	116.840573354815	151.781086362322	224.646874152776	121.067222858482	468.180951112277	120.648539533454	571.927514649925	193.978950979436	302.533962057068	739.497232315612	303.025425086505	383.531672516004	689.420871480094
a112_gac-miR-23a-2-5p	127.223238154731	264.570033918374	404.749563632858	119.624460486353	393.468474290068	504.938959670679	127.745512447186	334.205610694824	262.794105825612	239.699985322138	398.990598103502	531.253435120011	92.1260065157693	482.319940366153
a118_gac-miR-23a-1-5p	112.462530965509	17.4589362484206	19.2256042725607	46.614226386701	85.1253910723704	17.4116882645062	49.6788103961279	73.234620778344	40.3915039314507	51.19805511735	25.992872840619	189.870361288379	80.3652397265222	67.5687387984474
a79_gac-miR-22b-5p	4773.3315486673	1661.28493379202	2267.60943025309	1428.19250242627	2230.2852460961	1488.69934661528	1795.53414717434	1639.64178742626	2347.69383344778	1496.37952002073	3019.0721804379	2005.14608815152	1203.51846809962	2625.2927050226
a14_gac-miR-22b-3p	182.048722000417	177.275352676271	136.602977726089	111.200202705624	85.1253910723704	133.489610027881	138.390971817785	112.176839763654	6.48258705072666	69.8155297054772	139.061869697312	53.700708243178	205.160042879089	141.180210334967
a45_gac-miR-22a-5p	4144.24426607899	983.072410295684	1020.98077426388	2965.90035600202	1689.26609394726	1283.62835149998	1117.77323391288	2199.36353194646	1736.33600851002	2213.15229166363	4889.25938132044	1944.73279137795	1744.51374040499	4182.12039408602
a13_gac-miR-22a-3p	80178.0527794037	52830.7410877208	63547.7052381768	152885.115056228	96089.5414424917	47392.6808239564	51843.3871348164	149413.157066548	76975.7346219555	122542.544923377	75901.7879818917	89323.4566327776	111613.597085552	127581.864316945
a219_gac-miR-223-5p	643.847989777536	3068.74379443393	2140.11331770873	580.150552499544	582.636010006446	2413.45345666349	585.500265382936	476.606262208271	630.80558608994	816.841697554083	1099.49852115819	1021.27239783901	395.292439305251	532.309820290208
a173_gac-miR-223-3p	27889.301897809	64399.3008449435	64781.179533348	18865.2828741647	20305.2432837961	57974.1507087026	22660.6345135481	23338.5949423304	14130.543788957	18575.585270304	54644.8165728334	31161.7538405413	10661.7884703853	26577.5866000625
a201_gac-miR-222c-5p	52.0139205715477	76.5507204738443	75.8905431811608	101.091093368749	7.56670142865515	22.2482683379801	31.9363781117965	33.7111746439996	42.3861461009051	118.686400499311	0	105.4835340491	197.319531686258	57.6806306816015
a200_gac-miR-222a-5p	69.5861910349084	154.444436043721	145.709842907829	200.497335181352	87.0170664295342	685.827054418604	422.269888367088	131.357335681792	116.68656691308	228.064063704559	0	307.820131179645	868.989990538817	283.459099349584
a39_gac-miR-222-3p	4942.7282359341	3585.79690640639	3954.40323669302	6943.8348800623	6172.53669042544	7704.67205704397	7888.28539361374	9871.56189920155	6033.79256259943	6699.9636674023	5789.91242524789	6426.82404724605	12646.0911781044	9771.64817680311
a25_gac-miR-221a-5p	7.02890818534428	51.0338136492295	17.2018564543965	10.6707265222569	0	0	0	48.2418533698615	0	27.9262118821909	119.567215066848	25.8914129029608	15.0276464529269	9.88810811684597
a40_gac-miR-221-3p	3245.94979999199	2845.80660849256	2910.14936252025	5104.53859793645	2201.91011573865	3693.2125441047	4112.69580350802	3926.18939172789	2625.94641608666	3644.37065062591	6480.02319916633	2771.34012183544	6420.72529099621	4951.74480918053
a77_gac-miR-21a-3p	0	29.5458921127118	11.1306129999036	25.8343905275692	0	36.7580085584019	67.4212426804593	84.2779366099991	0	86.1058199700886	0	14.3841182794227	143.74270520191	10.4374474566707
a237_gac-miR-218a-2-5p_gac-miR-218b-5p	4.21734491120657	14.7729460563559	6.07124345449287	24.7111561568053	0	28.0521644261488	24.839405198064	34.2924017930341	49.3673936939953	25.599027558675	0	28.7682365588454	0	15.3815015150937
a239_gac-miR-218a-2-5p	577.073362016765	561.371950141525	263.087216361357	858.712676448986	249.70114714562	433.357574583264	801.95793925178	1260.10045910674	407.904323653416	626.012583025779	0	935.926629381103	1104.20532632376	541.648589067229
a15_gac-miR-2188-5p	35668.1945865296	26901.5347686241	46942.8543901388	15211.4014660698	16557.8344012546	20619.3081692341	23498.0773173685	12350.4956898336	8710.60235400718	19041.0221350072	39899.0598103502	27583.9441538396	9999.91865052375	32134.1540223901
a108_gac-miR-2188-3p	95841.9746704434	73375.8800668238	114281.039291737	57800.5174851385	83237.4990659209	47019.2968422842	51211.7565454942	74900.9990146259	43560.9903387137	80204.0805256522	35462.0764164566	66549.561631577	26645.3239129049	80973.1680295118
a5_gac-miR-2184-5p	208.758573104725	131.613519411171	91.068651817393	284.739912988643	491.835592862585	159.60714242464	166.778863472715	129.613654234688	94.2468425067184	283.916487468941	0	139.046476701086	273.111139883628	339.491712011712
a142_gac-miR-217a-5p	56.9341563012887	13.4299509603236	0	60.0930388358675	20.8084289288017	15.4770562351166	24.839405198064	21.5054045142756	0	18.6174745881273	0	15.3430594980509	33.9755485022695	41.2004504868582
a135_gac-miR-216b-5p	16.8693796448263	0	1.01187390908214	1.68485155614582	58.6419360720774	0	14.1939458274651	5.23104434131029	0	0	0	0	37.8958040986852	13.1841441557946
a58_gac-miR-214a-3p	10298.7562731664	1484.00958111575	1323.53107307944	4048.6982894184	9467.83516260475	3408.82163578443	6351.79075779064	4874.17087180312	4946.21391970444	3723.49491762545	3909.3280752291	4211.66983221496	16130.5450273852	16819.671906755
a27_gac-miR-212b-5p	2.81156327413771	0	1.01187390908214	2.24646874152776	0	0	262.587997808105	12.205770129724	0	0	0	9.58941218628179	0	0
a26_gac-miR-212a-5p	20.3838337374984	22.83091663255	25.2968477270536	73.5718512850341	134.308950358629	91.8950213960047	14.1939458274651	13.368224427793	41.8874855585415	25.599027558675	2.5992872840619	76.7152974902543	15.6810223856629	96.6837238091606
a38_gac-miR-210-5p	2365.22760436835	2955.93220636721	2685.51335470401	2095.9553358454	4479.48724576385	1874.6584364785	2047.47668561184	3360.65537571734	2584.55759107048	2362.09208836865	2224.98991515699	2297.62315983312	3072.17363572445	2746.69669912388
a94_gac-miR-210-3p	335.278920440922	1011.27530731236	579.803749904069	607.108177397877	28.3751303574568	709.042638771279	1156.80658493841	158.675011686412	196.472253691254	518.962104144047	103.971491362476	365.356604297336	701.725751758413	291.149850107131
a52_gac-miR-21-5p	142218.007986526	243630.054381038	215394.563404589	160041.241232364	160852.938970351	268019.084771558	194410.927512333	235131.955779003	172880.12477149	232397.280914946	136814.78584024	190389.148487657	242376.336007729	275332.722495556
a126_gac-miR-20a-5p	355.662754178421	453.932342458936	362.250859451408	421.774506221837	170.250782144741	1058.2437200761	518.079022702477	74.397075076413	239.855720876886	418.893178232863	362.600576126636	269.462482434518	163.343983183988	119.755976081801
a203_gac-miR-206-1-3p	19851.7453878679	363.951671024768	1113.06129999036	9264.43709006047	87923.1789256156	5814.53656433036	34147.0851744242	864.284770614266	1536.87179156458	5983.1908957594	4630.63029655628	707.698619347596	944.128222803451	97512.1275336163
a240_gac-miR-205-1a-3p	7.73179900387871	49.6908185531972	30.3562172724643	166.238686873054	0	58.0389608816872	134.842485360919	844.523047547094	42.8848066432687	141.95824373447	159.856167969807	88.2225921137925	24.8282854439662	36.2563964284352
a178_gac-miR-205-1-5p	3585.44606534412	4042.41523905739	6218.97704521886	30066.7376366075	2080.84289288017	3361.42315106438	11177.7323391288	115196.896030037	12467.5108801745	24260.8965726533	14150.519974433	19105.9448399478	2102.5637515443	4478.7636375914
a101_gac-miR-204-2b-3p	6.32601736680985	0	1.01187390908214	0	0	0	0	0	59.3406045412671	0	0	11.5072946235381	0	15.9308408549185
a233_gac-miR-204-1/2b-5p	9032.84990898594	1144.23182181957	1349.83979471558	10890.3188417412	17104.528579475	5197.38894695509	3250.41359448951	3128.74574325259	10613.989644209	1922.25425122414	7726.38145187401	7189.18231605546	1157.78215280811	9139.90793600462
a234_gac-miR-202-5p	227.736625205155	65.8067597055854	11.1306129999036	7.86264059534715	0	80.2872292196673	0	13.368224427793	75.7964024392656	53.5252394408659	0	227.269068814878	0	4.39471471859821
a67_gac-miR-200b-5p	3.51445409267214	20.1449264404853	26.3087216361358	14.0404296345485	0	12.5751081910322	39.0333510255291	480.093625102477	50.8633753210861	20.9446589116432	0	42.1934136196399	0	26.3682883115892
a133_gac-miR-200b-3p	1388.2093666055	4583.64226275843	9283.94311582867	13185.6482783972	834.22883250923	2180.33029712205	13391.9878882133	84311.066557494	6393.32681364358	10954.0566107894	10614.1896244668	10733.4290601052	1898.05708459794	2120.44985172363
a128_gac-miR-200a-3p	98.4047145948199	770.879185122572	1383.23163371529	2005.53496899891	49.1835592862585	128.653029954407	1029.06107249122	15670.4651651185	714.580557207024	2406.30859051545	674.515050214064	1667.5987791944	113.03403636332	303.235315583276
a220_gac-miR-19b-3p	1023.40903178613	604.34779321456	489.746971995758	530.166623000551	77.5586896437153	417.880518348148	386.785023798425	139.494515768274	239.855720876886	584.123265202493	953.938433250719	282.887659495313	227.374824592111	124.150690800399
a157_gac-miR-19b-2-5p	88.5642431353379	118.183568450847	92.0805257264751	131.980038564756	232.676068931146	44.4965366759602	166.778863472715	48.823080518896	121.673172336716	104.723294558216	241.733717417757	86.3047096765361	81.0186156592581	25.2696096319397
a106_gac-miR-19a-1-5p	8.43468982241314	8.05797057619413	0	0	0	11.6077921763374	0	6.97472578841372	0	0	0	0	31.3620447713257	0
a222_gac-miR-19a-1-3p	219.301935382742	186.676318348497	116.365499544447	175.786179024547	52.966910000586	79.3199132049725	85.1636749647908	87.1840723551715	53.8553385752676	160.575718322598	202.744408156829	84.3868272392797	58.1504580134998	64.2727027594988
a72_gac-miR-199-5p	7865.34825940025	4286.84034653528	4541.29010396066	11866.409509935	14806.143020521	4401.28786686128	10734.1715320205	6670.16276231965	5286.79907013877	12462.0720524277	5489.69474393874	7379.05267734384	23047.8360272607	24807.0659078072
a20_gac-miR-199-3p	47336.8850650196	15057.6610167148	19872.1917004642	34570.9074633707	38567.4771818553	21100.0642285374	19726.0362137197	17107.2586775317	31078.020981726	29134.0205460956	17672.5542443369	23511.3207983257	46873.1894144772	51759.85127697
a153_gac-miR-196d-5p	91.3758064094757	5.37198038412942	20.2374781816429	16.2868983760762	187.275860359215	13.542424205727	49.6788103961279	13.368224427793	0	34.9077648527386	0	25.8914129029608	0	164.801801947433
a69_gac-miR-196d-3p	289.591017236184	30.8888872087442	40.4749563632858	67.9556794312147	327.259836789335	65.7774889992455	188.069782213913	41.2671275814478	82.7776500323558	32.5805805292227	270.325877542438	101.647769174587	0	457.050330734214
a154_gac-miR-196a-5p	760.527865654251	138.328494891333	165.947321089472	334.162225302254	750.995116794023	245.698267732476	195.166755127645	86.602845206137	388.456562501236	221.082510734011	113.068996856693	427.687783508168	30.0552929058538	722.38123186958
a216_gac-miR-194b-5p	2.81156327413771	0	5.05936954541072	5.6161718538194	0	0	0	0	0	0	0	0	50.3099468206684	0
a215_gac-miR-194a-5p	179.237158726279	290.086940742989	64.7599301812572	3214.13515194084	983.671185725169	314.377704775806	642.276048692797	419.064774453857	1522.9092963784	423.547546879895	2237.9863515773	142.882241575599	799.732141668806	534.507177649507
a207_gac-miR-193a-2-5p	894.780011994327	163.845401715947	97.1398952718858	343.148100268365	563.719256434808	304.704544628858	251.942538437506	133.68224427793	262.295445283248	335.114542586291	344.405565138202	407.550017916976	733.741172462475	1055.83021114322
a131_gac-miR-18c-5p	26.7098511043083	102.067627298459	117.377373453529	94.9133043295478	77.5586896437153	172.182250615672	177.424322843314	144.14433296055	63.3298888801758	48.8708707938341	111.769353214662	36.4397663078708	87.5523749866177	13.1841441557946
a130_gac-miR-18a/b-5p	60.4486103939608	221.594190845339	209.457899180004	125.802249525554	0	259.240691938203	173.875836386448	41.2671275814478	0	160.575718322598	0	116.990828672638	47.0430671569886	14.2828228354442
a32_gac-miR-18a-3p	120.194329969387	166.531391908012	169.9948167258	128.048718267082	58.6419360720774	116.077921763374	227.103133239442	88.9277538022749	186.499042843982	200.137851822368	453.575631068802	134.251770607945	50.3099468206684	101.078438527759
a76_gac-miR-184-5p	0	1.34299509603236	3.03562172724643	0	0	0	0	20.3429502162067	33.4102563383605	11.6359216175795	0	8.63047096765361	0	0
a204_gac-miR-184-3p	307.86617851808	1584.73421331818	2657.18088524971	3890.88386032608	391.576798932904	888.963417504509	2036.83122624125	4707.93990717926	3594.34518935675	5680.65693370233	1620.6556216126	5096.77257700877	463.896912242526	1121.75093192219
a159_gac-miR-183-5p	163.773560718522	209.507234981047	385.523959360297	619.463755476279	56.7502607149136	131.554977998491	1241.9702599032	3551.87910774968	160.568694641076	307.1883307041	0	439.195078131706	141.129201470966	169.196516666031
a243_gac-miR-182b-5p	56.2312654827543	8.05797057619413	28.3324694543	20.7798358591318	0	17.4116882645062	0	0	0	2.32718432351591	0	20.1377655911918	0	11.5361261363203
a241_gac-miR-182a-5p_gac-miR-182b-5p	0	21.4879215365177	10.1187390908214	19.6566014883679	0	12.5751081910322	42.5818374823954	98.808615335861	0.498660542363589	2.32718432351591	0	11.5072946235381	0	0
a242_gac-miR-182a-5p	30.9271960155148	40.2898528809707	72.8549214539144	187.018522732186	62.425286786405	32.8887444996227	415.172915453355	1225.22683016468	211.930730504525	141.95824373447	0	126.58024085892	0	45.5951652054564
a87_gac-miR-181b-3-3p	4.21734491120657	0	5.05936954541072	12.9171952637846	0	25.1502163820644	0	0	0	0	0	0	0	0
a8_gac-miR-181b-2/3-5p_gac-miR-181c-5p	1129.54554538483	1583.39121822215	1334.66168607935	1935.33282082616	1210.67222858482	1223.6547585889	990.027721465692	6589.95341575289	1670.01415637566	1573.17660269675	649.821821015476	1364.5733541079	3275.37355080533	1498.04837970216
a7_gac-miR-181b-1-5p	562.312654827542	915.922655494066	783.19040562958	572.287911904196	452.110410362145	717.748482903532	684.857886175192	789.306468388819	642.773439106667	798.224222965956	176.75153531621	765.235092465287	1265.58918170954	987.712133004947
a6_gac-miR-181a-5p	9694.97306004537	20807.0230228293	15128.5268146871	13801.7423307612	17113.9869562608	13643.99238727	17263.3866126545	33229.9185645991	9381.79944402857	12764.6060144848	9330.14170614021	17005.8635711521	29043.8669619786	19524.6188160522
a23_gac-miR-181a-3-3p	370.423461367644	331.719788719992	479.628232904936	329.669287819199	204.300938573689	367.580085584019	376.139564427826	296.425846007583	329.115957959969	377.003860409577	471.770642057236	515.91037562196	486.765069888285	517.477658114939
a21_gac-miR-181a-2-3p_gac-miR-181a-3-3p	99.8104962318888	37.603862688906	48.5699476359429	38.7515857913538	49.1835592862585	59.006276896382	35.4848645686628	57.5414877544132	90.2575581678097	74.469898352509	0	58.4954143363189	29.4019169731179	32.9603603894866
a22_gac-miR-181a-2-3p	1085.96631463569	607.033783406625	608.136219358369	1607.34838456311	1579.54892323176	826.087876549348	766.473074683117	3232.78540292976	1333.41829028024	1922.25425122414	345.705208780233	1818.15255051903	5718.99953923779	1125.59630730097
a24_gac-miR-181a-1-3p	89.2671339538724	245.768102573921	168.982942816718	179.717499322221	62.425286786405	212.809523232853	212.909187411977	763.732473831302	169.045923861257	165.230086969629	167.654029821993	186.034596413867	200.586411349937	104.374474566707
a2_gac-miR-17a-5p	208.758573104725	210.85023007708	111.306129999036	148.828554126214	75.6670142865515	343.397185216649	227.103133239442	98.808615335861	0	158.248533999082	0	133.292829389317	273.111139883628	67.5687387984474
a31_gac-miR-17a-1-3p	13.3549255521541	4.02898528809707	20.2374781816429	0	0	0	0	0	95.2441635914456	0	0	0	0	0
a150_gac-miR-16c-5p	231281.303603024	339658.232732639	348730.200278252	167786.503835967	140479.595373697	261754.746260395	270242.083095565	104553.464476918	228560.560931809	148197.424905817	203906.289572804	200015.000440247	119200.598416482	173976.867601186
a149_gac-miR-16a-5p_gac-miR-16c-5p	12750.4394482145	15698.2696775222	16600.8033524017	8304.07170305736	11056.8424626223	15833.0285285243	10634.8139112282	8708.52637398356	8221.91502249086	8107.91018312942	6650.27651627238	9324.74440994041	4613.48746104856	9221.75949763851
a151_gac-miR-16a-5p	6946.66995957575	14934.1054678798	15605.1194258648	8584.88029574833	10016.4210161823	10014.6227001351	13878.130532804	5031.68342919146	9082.10445806805	8107.91018312942	11020.9780844225	8623.75837912321	6427.9124262563	7961.57505208048
a152_gac-miR-15c-5p	71292.80994231	100503.038011581	146724.752438638	96187.6137231794	65380.0836942948	65814.2470078039	122099.870494312	52391.8152139677	79242.146786998	86305.9578219109	123301.091250403	69370.7666967811	70561.3338558192	75277.0684148687
a147_gac-miR-15b-1-5p	249.526240579722	441.845386594645	452.307637359718	386.954240728156	365.093343932611	306.639176658247	762.924588226251	206.916865056274	77.2923840663563	463.109680379666	289.820532172902	264.667776341377	280.298275143724	554.283393883199
a148_gac-miR-15a-2-5p	49584.7299026927	78393.3097456007	66490.2345657877	34154.1875118173	16934.2777973302	39948.2167748653	43366.0529893628	14716.0901864039	18344.2253719294	32559.6358703111	40078.4106329505	35482.7429716799	19814.2785361505	24706.5368086193
a225_gac-miR-155-5p	380.96682364566	538.541033508975	568.673136904165	747.512473743362	249.70114714562	1353.27510455801	1760.04928260568	1126.41821482882	810.323381340833	535.252394408659	500.362802181917	708.657560566224	1193.06445317585	441.119489879295
a16_gac-miR-152a-5p	671.963622518913	576.14489619788	621.290580176436	813.221684433048	518.319047862877	666.480734124708	716.794264286989	541.122475751097	621.331035785032	560.851421967334	393.792023535379	782.496034400594	557.983046556503	814.670240960143
a169_gac-miR-152a-3p	1378.36889514601	1117.37191989892	1223.35555608031	1808.96895411523	372.660045361266	961.512118606618	546.466914357407	385.934826958892	286.729811859064	1950.18046310633	770.688679724355	852.498743360451	681.471097843598	313.123423700122
a29_gac-miR-150-5p	6574.84071657104	1240.9274687339	2189.69513925376	8492.77507734569	1901.13373394961	2352.51254773772	3129.76505495606	168127.50881116	6722.44277160355	2317.87558622184	20066.4978329579	3253.68755480541	1839.90662658444	3001.04081346275
a78_gac-miR-150-3p	1.40578163706886	0	1.01187390908214	2.24646874152776	0	0	0	362.685740997513	33.9089168807241	6.98155297054772	0	15.3430594980509	33.3221725695336	24.1709309522901
a170_gac-miR-148a-3p	574.964689561162	764.16420964241	719.442349357405	1990.37130499359	633.711244649868	393.697617980778	819.700371536111	818.949052989577	1714.39494464602	1561.54068107917	1204.76965616269	501.526257342538	1001.62530488422	536.704535008806
a183_gac-miR-146a-5p	26248.7547273497	36819.5535528231	27653.5020613059	37162.2091567229	27357.4090153027	38907.3847430537	44430.5989264227	61450.24033167	46318.5831379844	78670.4660564552	12306.3256463911	48669.143669036	93894.0417897528	27299.9678319321
a53_gac-miR-146a-3p	1032.54661242707	600.318807926463	341.001507360683	598.122302431766	448.327059647817	273.750432158625	770.021561139983	1623.94865440233	833.760426831921	1282.27856225726	900.65304392745	560.021671678856	2456.69350708718	531.211141610558
a121_gac-miR-145-5p	10007.7594742932	3075.45876991409	2781.64137606681	5223.60144123742	5546.39214720422	3205.68527269852	3236.21964866205	5811.69026319573	3518.05012637512	3190.56970754031	1607.65918519229	2635.17046879024	4708.88034722801	3409.74928229238
a113_gac-miR-145-3p	3361.92678505017	2966.67616713547	2564.08848561415	3776.31395450816	3319.89025182245	2242.23852206252	997.124694379425	3177.56882377148	3039.33600570608	2131.70084034057	1315.23936573532	2658.18505803731	2392.00928974632	1637.58057201766
a48_gac-miR-144-5p	7721.25564160069	14437.1972823478	17572.2023051205	15972.3927522624	18385.1927962748	20287.5187761938	20804.776096607	5525.72650587077	14771.8212464366	21070.326865113	6836.12555708281	12911.1845676098	6918.597751741	9967.76232112056
a80_gac-miR-144-3p	1170.31321285982	1263.75838536645	868.18781399248	1299.58216697381	1554.95714358863	1365.85021274904	1791.98566071747	578.902240438338	179.517795250892	2934.57943195356	1584.26559963573	708.657560566224	1089.83105580357	850.377298048753
a120_gac-miR-143-5p	96.9989329577511	67.1497548016178	33.3918389997108	28.080859269097	0	31.921428484928	17.7424322843314	20.3429502162067	0	60.5067924114136	0	6.71258853039725	0	23.6215916124654
a55_gac-miR-143-3p	49196.7341708617	48192.036026025	42574.5947246312	88844.4690243105	85242.6749445146	58299.1688896401	52581.4723178446	81109.6674206121	63702.3883053214	67297.516267433	11217.2242743691	40038.6727013824	148238.584995066	45176.0192891701
a66_gac-miR-142-5p	654.391352055553	1395.37190477762	836.819722810933	1171.53344870673	875.845690366833	1561.24804771739	1618.10982433102	885.790175128542	589.416761073763	1247.37079740453	583.539995271898	651.121087448533	1437.4270520191	438.922132519996
a218_gac-miR-142-3p	358.474317452558	441.845386594645	420.939546178172	635.189036666974	285.642978931732	607.474457228326	447.109293565151	238.303131104135	33.4102563383605	537.579578732175	738.197588673581	197.541891037405	309.046816184106	137.334834956194
a65_gac-miR-140-5p	243.903114031447	294.115926031086	323.799650906286	311.697537886976	285.642978931732	338.560605143175	592.597238296669	320.837386267031	206.94412508089	260.644644233782	0	227.269068814878	268.537508354477	298.840600864678
a139_gac-miR-140-3p	7750.0741651606	11878.7916244062	11101.2686565402	7394.813479924	5472.61680827483	17207.5845854056	18537.2932506695	3226.97313143941	5080.35360560025	8522.14899271525	2417.33717417757	15410.1853833548	10585.3434862552	10367.681360513
a180_gac-miR-139-5p	1413.51343607273	1048.87917000127	1084.72883053606	1120.42628483697	949.621029296221	1133.69436922229	730.988210114454	1421.10037938929	302.188288672335	754.007720819154	1746.7210548896	1692.53125087874	875.523749866176	765.779039715738
a54_gac-miR-1388-3p	172.911141359469	702.386435224922	1512.75149407781	1403.48134626947	221.326016788163	726.454327035785	1962.31301064705	1141.53012070371	842.237656052102	474.745601997245	1239.86003449753	703.862854473083	1586.39676468289	317.51813841872
a160_gac-miR-135c-5p	0	37.603862688906	0	52.2303982405204	20.8084289288017	38.6926405877915	184.521295757047	44.7544904756547	23.9357060334523	79.1242669995409	175.451891674179	2.87682365588454	113.03403636332	12.6348048159698
a162_gac-miR-135b-5p	12.6520347336197	1.34299509603236	4.04749563632858	14.6020468199304	17.0250782144741	29.9867964555384	3.54848645686628	0	0	16.2902902646114	0	19.1788243725636	0	9.88810811684597
a163_gac-miR-135a-2-5p	0	0	1.01187390908214	0	0	0	99.3576207922559	0	0	0	0	6.71258853039725	9.14726305830334	28.0163063310636
a161_gac-miR-135a-1-5p	62.5572828495641	6.71497548016178	1.01187390908214	17.9717499322221	0	6.77121210286351	10.6454593705988	9.8808615335861	50.3647147787225	0	0	3.83576487451272	0	4.94405405842298
a246_gac-miR-133b-3p	51.3110297530133	8.05797057619413	4.04749563632858	17.4101327468401	64.3169621435687	0	60.3242697667268	11.0433158316551	0	0	61.0832511754548	0	0	238.962612823778
a41_gac-miR-133a-5p	150.418635166368	1.34299509603236	0	44.3677576451732	102.150469286844	16.4443722498114	53.2272968529942	0	13.4638346438169	32.5805805292227	0	0	33.3221725695336	109.867867964955
a245_gac-miR-133a-3p_gac-miR-133b-3p	80.8324441314592	0	0	23.0263046006595	121.067222858482	33.8560605143175	46.1303239392617	0	0	16.2902902646114	2.5992872840619	0	0	336.195675972763
a236_gac-miR-133a-3p	11567.4742006211	573.458906005816	391.59520281479	4080.71046898517	19162.6713680692	1656.04501715747	12941.3301081913	605.05746214489	559.497128531947	3476.81337933277	1923.47259020581	263.708835122749	599.799106251604	54897.6775860492
a64_gac-miR-130c-3p	37.2532133823247	60.434779321456	48.5699476359429	12.9171952637846	47.2918839290947	31.921428484928	24.839405198064	47.0793990717926	32.4129352536333	48.8708707938341	92.2746985841976	54.6596494618062	46.3896912242526	37.9044144479095
a104_gac-miR-130c-2-5p	137.766600432748	155.787431139753	137.614851635172	64.585976318923	121.067222858482	261.175323967592	74.5182155941919	65.6786678408958	129.15308047217	74.469898352509	71.4804003117024	45.0702372755244	62.0707136099155	186.226036200599
a30_gac-miR-130b-5p	6619.82572895724	7926.35705678296	7555.66247911637	2637.35430255359	5340.19953327337	8108.0428351717	5255.30844261896	3168.85041653596	7591.60809694328	3788.6560786839	3794.95943473038	4890.60021500371	4965.65708879324	6211.37991539874
a62_gac-miR-130b-3p	85.0497890426658	256.51206334218	93.0923996355573	43.2445232744093	35.9418317861119	249.567531791255	99.3576207922559	24.9927674084825	28.4236509147246	30.2533962057068	175.451891674179	76.7152974902543	122.834675354359	97.7824024888101
a70_gac-miR-1306-5p	516.624751622805	145.043470371494	220.588512179907	90.4203668464923	374.55172071843	157.67251039525	63.8727562235931	142.400651513447	435.829314025777	86.1058199700886	1673.94101093587	167.814713259931	116.954291959736	173.591231384629
a96_gac-miR-129-1a/2-5p	19.680942918964	2.68599019206471	6.07124345449287	9.54749215149297	0	0	195.166755127645	19.7617230671722	0	18.6174745881273	0	57.5364731176907	0	53.835255302828
a117_gac-miR-128-2-5p	0	0	0	4.49293748305552	0	0	0	33.7111746439996	0	0	0	0	0	3.29603603894866
a166_gac-miR-128-2-3p	39084.2439646069	26294.5009852175	38059.6133423067	22685.4029691327	16512.4341926827	18202.9527645265	22781.2830530815	20104.0658579535	26507.7971109637	22920.4384023082	46832.6586405854	27643.3985093945	15805.1638128827	23784.7453963933
a68_gac-miR-126b-5p	6281.73524524218	2907.58438291005	3000.20614042856	3493.25889307566	3117.48098860592	2633.03419199921	1469.07339314264	2094.74264512025	2057.47339779217	5145.40453929367	3090.5525807496	4511.81843364558	2350.19323005122	3146.06639917649
a179_gac-miR-126b-3p	105471.578884365	93426.7968505868	94790.3240549971	109627.112969369	157707.082851388	154950.483129899	86756.9453839237	113896.109670498	121542.024614074	190985.03587798	66606.7366540863	195734.286840291	113269.251699105	149795.499201439
a175_gac-miR-125b-2/3-5p	159470.463127454	28243.1868695604	29376.7233284728	61156.1801677955	193925.099239646	69796.6870403023	64394.3837327524	69599.0449611334	103105.048381265	60232.1846612387	71917.0805754248	95705.2104427481	79204.1906940504	140349.059913813
a28_gac-miR-125b-2-3p	191.889193459899	34.9178724968412	24.2849738179715	62.9011247627772	315.909784646352	48.3658007347393	24.839405198064	148.794150152826	315.153462773788	83.7786356465727	591.337857124083	76.7152974902543	61.4173376771795	309.278048321349
a176_gac-miR-125a-5p	68729.3671271149	47214.3355961135	47919.3127124031	53795.6253361798	163690.452006097	86672.4822326676	59944.5817158421	79481.0689490175	114405.693592309	70150.6442480635	65663.1953699718	119363.249247524	108342.143790343	107912.219915179
a61_gac-miR-125a-1-3p_gac-miR-125a-2-3p	19.680942918964	22.83091663255	33.3918389997108	25.8343905275692	58.6419360720774	38.6926405877915	85.1636749647908	41.2671275814478	52.3593569481769	4.65436864703181	23.3935855565571	56.5775318990625	124.794803152567	107.670510605656
a123_gac-miR-122-5p	27929.3666744655	7491.22664566848	1087.7644522633	161566.593507862	14210.2652830144	8979.5945644117	10130.9288343532	18342.36636923	44215.7316308371	12147.902168753	784219.269681539	3188.47955193869	31158.8448562448	9347.00886711856
a11_gac-miR-122-3p	94.1873696836134	136.9854997953	18.2137303634786	1367.53784640502	196.734237145034	74.4833331314986	53.2272968529942	131.357335681792	363.523535383057	83.7786356465727	1787.01000779256	58.4954143363189	341.715612820903	138.433513635844
a141_gac-miR-10c-5p	13953.0856387269	2751.7969517703	2459.86547297869	4545.16788129604	4522.99577897861	4711.79630757831	5379.50546860928	4315.61158158099	10248.4714666565	14326.1466955639	2483.61899992115	10740.1416486356	30896.187731285	1569.46249387938
a140_gac-miR-10b-5p	68936.7199185826	17738.2792283953	30511.0339805539	54822.261551058	67307.7008832447	51308.3760514409	21596.0885764882	19117.142158893	51820.3049018818	25166.171274501	11451.1601299347	47369.7783177948	40929.4285543783	38566.9176917382
a132_gac-miR-10545-5p	18.9780521004296	8.05797057619413	3.03562172724643	29.7657108252428	0	23.2155843526749	0	9.29963438455162	49.8660542363589	0	0	7.67152974902543	34.6289244350055	0.549339339824776
a90_gac-miR-10545-3p	7.02890818534428	8.05797057619413	4.04749563632858	20.2182186737498	0	0	0	92.4151166964817	90.2575581678097	6.98155297054772	0	24.9324716843327	43.1228115605729	58.779309361251
a37_gac-miR-103-3p	3853.24746720574	3411.20754392218	2713.84582415831	1957.79750824144	1106.63008394082	2362.18570788467	2707.49516658897	1829.1218380115	930.001911508094	1961.81638472391	2087.22768910171	1849.79761073376	2796.44899210988	1169.54345448695
a172_gac-miR-101b-5p	2475.58146287826	1032.76322884888	813.546622902044	1249.59823747482	919.3542235816	927.6560580923	1621.65831078789	786.981559792681	512.124377007406	560.851421967334	3405.0663421211	1018.39557418313	660.563067996048	935.524895721593
a19_gac-miR-101b-3p	195.403647552571	63.1207695135207	81.9617866356537	162.868983760762	58.6419360720774	101.568181542953	35.4848645686628	49.4043076679305	0	146.612612381502	0	103.565651611843	18.2945261166067	25.8189489717645
a138_gac-miR-101a-3p	23207.3461555512	13037.7963922821	14550.7468126012	11982.6642673091	5601.25073256197	11346.6168523698	7341.81847925634	3939.55761615568	4935.24338777244	20232.5405086473	5928.9742949452	9776.40572391428	6258.03468374495	4708.38748163815
a9_gac-miR-100-2-5p	110326.445767982	37540.7419193924	43298.084569625	69573.1369251147	97029.7040950021	54486.0091597132	57535.1594116299	53770.4860114775	100754.861245106	72463.8654656383	25769.3341341897	97483.0874620848	164114.966784617	99586.9822201345
a18_gac-miR-1-3p	35883.2791770011	2018.52162933663	2562.06473779599	22918.4741010662	157695.732799245	11333.0744281641	30428.2713676284	3175.82514232438	4339.84270019032	25633.9353235277	4707.30927143611	1423.06876844422	2552.73976919937	121041.430136991
a194_gac-let-7j-5p	7092.16835901238	13816.7335479809	14400.9894740571	9072.92562984523	9564.3106058201	9190.46945561517	8282.1673903259	8580.65640119597	10201.0987151319	9117.90817953532	7180.53112222101	8927.74274542834	7379.88116025258	8181.31078801039
a92_gac-let-7j-3p	150.418635166368	373.352636696995	366.298355087736	241.495389714234	185.384185002051	284.390908320267	532.272968529942	151.700285897998	128.155759387442	153.59416535205	308.015543161336	187.952478851123	131.328562479926	275.219009252213
a192_gac-let-7i-5p	1175.9363394081	2283.091663255	1677.6869412582	1442.7945492462	2203.80179109581	968.283330709481	1799.0826336312	2292.94110294101	1507.94948010749	2748.40468607229	810.977632627314	1541.01853833548	4215.58151801237	2227.57102298947
a184_gac-let-7h-1-5p	18845.2057357266	19218.259824223	25923.1976767755	14773.3400614719	15685.7720616021	18105.2538470423	20041.8515083808	23270.5913658933	31108.9379353525	15892.3417452901	40385.1265324698	12084.5772371523	32289.185219878	18460.5485148116
a82_gac-let-7h-1-3p	2382.79987483171	793.710101755122	1102.94256089954	835.686371848326	943.94600322473	855.107356990191	851.636749647908	1199.65283560716	1531.88518614095	723.754324613447	3130.84153365256	1176.62087525678	400.519446767139	911.903304109128
a191_gac-let-7g-5p	93197.6994111169	101886.322960495	152377.080094771	65331.8039411103	83398.2914712799	85177.9789899641	76445.0437402703	72667.3430808864	89327.5562563016	70425.2519982384	98067.2102967296	75995.1326350645	50010.7006434753	99265.0693669972
a84_gac-let-7g-1-3p	0	6.71497548016178	9.1068651817393	10.1091093368749	32.1584810717844	0	0	0	0	2.32718432351591	0	9.58941218628179	0	0
a186_gac-let-7f-5p	11042.4147591759	17981.3613407772	23626.243903159	13457.470996122	14454.2914040885	20803.0982120261	14403.3065284202	13990.7187044089	22707.5051176108	14458.7962020043	15999.9128770431	13710.9415439457	18372.931228535	13129.759561152
a185_gac-let-7e-5p	114701.941113359	260739.81190449	277742.186186594	110221.865568689	101085.456060761	223494.495931172	145353.102246157	106849.311715604	168597.12937313	131055.385178798	96833.8484804422	124303.714405896	199046.404276479	105254.516189107
a83_gac-let-7e-1-3p	378.858151190057	214.879215365177	165.947321089472	144.335616643158	174.034132859068	263.109955996982	184.521295757047	85.440390908068	178.021813623801	214.100957763463	313.21411772946	221.515421503109	181.638509300595	45.5951652054564
a193_gac-let-7d-5p	41623.7884919718	22002.2886582981	23851.8917848843	25993.8898082177	38798.2615754293	36682.5579092557	31627.6597900492	29619.9167419459	65327.024352342	32115.1436645195	44751.9291696938	24026.272232729	108304.901362177	48746.7249980311
a91_gac-let-7c-2/d-3p	95.5931513206822	34.9178724968412	54.6411910904358	43.8061404597913	187.275860359215	36.7580085584019	0	80.2093465667577	87.2655949136281	51.19805511735	300.21768130915	240.694245875673	67.9510970045391	207.650270453765
a189_gac-let-7c-2-5p	28545.0990315017	8493.10098730862	8223.49925911059	13829.2615728449	41007.7383925966	15305.8413005156	20066.6909135788	26093.6116287538	36825.5823930087	15706.1669994089	44330.8446296758	10528.2156393188	40868.6645926338	47772.7463485218
a190_gac-let-7b-5p	121493.975092857	41878.6160795769	46332.6944229623	78892.0508821572	150902.72659167	66354.0093440036	82637.152607502	177970.590580059	249363.681438133	91856.2924334964	377381.423267454	46467.4146310657	243012.070790281	203979.035645716
a81_gac-let-7b-1-3p	5192.95736733235	962.927483855199	1226.39117780756	2555.91981067321	5306.14937684442	2173.55908501919	2093.60700955111	4900.32609350967	3599.83045532275	1943.19891013578	15503.4490057872	3278.62002648974	2580.18155837428	3680.02423748617
a187_gac-let-7a-5p_gac-let-7c-2-5p	2186.69333646061	1735.1496640738	2349.57121688874	1331.0327293552	1929.50886430706	1833.06384784662	1344.87636715232	1450.74296399005	1745.31189827256	1359.07564493329	1774.01357137225	1848.83866951513	1762.8082665216	1989.15774950551
a188_gac-let-7a-5p	652277.75936422	680813.904997354	905101.986069705	551981.519332342	622493.609781887	742919.980237919	657076.785704386	607026.659725819	945432.961991535	557032.512492444	1229360.21351356	512270.234756048	809779.103386487	699043.099356465
a85_gac-let-7a-5-3p	617.841029491762	909.207680013905	995.68392653683	424.582592148746	332.934862860826	897.669261636762	500.336590418146	434.757907477788	486.692689346863	330.460173939259	586.13928255596	558.1037892416	126.754930950775	357.619910225929
a158_gac-let-7a-3/7-3p	961.554639755098	279.34297997473	162.911699362225	530.166623000551	414.276903218869	453.671210891855	553.56388727114	419.646001602892	511.127055922679	456.128127409118	349.604139706326	375.904957702246	265.924004623533	294.995225485905
a267_REV_gac-let-7b-5p_gac-let-7c-2-5p	16.8693796448263	0	0	3.93132029767358	0	0	0	14.5306787258619	0.498660542363589	0	1.29964364203095	0	0	0.549339339824776
a257_REV_gac-let-7f-3p	21.0867245560328	16.1159411523883	3.03562172724643	10.6707265222569	24.5917796431292	0	0	9.8808615335861	0	4.65436864703181	115.668284140755	7.67152974902543	0	0
a252_REV_gac-miR-10c-3p	2.81156327413771	0	0	0	0	0	0	0	20.4450822369072	6.98155297054772	0	3.83576487451272	33.9755485022695	10.4374474566707
a260_REV_gac-miR-132-3p	34.441650108187	9.40096567222649	6.07124345449287	51.6687810551384	68.1003128578963	28.0521644261488	127.745512447186	0	0	32.5805805292227	0	8.63047096765361	38.5491800314212	43.3978078461573
a250_REV_gac-miR-181b-2/3-5p	78.723771675856	5.37198038412942	13.1543608180679	20.7798358591318	28.3751303574568	30.9541124702332	42.5818374823954	49.985534816965	0	60.5067924114136	0	7.67152974902543	125.448179085303	41.749789826683
a268_REV_gac-miR-190a-5p	20.3838337374984	20.1449264404853	11.1306129999036	8.42425778072909	24.5917796431292	9.67316014694786	7.09697291373256	0	0	9.30873729406363	0	13.4251770607945	0	0
a261_REV_gac-miR-191-5p	33257.981969775	70861.7932470512	68885.3401085851	21619.4535512778	20029.0586816502	46475.6652420257	27986.9126853044	80911.4689627914	27739.9873111441	25587.3916370574	56893.200073547	34036.6596139886	15117.1589557117	22149.362181735
a251_REV_gac-miR-193a-2-3p	12.6520347336197	9.40096567222649	0	5.6161718538194	0	11.6077921763374	0	1.16245429806895	0	9.30873729406363	0	0	23.5215335784943	0
a269_REV_gac-miR-27b-3p_gac-miR-27c-1-3p	77.3179900387871	87.2946812421031	69.8192997266679	36.5051170498261	32.1584810717844	41.5945886318758	24.839405198064	83.6967094609646	65.8231915919938	60.5067924114136	0	28.7682365588454	0	96.6837238091606
a264_REV_gac-miR-459-5p	0	0	0	0	0	0	0	18.0180416200688	0	0	0	0	69.9112248027469	0
a255_REV_gac-miR-460-3p	16.1664888262918	2.68599019206471	0	3.93132029767358	0	0	0	0	0	0	243.033361059788	17.2609419353072	0	0
a256_REV_gac-miR-730-3p	10.5433622780164	1.34299509603236	5.05936954541072	1.68485155614582	0	1.93463202938957	24.839405198064	13.368224427793	27.924990372361	0	0	10.54835340491	32.0154207040617	4.39471471859821
a254_REV_gac-miR-7bb-3p	2.10867245560328	2.68599019206471	2.02374781816429	0.561617185381939	0	0	0	0	63.8285494225394	9.30873729406363	0	0	0	20.8748949133415
